256 4194304 9857.84 9866.434 10523.408 204.067318116 217.655502282 217.845252915 12.7542073822 13.6034688926 13.6153283072
512 2097152 6638.547 6664.671 6706.275 320.220039888 322.219003459 323.486999188 20.013752493 20.1386877162 20.2179374493
768 1048576 4159.655 4167.908 4170.727 386.170740976 386.431930839 387.198634502 24.135671311 24.1519956774 24.1999146564
1024 1048576 4192.156 4202.099 4217.969 509.127413691 511.050227041 512.262341382 31.8204633557 31.9406391901 32.0163963364
1280 524288 2458.376 2469.358 2475.555 542.17227248 543.532885876 545.960943322 33.88576703 33.9708053672 34.1225589576
1536 524288 2567.467 2625.884 2640.845 609.885372296 613.360200222 627.315847098 38.1178357685 38.3350125139 39.2072404436
1792 524288 3083.979 3107.902 3120.646 602.134363206 604.603424432 609.293445902 37.6333977003 37.787714027 38.0808403689
2048 524288 3194.735 3234.531 3344.264 642.139390909 663.924274648 672.194610195 40.1337119318 41.4952671655 42.0121631372
2304 262144 1855.926 1923.52 1926.573 626.999107742 627.994277159 650.866226347 39.1874442339 39.2496423224 40.6791391467
2560 262144 1767.131 1804.917 1815.392 739.331934921 743.622715061 759.52336301 46.2082459326 46.4764196913 47.4702101882
2816 262144 2133.451 2175.623 2203.946 669.887106127 678.607924259 692.021990662 41.8679441329 42.4129952662 43.2513744164
3072 262144 2053.531 2117.918 2127.265 757.128395381 760.469827444 784.313816543 47.3205247113 47.5293642152 49.019613534
3328 262144 2396.097 2425.121 2518.471 692.813403053 719.481817196 728.19692358 43.3008376908 44.9676135747 45.5123077238
3584 262144 2326.372 2451.916 2472.409 760.007018256 766.359121601 807.716131384 47.500438641 47.8974451001 50.4822582115
3840 262144 2775.16 2822.668 2860.073 703.921165649 713.249280468 725.459404142 43.995072853 44.5780800292 45.3412127589
4096 262144 2689.768 2702.999 2735.677 784.991666779 794.481850715 798.389916156 49.0619791737 49.6551156697 49.8993697598
4352 131072 1510.946 1524.972 1563.977 729.454901191 748.11254764 755.057221105 45.5909313244 46.7570342275 47.1910763191
4608 131072 1507.551 1518.73 1522.433 793.44020525 795.374788145 801.272760922 49.5900128282 49.7109242591 50.0795475576
4864 131072 1666.451 1694.988 1755.807 726.200781749 752.258078523 765.140058724 45.3875488593 47.0161299077 47.8212536702
5120 131072 1637.221 1652.031 1690.023 794.17693132 812.440735071 819.789924512 49.6360582075 50.7775459419 51.236870282
5632 131072 1776.767 1798.913 1814.124 813.833568157 820.7150696 830.94463596 50.8645980098 51.29469185 51.9340397475
6144 131072 1962.101 1972.867 1975.107 815.455940362 816.38181185 820.861278803 50.9659962726 51.0238632407 51.3038299252
6656 131072 2044.942 2045.991 2116.006 824.586728015 852.804564634 853.242030336 51.5366705009 53.3002852896 53.327626896
7168 131072 2190.934 2222.737 2275.762 825.678692236 845.375855083 857.647100278 51.6049182647 52.8359909427 53.6029437674
7680 131072 2393.068 2415.767 2434.351 827.023679001 833.385802522 841.290728053 51.6889799376 52.0866126576 52.5806705033
8448 65536 1369.173 1384.182 1392.465 795.205808405 799.964351509 808.733634099 49.7003630253 49.9977719693 50.5458521312
9216 65536 1355.825 1369.206 1448.774 833.780528916 882.233609844 890.940609592 52.1112830573 55.1396006152 55.6837880995
9984 65536 1560.74 1562.412 1563.561 836.950299988 837.565794426 838.463067519 52.3093937493 52.3478621516 52.40394172
10752 65536 1611.325 1665.26 1671.206 843.274942766 846.285951743 874.613218314 52.7046839229 52.892871984 54.6633261446
11776 65536 1756.708 1822.304 1831.47 842.767761416 847.006795793 878.63428185 52.6729850885 52.937924737 54.9146426156
12800 65536 1897.367 1955.821 1957.887 856.904203358 857.809380306 884.23673438 53.5565127099 53.6130862691 55.2647958987
14080 65536 2180.006 2205.117 2225.898 829.100776406 836.914213622 846.554440676 51.8187985254 52.3071383514 52.9096525422
15360 65536 2315.652 2316.56 2351.427 856.188995023 869.075663915 869.416440812 53.5118121889 54.3172289947 54.3385275508
16896 32768 1244.413 1257.32 1258.157 880.093864279 880.679744218 889.814117982 55.0058665175 55.0424840136 55.6133823739
18432 32768 1363.269 1364.133 1408.632 857.540899255 885.514500419 886.075713597 53.5963062035 55.3446562762 55.3797320998
20224 32768 1507.147 1553.8 1582.29 837.64674238 853.005576007 879.409947404 52.3529213987 53.3128485005 54.9631217127
22016 32768 1800.634 1809.999 1827.635 789.457728704 797.149929917 801.295863568 49.341108044 49.8218706198 50.080991473
24064 32768 1790.882 1811.462 1814.835 868.981645163 870.599716693 880.604251983 54.3113528227 54.4124822933 55.0377657489
26368 32768 1981.922 1982.341 2019.867 855.528234285 871.723506702 871.907798591 53.4705146428 54.4827191689 54.494237412
28928 32768 2140.649 2197.407 2255.504 840.532939866 862.755697056 885.631137099 52.5333087416 53.922231066 55.3519460687
31744 32768 2300.707 2307.094 2401.271 866.364014724 901.729528142 904.232822345 54.1477509202 56.3580955089 56.5145513966
34816 16384 1255.435 1264.544 1266.992 900.440324801 902.183465344 908.729394991 56.2775203 56.386466584 56.7955871869
38144 16384 1386.36 1396.868 1453.677 859.821399114 894.789337289 901.571447532 53.7388374446 55.9243335806 56.3482154707
41728 16384 1615.835 1616.514 1620.485 843.786338041 845.859116593 846.214560274 52.7366461275 52.8661947871 52.8884100171
45824 16384 1750.889 1786.021 1831.1 820.032129321 840.729662193 857.5991008 51.2520080826 52.5456038871 53.5999438
50176 16384 1863.276 1878.617 1911.035 860.354293877 875.200835508 882.406668685 53.7721433673 54.7000522193 55.1504167928
55040 16384 2013.963 2016.424 2037.65 885.113105784 894.43029839 895.52326433 55.3195691115 55.9018936494 55.9702040206
60416 16384 2192.612 2232.399 2283.048 867.135289315 886.80898352 902.900963782 54.1959555822 55.42556147 56.4313102364
66304 8192 1222.104 1226.738 1261.592 861.074528057 885.539321355 888.897128231 53.8171580035 55.3462075847 55.5560705145
72704 8192 1332.888 1340.825 1345.183 885.516941561 888.395082132 893.685242871 55.3448088476 55.5246926333 55.8553276794
79872 8192 1465.683 1467.088 1494.231 875.783495323 891.986607484 892.841663579 54.7364684577 55.7491629677 55.8026039737
87808 8192 1597.31 1615.59 1624.109 885.806477275 890.477331501 900.668168358 55.3629048297 55.6548332188 56.2917605224
96512 8192 1771.01 1781.168 1801.93 877.532760984 887.761630571 892.853573949 54.8457975615 55.4851019107 55.8033483718
105984 8192 1924.419 1940.983 2001.809 867.436331838 894.619816866 902.320054001 54.2147707399 55.9137385541 56.395003375
116480 8192 2110.121 2189.886 2190.865 871.075269357 871.464688116 904.40705533 54.4422043348 54.4665430073 56.5254409581
128000 8192 2312.166 2383.373 2518.295 832.766613919 879.90927144 907.007541846 52.04791337 54.994329465 56.6879713654
140800 4096 1268.969 1327.39 1331.176 866.477160045 868.948538109 908.953331405 54.1548225028 54.3092836318 56.8095832128
154880 4096 1350.033 1395.753 1402.652 904.55577007 909.026855038 939.811812008 56.5347356294 56.8141784399 58.7382382505
170240 4096 1483.289 1535.128 1539.084 906.127332881 908.462408346 940.211974875 56.6329583051 56.7789005217 58.7632484297
187136 4096 1637.063 1685.645 1686.555 908.964197432 909.454904206 936.444175942 56.8102623395 56.8409315129 58.5277609964
205824 4096 1886.782 1923.76 1927.039 874.974615459 876.465987441 893.643361024 54.6859134662 54.7791242151 55.852710064
226304 4096 2014.557 2017.052 2115.557 876.309344537 919.10489566 920.243193913 54.7693340335 57.4440559787 57.5151996196
248832 4096 2198.403 2233.15 2235.944 911.664936152 912.805563442 927.232970479 56.9790585095 57.0503477151 57.9520606549
273664 2048 1204.612 1211.529 1227.585 913.116194805 925.217426904 930.530115921 57.0697621753 57.8260891815 58.1581322451
300800 2048 1341.06 1350.964 1353.008 910.620484136 911.998247178 918.733539141 56.9137802585 56.9998904486 57.4208461963
330752 2048 1481.047 1483.01 1484.637 912.519485908 913.520604716 914.731397451 57.0324678693 57.0950377948 57.1707123407
363776 2048 1619.918 1634.566 1638.392 909.444440647 911.573161316 919.816000563 56.8402775404 56.9733225823 57.4885000352
400128 2048 1792.039 1794.836 1841.063 890.205434578 913.133170942 914.558381821 55.6378396611 57.0708231838 57.1598988638
440064 2048 1969.368 1973.777 2047.844 880.195046107 913.224819217 915.269337168 55.0121903817 57.0765512011 57.204333573
483840 2048 2140.161 2148.487 2157.843 918.421145561 922.420587139 926.009136696 57.4013215975 57.6512866962 57.8755710435
532224 1024 1148.708 1193.064 1197.919 909.906890199 913.609623625 948.887578044 56.8691806374 57.1006014765 59.3054736278
585216 1024 1278.341 1314.715 1362.718 879.508723008 911.62142974 937.56076665 54.969295188 56.9763393587 58.5975479156
643584 1024 1467.786 1470.941 1497.512 880.166590986 896.065873478 897.991963406 55.0104119366 56.0041170924 56.1244977129
707840 1024 1603.977 1615.8 1632.362 888.072817181 897.175591038 903.788720162 55.5045510738 56.0734744399 56.4867950102
778496 1024 1785.888 1788.389 1798.856 886.318753697 891.506158895 892.754645308 55.394922106 55.7191349309 55.7971653318
856320 1024 1950.623 1970.882 2057.697 852.284549183 889.826666437 899.068328426 53.2677843239 55.6141666523 56.1917705266
941824 1024 2184.252 2215.443 2240.467 860.916742804 870.641019426 883.073725925 53.8072964253 54.4150637141 55.1921078703
1035776 1024 2405.109 2405.248 2500.062 848.486656731 881.933691661 881.984661818 53.0304160457 55.1208557288 55.1240413636
1139200 512 1322.166 1322.499 1324.859 880.501849631 882.073105537 882.295263983 55.0313656019 55.1295690961 55.143453999
1253120 512 1454.3 1456.856 1475.993 869.377347996 880.797333436 882.345375782 54.3360842497 55.0498333397 55.1465859864
1378304 512 1602.572 1629.352 1633.37 864.092824039 866.223686472 880.69883662 54.0058015024 54.1389804045 55.0436772888
1516032 512 1785.062 1809.7 1811.448 857.003219524 857.831004034 869.671063526 53.5627012202 53.6144377521 54.3544414704
1667584 512 1935.659 1955.19 1998.861 854.289525885 873.370882625 882.183285382 53.3930953678 54.5856801641 55.1364553364
1834240 512 2125.732 2210.001 2216.117 847.546298323 849.891814529 883.583518524 52.9716436452 53.118238408 55.2239699078
2017536 512 2300.89 2304.931 2375.369 869.741443961 896.320481611 897.894668585 54.3588402476 56.0200301007 56.1184167865
2219264 256 1274.344 1285.877 1343.573 845.702591523 883.648411162 891.645558813 52.8564119702 55.2280256976 55.7278474258
2440960 256 1403.427 1406.489 1413.507 884.163658192 888.575395897 890.514091577 55.260228637 55.5359622436 55.6571307236
2684928 256 1555.292 1598.596 1647.309 834.50229192 859.931549935 883.874626758 52.156393245 53.7457218709 55.2421641724
2953216 256 1714.455 1782.454 1858.546 813.564255068 848.29487437 881.940087083 50.8477659418 53.0184296481 55.1212554427
3248384 256 1844.67 1887.974 1963.55 847.02330371 880.929826364 901.609831569 52.9389564819 55.0581141478 56.350614473
3572992 256 2063.969 2072.961 2146.307 852.33468651 882.492195463 886.33690913 53.2709179069 55.1557622165 55.3960568206
3930112 256 2293.785 2312.492 2320.836 867.022634947 870.151050901 877.247581617 54.1889146842 54.3844406813 54.8279738511
4323072 128 1208.154 1254.67 1304.293 848.510596929 882.069733077 916.030929832 53.031912308 55.1293583173 57.2519331145
4755200 128 1379.093 1409.557 1434.962 848.336889757 863.626799058 882.704212116 53.0210556098 53.9766749411 55.1690132573
5230592 128 1491.662 1514.235 1572.753 851.393417784 884.29573481 897.677591841 53.2120886115 55.2684834256 56.10484949
5753600 128 1627.792 1630.807 1673.942 879.911968276 903.185723387 904.858606014 54.9944980173 56.4491077117 56.5536628758
6328832 128 1808.82 1836.914 1875.842 863.708666295 882.012436075 895.711564445 53.9817916434 55.1257772547 55.9819727778
6961664 128 2001.52 2050.742 2106.942 845.863808306 869.044464881 890.416275631 52.8664880191 54.3152790551 55.6510172269
7657728 128 2221.176 2271.179 2279.086 860.159892167 863.15449729 882.585786989 53.7599932605 53.9471560806 55.1616116868
8423424 64 1175.222 1255.554 1272.476 847.323070926 858.743050478 917.44221262 52.9576919329 53.6714406549 57.3401382888
9265664 64 1323.225 1328.935 1342.533 883.408446571 892.44770587 896.298809348 55.2130279107 55.7779816169 56.0186755843
10192128 64 1461.056 1462.211 1539.273 847.538015674 892.205286378 892.910596172 52.9711259796 55.7628303986 55.8069122607
11211264 64 1617.155 1631.154 1722.906 832.919376913 879.770881229 887.386671036 52.0574610571 54.9856800768 55.4616669398
12332288 64 1798.894 1861.249 1893.561 833.631905178 848.104076349 877.501878376 52.1019940736 53.0065047718 54.8438673985
13565440 64 2042.892 2046.843 2113.967 821.382888191 848.31925067 849.959919565 51.3364305119 53.0199531669 53.1224949728
14921984 64 2207.463 2231.24 2248.023 849.641641567 856.032498521 865.252985894 53.1026025979 53.5020311576 54.0783116184
16413952 64 2475.929 2480.969 2575.404 815.788845556 846.840833561 848.564662395 50.9868028472 52.9275520976 53.0352913997
18055168 32 1408.472 1409.861 1485.682 777.777984791 819.606154082 820.414429254 48.6111240494 51.2253846301 51.2759018284
19860480 32 1561.138 1568.482 1687.18 753.369954599 810.382726738 814.194978279 47.0856221624 50.6489204211 50.8871861424
21846528 32 1770.085 1800.186 1883.977 742.141646103 776.685182531 789.893023216 46.3838528814 48.5428239082 49.368313951
24030976 32 1997.815 2032.57 2046.355 751.571679401 756.668879301 769.832273759 46.9732299625 47.2918049563 48.1145171099
26434048 32 2203.274 2204.04 2379.269 711.049936766 767.580929566 767.847790152 44.4406210479 47.9738080979 47.9904868845
29077248 32 2524.452 2553.134 2560.058 726.914730838 728.886095285 737.167461295 45.4321706774 45.5553809553 46.0729663309
31984896 32 2721.42 2747.583 2893.572 707.441647901 745.0305756 752.193099191 44.2151029938 46.564410975 47.0120686994
35183360 16 1587.124 1588.43 1625.785 692.50701661 708.7926569 709.375902576 43.2816885382 44.2995410563 44.335993911
38701568 16 1794.896 1795.634 1828.048 677.471366179 689.700783122 689.984364554 42.3419603862 43.1062989451 43.1240227846
42571520 16 2097.846 2135.586 2192.036 621.471837141 637.899218294 649.374949353 38.8419898213 39.8687011434 40.5859343346
46828544 16 3310.01 3613.821 3660.109 409.417699855 414.661768804 452.721716249 25.588606241 25.9163605502 28.2951072655
51511296 16 5717.899 6085.14 6111.9 269.697061797 270.883081079 288.280970335 16.8560663623 16.9301925675 18.017560646
56662272 16 8104.511 9349.473 9395.447 192.986316032 193.935284267 223.726354866 12.061644752 12.1209552667 13.9828971791
62328320 16 11571.934 13005.768 13073.76 152.557966492 153.355514261 172.357208397 9.53487290573 9.58471964132 10.7723255248
68561152 8 9217.483 10059.176 10071.406 108.920088417 109.052514043 119.010627088 6.80750552604 6.81578212768 7.43816419298
75417088 8 11566.816 11895.936 12387.543 97.4102296153 101.435768316 104.322002529 6.08813935096 6.33973551976 6.52012515804
82958592 8 14005.876 14067.503 14963.648 88.7041363176 94.3548739247 94.7700430876 5.54400851985 5.89717962029 5.92312769298
91254272 8 16885.065 16932.018 18160.89 80.3962995206 86.2312071721 86.4709938635 5.02476872004 5.38945044826 5.40443711647
100379648 8 19866.789 19906.519 21005.6 76.4593426515 80.6808246083 80.8421717269 4.77870891572 5.04255153802 5.05263573293
110417408 8 22971.543 23047.486 24069.023 73.4005085292 76.6538497084 76.9072642617 4.58753178307 4.79086560677 4.80670401636
121458944 8 26239.275 26333.999 27448.366 70.7999559609 73.7959739423 74.0623780192 4.42499724756 4.61224837139 4.6288986262
133604608 8 29805.035 29841.728 30988.464 68.9828875675 71.6337112918 71.7218996052 4.31143047297 4.47710695574 4.48261872533
146964992 4 19739.162 20553.411 20938.578 56.1508969711 57.2031540653 59.5628089987 3.5094310607 3.57519712908 3.72267556242
161661440 4 22091.008 22124.422 22902.536 56.4693586771 58.4553811168 58.5437984541 3.52933491732 3.6534613198 3.65898740338
177827584 4 24747.476 24756.872 25666.643 55.4268305364 57.4636679464 57.4854854693 3.46417690853 3.59147924665 3.59284284183
195610112 4 27259.803 27698.781 28468.148 54.9695363394 56.4963814112 57.4061703968 3.43559602121 3.5310238382 3.5878856498
215171072 4 30523.345 30964.019 31847.912 54.0496524859 55.5925435907 56.3951485658 3.37810328037 3.47453397442 3.52469678536
236688128 4 34254.163 34731.781 35917.708 52.7178689687 54.5179362959 55.2780993072 3.29486681054 3.40737101849 3.4548812067
260356864 4 38439.239 39577.353 39698.943 52.4662561419 52.6274435787 54.1856437897 3.27914100887 3.28921522367 3.38660273685
286392320 2 28898.355 29591.521 30011.433 38.1710956621 38.7127542379 39.6413318336 2.38569347888 2.41954713987 2.4775832396
315031552 2 32255.497 33710.311 33805.625 37.2756370574 37.3810318155 39.0670219095 2.32972731609 2.33631448847 2.44168886934
346534656 2 36118.357 36574.009 38237.705 36.2505705821 37.8995538608 38.3776765925 2.26566066138 2.3687221163 2.39860478703
381188096 2 40396.538 42363.031 43234.136 35.2673263553 35.9925233867 37.7446300968 2.2042078972 2.24953271167 2.35903938105
419306752 2 45082.892 45772.489 48274.871 34.743272706 36.6426874449 37.2031813753 2.17145454413 2.2901679653 2.32519883596
461237248 2 49950.553 50784.145 53935.86 34.2063516184 36.3292321255 36.9355068401 2.13789697615 2.27057700784 2.30846917751
507360768 2 55729.648 56398.839 59887.3 33.8877036033 35.9837739213 36.4158602258 2.1179814752 2.24898587008 2.27599126411
558096640 1 31241.687 31588.661 32841.164 33.9876284531 35.3352514689 35.7276890969 2.12422677832 2.2084532168 2.23298056856
613906176 1 34617.004 35123.432 36515.504 33.6244120306 34.9570723043 35.4684753192 2.10152575191 2.18481701902 2.21677970745
675296768 1 40521.157 44982.665 54280.077 24.8819384689 30.0247558921 33.3305768145 1.5551211543 1.87654724325 2.0831610509
742826240 1 45261.862 75124.649 78536.164 18.916794561 19.7758325633 32.823494535 1.18229966006 1.23598953521 2.05146840844
817108736 1 44150.536 44217.269 50541.551 32.3341377474 36.9588061171 37.0146689046 2.02088360921 2.30992538232 2.31341680654
898819584 1 48882.509 49018.806 56918.812 31.5825138445 36.6724389003 36.7746910863 1.97390711528 2.29202743127 2.2984181929
988701440 1 54553.348 56959.197 117722.283 16.797184268 34.716129864 36.2471406888 1.04982401675 2.1697581165 2.26544629305

META_DATA
ERT_VERSION  1.1.0
CONFIG  {'ERT_WORKING_SET_MIN': ['1'], 'ERT_CFLAGS': ['-O3'], 'ERT_CC': ['gcc'], 'ERT_OPENMP_LDFLAGS': ['-fopenmp'], 'ERT_MEMORY_MAX': ['1073741824'], 'ERT_LDFLAGS': [], 'ERT_LDLIBS': [], 'ERT_SPEC_GBYTES_DRAM': ['300'], 'ERT_RUN': ['export', 'KMP_AFFINITY=scatter;', 'export', 'OMP_NUM_THREADS=ERT_OPENMP_THREADS;', 'ERT_CODE'], 'ERT_FLOPS': ['1,2,4,8,16'], 'ERT_OPENMP_CFLAGS': ['-fopenmp'], 'ERT_SPEC_GFLOPS': ['1000'], 'ERT_MPI': [False], 'ERT_TRIALS_MIN': ['1'], 'ERT_DRIVER': ['driver1'], 'ERT_RESULTS': ['Results.madonna.lbl.gov.02'], 'ERT_OPENMP': ['True'], 'ERT_OPENMP_THREADS': ['1,2,4,8,16,32,48,64,80,96,112,128,144,160'], 'ERT_KERNEL': ['kernel1'], 'ERT_GPU': [False], 'ERT_LD': ['gcc'], 'ERT_NUM_EXPERIMENTS': ['3'], 'ERT_ALIGN': ['32'], 'ERT_GNUPLOT': ['gnuplot']}
TIMESTAMP_DATA  1634099588.65
UNAME  ('Linux', 'pmemMachine0', '5.9.13-derrick-pmo', '#120 SMP Tue Sep 28 02:02:07 EDT 2021', 'x86_64', 'x86_64')
FLOPS          1
OPENMP_THREADS 32
TIMESTAMP_DATA  1634099590.88
TIMESTAMP_DATA  1634099593.09
HOSTNAME  ('pmemMachine0', ['pmemMachine0.local'], ['fe80::f035:4ef3:770d:269e'])
