768 1048576 5333.645 6700.155 7099.36 226.867314237 240.384399465 301.972241497 14.1792071398 15.0240249666 18.8732650936
1536 524288 4690.11 5165.962 5456.049 295.197630373 311.774019244 343.406175122 18.4498518983 19.4858762027 21.4628859451
2304 262144 3634.665 3970.708 4397.487 274.693149064 304.217674027 332.344123048 17.1683218165 19.0136046267 20.7715076905
3072 262144 4215.16 4729.684 4929.306 326.742291105 340.532842363 382.100023724 20.4213931941 21.2833026477 23.8812514827
3840 262144 3283.527 5392.6 5493.845 366.45844941 373.338634425 613.141271566 22.9036530881 23.3336646516 38.3213294729
4608 131072 2126.678 2945.511 3391.07 356.217816795 410.101864159 568.003031959 22.2636135497 25.6313665099 35.5001894974
5376 131072 4218.681 4263.073 4424.38 318.527374231 330.579876066 334.058475623 19.9079608894 20.6612422541 20.8786547264
6144 131072 3653.733 4225.759 4478.582 359.625599353 381.14164485 440.812926396 22.4765999595 23.8213528031 27.5508078998
6912 131072 4871.844 5661.7 6112.028 296.454683781 320.034499885 371.920637853 18.5284177363 20.0021562428 23.2450398658
7680 131072 3290.112 6114.29 6140.485 327.867573978 329.272232753 611.914098973 20.4917233736 20.5795145471 38.2446311858
8448 65536 3813.466 3845.786 3881.974 285.240513203 287.924563665 290.364790456 17.8275320752 17.9952852291 18.1477994035
9216 65536 3510.929 3599.48 3739.236 323.04982943 335.592794515 344.056958144 20.1906143394 20.9745496572 21.503559884
9984 65536 4280.393 4445.301 4446.871 294.279471566 294.383405758 305.724929463 18.3924669728 18.3989628599 19.1078080915
10752 65536 2543.911 3336.564 4187.45 336.549963343 422.37647592 553.984059977 21.0343727089 26.398529745 34.6240037486
11520 65536 1571.048 3722.133 3781.279 399.322409164 405.667782425 961.109679653 24.9576505727 25.3542364015 60.0693549783
12288 65536 3711.433 4094.007 4677.03 344.36656083 393.40742114 433.959803666 21.5229100519 24.5879638213 27.1224877291
13056 65536 3194.178 5182.056 5213.939 328.211747778 330.23109592 535.748487404 20.5132342362 20.639443495 33.4842804628
13824 65536 4068.587 4998.167 5038.304 359.632790717 362.520765713 445.348551721 22.4770494198 22.657547857 27.8342844825
14592 65536 4458.347 4510.37 5710.516 334.926410153 424.04561577 428.993666038 20.9329006345 26.5028509856 26.8121041274
15360 65536 5520.168 5520.96 5649.458 356.364437084 364.658668058 364.710987057 22.2727773178 22.7911667536 22.7944366911
16896 32768 2540.869 3067.291 3233.976 342.394704228 361.001370917 435.794311316 21.3996690142 22.5625856823 27.2371444573
18432 32768 1971.251 3047.575 3512.778 343.875858936 396.367456748 612.788301439 21.4922411835 24.7729660468 38.2992688399
19968 32768 3016.559 3777.064 3849.066 339.984517803 346.46562727 433.813112225 21.2490323627 21.6541017044 27.1133195141
21504 32768 3292.456 3978.585 4036.984 349.09381459 354.217930244 428.034921044 21.8183634119 22.1386206403 26.7521825652
23040 32768 1402.704 4233.183 4269.872 353.628736412 356.693636916 1076.45621599 22.1017960257 22.2933523072 67.2785134996
25344 32768 4686.16 4723.384 4903.594 338.719801028 351.642886541 354.436123393 21.1699875642 21.9776804088 22.1522577121
27648 32768 3798.465 4631.162 4926.459 367.797504861 391.249394428 477.018829448 22.9873440538 24.4530871518 29.8136768405
29952 32768 2985.68 5373.004 5453.375 359.948522154 365.332739749 657.449650331 22.4967826346 22.8332962343 41.0906031457
32256 32768 3241.671 5587.906 5716.847 369.771871803 378.304362314 652.110968695 23.1107419877 23.6440226446 40.7569355434
35328 16384 2894.315 3384.114 3384.8 342.007771212 342.07710024 399.966107352 21.3754857008 21.379818765 24.9978817095
38400 16384 2258.063 3245.56 4493.612 280.017767444 387.696175698 557.243619864 17.5011104653 24.2310109812 34.8277262415
42240 16384 2574.1 3782.197 3906.202 354.33915604 365.956696597 537.710391982 22.1461972525 22.8722935373 33.6068994989
46080 16384 3121.683 4121.005 4277.054 353.034925442 366.403205043 483.697236395 22.0646828401 22.9002003152 30.2310772747
50688 16384 2438.507 4413.18 4451.891 373.087387809 376.359990755 681.131685905 23.3179617381 23.5224994222 42.570730369
55296 16384 2734.571 4686.244 4813.345 376.440776217 386.650658395 662.604601599 23.5275485136 24.1656661497 41.4127876
60672 16384 4154.212 5312.82 5316.893 373.921404098 374.208065773 478.574539768 23.3700877561 23.3880041108 29.9109087355
66048 8192 2010.647 3112.831 3442.278 314.364624821 347.635458526 538.200107727 19.6477890513 21.7272161579 33.6375067329
72192 8192 3346.225 3437.896 3492.778 338.639824232 344.045814068 353.47106904 21.1649890145 21.5028633792 22.091941815
79104 8192 2798.096 3245.512 3571.92 362.841255123 399.332966879 463.186372448 22.6775784452 24.9583104299 28.949148278
86784 8192 3030.709 3684.757 3850.269 369.290835523 385.8786498 469.153935927 23.0806772202 24.1174156125 29.3221209955
95232 8192 3294.411 3317.86 4310.875 361.940693711 470.26730724 473.614581787 22.6212933569 29.3917067025 29.6009113617
104448 8192 4414.936 4516.369 4561.167 375.183814142 378.905273683 387.610609078 23.4489883839 23.6815796052 24.2256630674
114432 8192 2747.458 3826.923 4899.043 382.697985709 489.911578571 682.395832075 23.9186241068 30.6194736607 42.6497395047
125184 8192 3033.795 5329.0 5562.098 368.748385232 384.877961344 676.055783598 23.046774077 24.054872584 42.2534864749
137472 4096 3238.019 3347.447 3357.806 335.388829492 336.426722813 347.796175378 20.9618018432 21.0266701758 21.7372609611
150528 4096 3407.16 3614.878 4475.232 275.54445803 341.125032712 361.92176945 17.2215286269 21.3203145445 22.6201105906
165120 4096 2309.62 3662.883 3689.876 366.587668529 369.289174675 585.664758705 22.911729283 23.0805734172 36.6040474191
181248 4096 4015.88 4129.864 4172.674 355.835039114 359.523610463 369.728083508 22.2396899446 22.4702256539 23.1080052193
198912 4096 3495.114 4274.67 4358.934 373.826973292 381.195999691 466.218585145 23.3641858308 23.8247499807 29.1386615716
218112 4096 4416.974 4752.735 4761.485 375.255514614 375.946376981 404.524342683 23.4534696634 23.4966485613 25.2827714177
239616 4096 2637.616 5041.033 5116.994 383.61082151 389.391275955 744.207751242 23.9756763444 24.3369547472 46.5129844526
263424 2048 2878.199 2881.647 3019.819 357.301117716 374.433337602 374.88189802 22.3313198572 23.4020836001 23.4301186263
289536 2048 1877.581 3425.059 3427.295 346.027831278 346.25373052 631.631581274 21.6267394549 21.6408581575 39.4769738296
317952 2048 3408.181 3459.374 3632.924 358.480219239 376.464467849 382.119198482 22.4050137025 23.5290292406 23.8824499051
349440 2048 1960.548 3960.638 4019.407 356.098857369 361.382746921 730.054168528 22.2561785855 22.5864216826 45.628385533
384000 2048 3989.293 4205.393 4230.317 371.807597398 374.011180406 394.271365879 23.2379748373 23.3756987754 24.6419603674
422400 2048 2509.108 4644.243 4752.51 364.049817886 372.536579158 689.547998731 22.7531136179 23.2835361974 43.0967499207
464640 2048 3796.269 4933.176 4947.212 384.694539066 385.789081922 501.325232748 24.0434086916 24.1118176201 31.3328270468
510720 2048 5290.602 5360.527 5430.692 385.201208244 390.24318318 395.400961932 24.0750755152 24.3901989487 24.7125601208
561408 1024 2947.278 3087.291 3312.34 347.115206772 372.418273496 390.110326885 21.6947004233 23.2761420935 24.3818954303
617472 1024 2662.945 3305.124 3557.138 355.505649767 382.612772168 474.881252148 22.2191031104 23.9132982605 29.6800782592
678912 1024 2112.007 3851.214 3874.329 358.878085986 361.032073523 658.336727104 22.4298803741 22.5645045952 41.146045444
746496 1024 3821.394 3924.983 3935.803 388.440124671 389.5109375 400.069662537 24.2775077919 24.3444335937 25.0043539085
820992 1024 3464.669 4365.094 4475.338 375.701593042 385.190242409 485.296464395 23.4813495651 24.0743901506 30.3310290247
902400 1024 3921.232 4730.236 4887.641 378.120078786 390.702535772 471.309833236 23.6325049242 24.4189084857 29.4568645773
992256 1024 2879.473 5210.716 5349.716 379.859470671 389.992524636 705.733406078 23.7412169169 24.3745327897 44.1083378799
1091328 512 3025.548 3052.228 3094.46 361.135665673 366.132501242 369.361144493 22.5709791046 22.8832813276 23.0850715308
1200384 512 3201.74 3362.69 3425.469 358.839392796 365.538665771 383.914126694 22.4274620497 22.8461666107 23.9946329184
1320192 512 2214.594 3283.825 3670.335 368.325127815 411.6774213 610.43993075 23.0203204885 25.7298388312 38.1524956719
1451520 512 2275.671 3773.767 3797.46 391.408067498 393.865461222 653.150864075 24.4630042186 24.6165913264 40.8219290047
1596672 512 3257.352 3506.056 4082.58 400.480119924 466.333717431 501.939037599 25.0300074953 29.1458573394 31.3711898499
1755648 512 3886.906 4455.858 4674.698 384.577474737 403.465180443 462.523032973 24.0360921711 25.2165737777 28.9076895608
1930752 512 5070.324 5091.022 5113.582 386.63505308 388.348360702 389.933670511 24.1646908175 24.2717725439 24.3708544069
2123520 256 1909.647 2486.322 3067.148 354.479875115 437.289393731 569.341998809 22.1549921947 27.3305871082 35.5838749256
2335488 256 1997.956 2395.726 3010.858 397.152524629 499.126300754 598.496591517 24.8220327893 31.1953937971 37.4060369698
2568960 256 3157.076 3746.656 3819.962 344.324765534 351.061725443 416.622064214 21.5202978459 21.9413578402 26.0388790134
2825472 256 1726.704 3741.627 3798.256 380.869974009 386.634387661 837.805242821 23.8043733756 24.1646492288 52.3628276763
3107328 256 3457.269 4056.604 4081.556 389.790544586 392.188129776 460.175918044 24.3619090367 24.511758111 28.7609948777
3417600 256 1677.247 3548.513 4406.747 397.075484479 493.11111443 1043.26387229 24.8172177799 30.8194446519 65.2039920179
3759360 256 3698.724 4861.127 4892.645 393.40526852 395.955983047 520.393606011 24.5878292825 24.7472489404 32.5246003757
4134912 256 2934.774 4374.043 5448.264 388.577892701 484.008717793 721.375800658 24.2861182938 30.250544862 45.0859875411
4548096 128 2746.27 3007.404 3117.979 373.418992238 387.148708986 423.961437149 23.3386870149 24.1967943116 26.4975898218
5002752 128 3236.035 3357.66 3378.102 379.119550564 381.427694287 395.763492051 23.6949719103 23.8392308929 24.7352182532
5502720 128 3705.669 3748.338 3767.12 373.945167661 375.818914943 380.146289374 23.3715729788 23.4886821839 23.7591430859
6052608 128 3277.903 3843.286 4057.62 381.866130392 403.162202345 472.700884681 23.8666331495 25.1976376465 29.5438052926
6657792 128 3546.275 4214.024 4442.822 383.628862916 404.45777053 480.615505566 23.9768039323 25.2786106581 30.0384690979
7322880 128 4734.74 4894.044 4894.172 383.038699907 383.048717993 395.936689237 23.9399187442 23.9405448745 24.7460430773
8054784 128 5091.421 5184.516 5277.419 390.725978741 397.727522492 404.999842677 24.4203736713 24.8579701557 25.3124901673
8859648 64 2897.99 2998.969 3003.136 377.616912454 378.141602664 391.3177561 23.6010570284 23.6338501665 24.4573597562
9745152 64 3150.426 3222.9 3329.5 374.64467818 387.036351112 395.939931933 23.4152923862 24.1897719445 24.7462457458
10718976 64 3084.938 3240.586 3587.104 382.489308367 423.389142581 444.750892238 23.9055817729 26.4618214113 27.7969307649
11790336 64 2413.969 3920.799 3979.14 379.268637947 384.912107966 625.179117047 23.7042898717 24.0570067479 39.0736948155
12969216 64 4220.562 4238.241 4460.496 372.169294177 391.685996148 393.326682086 23.2605808861 24.4803747592 24.5829176304
14265600 64 4540.159 4710.245 4722.404 386.666790897 387.66493038 402.187852892 24.1666744311 24.2290581488 25.1367408058
15691776 64 4041.303 5111.824 5174.095 388.192974424 392.921847075 497.004883821 24.2620609015 24.5576154422 31.0628052388
17260800 32 2877.916 2960.924 2990.934 369.34656532 373.090021899 383.851092249 23.0841603325 23.3181263687 23.9906932655
18986496 32 1733.016 3103.063 3107.105 391.082935401 391.592353749 701.168220028 24.4426834626 24.4745221093 43.8230137517
20884992 32 3306.604 3317.612 3473.552 384.80480154 402.892046448 404.233312486 24.0503000963 25.180752903 25.2645820304
22973184 32 3530.118 3795.027 3940.548 373.116575664 387.423798566 416.497062138 23.319785979 24.2139874104 26.0310663836
25270272 32 1578.73 3336.725 3408.1 474.545174144 484.696044175 1024.42938818 29.659073384 30.2935027609 64.0268367612
27796992 32 3533.991 4414.624 4482.323 396.8940855 402.980522917 503.398986585 24.8058803437 25.1862826823 31.4624366616
30576384 32 4875.865 4963.054 5191.668 376.92868188 394.291211822 401.341828783 23.5580426175 24.6432007389 25.083864299
33633792 16 2380.268 2523.364 2652.509 405.759733143 426.526392546 452.168135689 25.3599833215 26.6578995341 28.2605084806
36996864 16 2480.979 2927.847 2975.02 397.94678624 404.358440861 477.190515518 24.87167414 25.2724025538 29.8244072199
40696320 16 3172.087 3180.326 3282.74 396.705873752 409.480738767 410.54430096 24.7941171095 25.5925461729 25.65901881
44765952 16 2741.616 3590.934 3714.229 385.681783218 398.924197437 522.505873908 24.1051114511 24.9327623398 32.6566171192
49241856 16 1511.479 3110.531 4086.638 385.583306376 506.582121188 1042.51490891 24.0989566485 31.6613825742 65.1571818067
54165504 16 2501.58 4080.884 4386.41 395.151417218 424.735456337 692.880550692 24.6969635761 26.5459660211 43.3050344182
59581440 16 2666.733 4823.115 4983.712 382.567467783 395.305954762 714.959495383 23.9104667364 24.7066221726 44.6849684614
65539584 16 2638.709 4092.921 5253.727 399.195978017 512.413185595 794.807873092 24.9497486261 32.0258240997 49.6754920683
72092928 8 1633.28 3050.784 3265.376 353.247787697 378.095220114 706.239498433 22.0779867311 23.6309512571 44.139968652
79302144 8 2222.843 2846.29 3775.179 336.099110532 445.785321945 570.815979356 21.0061944083 27.8615826216 35.6759987098
87231744 8 2717.598 3423.48 3658.484 381.498977172 407.686887027 513.581443613 23.8436860732 25.4804304392 32.0988402258
95954688 8 6435.71 6470.91 7854.5 195.464384493 237.257975772 238.555653999 12.2165240308 14.8286234857 14.909728375
105550080 8 4658.29 4879.256 9901.563 170.559060221 346.118604968 362.536742023 10.6599412638 21.6324128105 22.6585463765
116104704 8 13418.561 15402.275 15658.632 118.635859378 120.610446444 138.440721326 7.41474121111 7.53815290274 8.65254508289
127714560 8 18097.974 19838.15 20561.454 99.3817343851 103.005217724 112.909486996 6.21135839907 6.43782610778 7.05684293723
140485632 4 14983.922 16493.9 16545.664 67.9262588676 68.1394367615 75.0060669029 4.24539117922 4.25871479759 4.68787918143
154533888 4 18717.852 20382.995 20605.704 59.996547752 60.6520829741 66.0477016273 3.7497842345 3.79075518588 4.12798135171
169986816 4 21920.351 23567.857 28214.239 48.1988732002 57.7012380888 62.0379905413 3.01242957501 3.60632738055 3.87737440883
186984960 4 14727.192 17842.89 27620.007 54.1592795396 83.8361767628 101.572633806 3.38495497123 5.23976104768 6.34828961285
205683456 4 30496.234 34340.434 35869.043 45.8743113944 47.9163323329 53.956421242 2.86714446215 2.99477077081 3.37227632763
226251264 4 33629.281 38881.887 39815.144 45.4603432302 46.5514986966 53.8224445536 2.84127145189 2.90946866853 3.3639027846
248875776 4 32386.113 40936.309 43054.094 46.2442946308 48.6366811429 61.4771586822 2.89026841443 3.03979257143 3.84232241764
273762816 2 21795.475 31334.488 31499.718 34.7638434096 34.9471567558 50.2421380585 2.1727402131 2.18419729724 3.14013362865
301138944 2 22843.448 34045.604 38855.658 31.0007818166 35.3806551941 52.7309089241 1.93754886354 2.21129094963 3.29568180776
331252224 2 26838.157 27697.843 29032.59 45.6386735045 47.8379813186 49.3703385072 2.85241709403 2.98987383241 3.0856461567
364376832 2 43161.767 43838.87 46439.62 31.3849968626 33.2469182714 33.7684814433 1.96156230391 2.07793239196 2.11053009021
400813824 2 38148.197 46843.16 47147.965 34.0047613084 34.2260277915 42.0270267557 2.12529758177 2.13912673697 2.62668917223
440894976 2 50909.734 51935.806 56429.145 31.2529970816 33.9569179691 34.6413105203 1.9533123176 2.12230737307 2.16508190752
484984320 2 43739.478 49324.527 54663.109 35.488967157 39.3300736569 44.3520903473 2.21806044731 2.45812960355 2.77200564671
533482752 2 57711.76 61791.444 63037.641 33.85169518 34.5344091328 36.975670262 2.11573094875 2.1584005708 2.31097939138
586830336 1 24976.221 31673.474 32623.003 35.9764756175 37.055002934 46.9911229565 2.2485297261 2.31593768338 2.93694518478
645513216 1 34964.982 36065.804 36943.944 34.9455497226 35.7964134669 36.9234118868 2.18409685766 2.23727584168 2.30771324292
710064384 1 34719.3 39502.57 42672.75 33.279523068 35.9502879939 40.9031509276 2.07997019175 2.24689299962 2.55644693297
781070592 1 29379.835 34541.127 42979.013 36.346604423 45.2255418302 53.1705227072 2.27166277643 2.82659636439 3.3231576692
859176960 1 33389.8 34360.449 46835.121 36.6894305664 50.0096468472 51.4634385351 2.2930894104 3.12560292795 3.21646490845
945094656 1 39038.623 50702.169 52598.367 35.936273687 37.2802455848 48.4184422181 2.24601710544 2.33001534905 3.02615263863
1039603968 1 44142.037 49246.64 59072.6 35.1975016505 42.2203004306 47.102673037 2.19984385316 2.63876877692 2.94391706482

META_DATA
ERT_VERSION  1.1.0
CONFIG  {'ERT_WORKING_SET_MIN': ['1'], 'ERT_CFLAGS': ['-O3'], 'ERT_CC': ['gcc'], 'ERT_OPENMP_LDFLAGS': ['-fopenmp'], 'ERT_MEMORY_MAX': ['1073741824'], 'ERT_LDFLAGS': [], 'ERT_LDLIBS': [], 'ERT_SPEC_GBYTES_DRAM': ['300'], 'ERT_RUN': ['export', 'KMP_AFFINITY=scatter;', 'export', 'OMP_NUM_THREADS=ERT_OPENMP_THREADS;', 'ERT_CODE'], 'ERT_FLOPS': ['1,2,4,8,16'], 'ERT_OPENMP_CFLAGS': ['-fopenmp'], 'ERT_SPEC_GFLOPS': ['1000'], 'ERT_MPI': [False], 'ERT_TRIALS_MIN': ['1'], 'ERT_DRIVER': ['driver1'], 'ERT_RESULTS': ['Results.madonna.lbl.gov.02'], 'ERT_OPENMP': ['True'], 'ERT_OPENMP_THREADS': ['1,2,4,8,16,32,48,64,80,96,112,128,144,160'], 'ERT_KERNEL': ['kernel1'], 'ERT_GPU': [False], 'ERT_LD': ['gcc'], 'ERT_NUM_EXPERIMENTS': ['3'], 'ERT_ALIGN': ['32'], 'ERT_GNUPLOT': ['gnuplot']}
UNAME  ('Linux', 'pmemMachine0', '5.9.13-derrick-pmo', '#120 SMP Tue Sep 28 02:02:07 EDT 2021', 'x86_64', 'x86_64')
TIMESTAMP_DATA  1634099614.11
FLOPS          1
OPENMP_THREADS 96
TIMESTAMP_DATA  1634099607.38
HOSTNAME  ('pmemMachine0', ['pmemMachine0.local'], ['fe80::f035:4ef3:770d:269e'])
TIMESTAMP_DATA  1634099610.81
