         768            1         143.659         1536           96
         768            2         133.832         3072          192
         768            4           2.224         6144          384
         768            8         131.772        12288          768
         768           16         128.010        24576         1536
         768           32         132.954        49152         3072
         768           64         132.164        98304         6144
         768          128         128.495       196608        12288
         768          256         170.902       393216        24576
         768          512         127.497       786432        49152
         768         1024         138.785      1572864        98304
         768         2048         134.583      3145728       196608
         768         4096         154.312      6291456       393216
         768         8192         184.662     12582912       786432
         768        16384         226.576     25165824      1572864
         768        32768         366.315     50331648      3145728
         768        65536         955.209    100663296      6291456
         768       131072        1451.377    201326592     12582912
         768       262144        2244.338    402653184     25165824
         768       524288        4287.564    805306368     50331648
         768      1048576        7099.360   1610612736    100663296
        1536            1         206.685         3072          192
        1536            2         187.074         6144          384
        1536            4         233.472        12288          768
        1536            8         227.430        24576         1536
        1536           16         255.598        49152         3072
        1536           32         205.719        98304         6144
        1536           64         202.671       196608        12288
        1536          128         187.318       393216        24576
        1536          256         215.703       786432        49152
        1536          512         216.426      1572864        98304
        1536         1024         207.690      3145728       196608
        1536         2048         256.316      6291456       393216
        1536         4096         276.870     12582912       786432
        1536         8192         400.715     25165824      1572864
        1536        16384         295.200     50331648      3145728
        1536        32768         637.413    100663296      6291456
        1536        65536        1223.117    201326592     12582912
        1536       131072        2492.560    402653184     25165824
        1536       262144        3257.100    805306368     50331648
        1536       524288        4690.110   1610612736    100663296
        2304            1         239.225         4608          288
        2304            2         313.548         9216          576
        2304            4         221.135        18432         1152
        2304            8         246.160        36864         2304
        2304           16         203.754        73728         4608
        2304           32         216.966       147456         9216
        2304           64         233.700       294912        18432
        2304          128         230.024       589824        36864
        2304          256         277.181      1179648        73728
        2304          512         293.880      2359296       147456
        2304         1024         231.783      4718592       294912
        2304         2048         246.498      9437184       589824
        2304         4096         217.453     18874368      1179648
        2304         8192         294.513     37748736      2359296
        2304        16384         370.297     75497472      4718592
        2304        32768         641.646    150994944      9437184
        2304        65536        1412.545    301989888     18874368
        2304       131072        2183.943    603979776     37748736
        2304       262144        4397.487   1207959552     75497472
        3072            1         233.154         6144          384
        3072            2         256.217        12288          768
        3072            4         330.811        24576         1536
        3072            8         268.927        49152         3072
        3072           16         238.069        98304         6144
        3072           32         290.150       196608        12288
        3072           64         286.055       393216        24576
        3072          128         267.539       786432        49152
        3072          256         229.525      1572864        98304
        3072          512         195.097      3145728       196608
        3072         1024         267.093      6291456       393216
        3072         2048         260.424     12582912       786432
        3072         4096         263.893     25165824      1572864
        3072         8192         328.733     50331648      3145728
        3072        16384         385.434    100663296      6291456
        3072        32768         534.986    201326592     12582912
        3072        65536        1585.064    402653184     25165824
        3072       131072        2585.562    805306368     50331648
        3072       262144        4729.684   1610612736    100663296
        3840            1         285.138         7680          480
        3840            2         332.170        15360          960
        3840            4         312.036        30720         1920
        3840            8         276.135        61440         3840
        3840           16           5.415       122880         7680
        3840           32         263.608       245760        15360
        3840           64         219.842       491520        30720
        3840          128         259.270       983040        61440
        3840          256         261.642      1966080       122880
        3840          512         361.942      3932160       245760
        3840         1024         279.024      7864320       491520
        3840         2048         320.660     15728640       983040
        3840         4096         314.572     31457280      1966080
        3840         8192         369.111     62914560      3932160
        3840        16384         604.961    125829120      7864320
        3840        32768         807.300    251658240     15728640
        3840        65536        1860.733    503316480     31457280
        3840       131072        3393.341   1006632960     62914560
        3840       262144        3283.527   2013265920    125829120
        4608            1         307.199         9216          576
        4608            2         259.040        18432         1152
        4608            4         307.319        36864         2304
        4608            8         265.025        73728         4608
        4608           16         227.031       147456         9216
        4608           32         341.198       294912        18432
        4608           64         302.240       589824        36864
        4608          128         277.102      1179648        73728
        4608          256         282.384      2359296       147456
        4608          512         328.189      4718592       294912
        4608         1024         283.601      9437184       589824
        4608         2048         329.791     18874368      1179648
        4608         4096         312.233     37748736      2359296
        4608         8192         447.514     75497472      4718592
        4608        16384         548.843    150994944      9437184
        4608        32768        1272.464    301989888     18874368
        4608        65536        2423.520    603979776     37748736
        4608       131072        2126.678   1207959552     75497472
        5376            1         286.831        10752          672
        5376            2         317.886        21504         1344
        5376            4         356.981        43008         2688
        5376            8         284.700        86016         5376
        5376           16         239.279       172032        10752
        5376           32         290.802       344064        21504
        5376           64         211.374       688128        43008
        5376          128         277.576      1376256        86016
        5376          256         310.404      2752512       172032
        5376          512         341.888      5505024       344064
        5376         1024         306.525     11010048       688128
        5376         2048         305.249     22020096      1376256
        5376         4096         316.990     44040192      2752512
        5376         8192         426.129     88080384      5505024
        5376        16384         829.958    176160768     11010048
        5376        32768        1537.322    352321536     22020096
        5376        65536        2475.896    704643072     44040192
        5376       131072        4218.681   1409286144     88080384
        6144            1           7.506        12288          768
        6144            2         313.311        24576         1536
        6144            4         307.489        49152         3072
        6144            8         331.759        98304         6144
        6144           16         294.820       196608        12288
        6144           32         257.891       393216        24576
        6144           64         339.286       786432        49152
        6144          128         260.300      1572864        98304
        6144          256         282.234      3145728       196608
        6144          512         303.695      6291456       393216
        6144         1024         259.596     12582912       786432
        6144         2048         298.520     25165824      1572864
        6144         4096         328.516     50331648      3145728
        6144         8192         386.216    100663296      6291456
        6144        16384         877.402    201326592     12582912
        6144        32768        1310.912    402653184     25165824
        6144        65536        2417.920    805306368     50331648
        6144       131072        4225.759   1610612736    100663296
        6912            1         275.948        13824          864
        6912            2         290.726        27648         1728
        6912            4         423.520        55296         3456
        6912            8         287.764       110592         6912
        6912           16         317.168       221184        13824
        6912           32         270.308       442368        27648
        6912           64         319.309       884736        55296
        6912          128         280.772      1769472       110592
        6912          256         295.466      3538944       221184
        6912          512         322.441      7077888       442368
        6912         1024         315.707     14155776       884736
        6912         2048         382.128     28311552      1769472
        6912         4096         400.855     56623104      3538944
        6912         8192         402.268    113246208      7077888
        6912        16384         864.208    226492416     14155776
        6912        32768        1318.271    452984832     28311552
        6912        65536        2523.113    905969664     56623104
        6912       131072        6112.028   1811939328    113246208
        7680            1         317.998        15360          960
        7680            2         270.883        30720         1920
        7680            4         305.545        61440         3840
        7680            8         279.928       122880         7680
        7680           16         313.146       245760        15360
        7680           32         334.498       491520        30720
        7680           64         278.332       983040        61440
        7680          128         304.950      1966080       122880
        7680          256         300.600      3932160       245760
        7680          512         437.880      7864320       491520
        7680         1024         346.820     15728640       983040
        7680         2048         328.316     31457280      1966080
        7680         4096         402.912     62914560      3932160
        7680         8192         575.742    125829120      7864320
        7680        16384        1100.024    251658240     15728640
        7680        32768        1802.752    503316480     31457280
        7680        65536        1994.826   1006632960     62914560
        7680       131072        3290.112   2013265920    125829120
        8448            1         315.900        16896         1056
        8448            2         332.699        33792         2112
        8448            4         432.452        67584         4224
        8448            8         336.946       135168         8448
        8448           16         305.604       270336        16896
        8448           32         330.344       540672        33792
        8448           64         326.609      1081344        67584
        8448          128         343.080      2162688       135168
        8448          256         362.488      4325376       270336
        8448          512         391.473      8650752       540672
        8448         1024         389.920     17301504      1081344
        8448         2048         328.880     34603008      2162688
        8448         4096         425.544     69206016      4325376
        8448         8192         645.120    138412032      8650752
        8448        16384        1092.693    276824064     17301504
        8448        32768        1978.979    553648128     34603008
        8448        65536        3813.466   1107296256     69206016
        9216            1         378.153        18432         1152
        9216            2         312.598        36864         2304
        9216            4         341.513        73728         4608
        9216            8         388.309       147456         9216
        9216           16         327.705       294912        18432
        9216           32         323.131       589824        36864
        9216           64         341.753      1179648        73728
        9216          128         362.829      2359296       147456
        9216          256         348.171      4718592       294912
        9216          512         424.972      9437184       589824
        9216         1024         365.715     18874368      1179648
        9216         2048         416.986     37748736      2359296
        9216         4096         421.239     75497472      4718592
        9216         8192         602.585    150994944      9437184
        9216        16384        1128.724    301989888     18874368
        9216        32768        2308.176    603979776     37748736
        9216        65536        3599.480   1207959552     75497472
        9984            1         347.880        19968         1248
        9984            2         314.251        39936         2496
        9984            4         396.951        79872         4992
        9984            8         377.464       159744         9984
        9984           16         327.100       319488        19968
        9984           32         330.958       638976        39936
        9984           64         335.503      1277952        79872
        9984          128         360.979      2555904       159744
        9984          256         321.855      5111808       319488
        9984          512         372.572     10223616       638976
        9984         1024         367.440     20447232      1277952
        9984         2048         401.608     40894464      2555904
        9984         4096         427.115     81788928      5111808
        9984         8192         784.960    163577856     10223616
        9984        16384        1274.840    327155712     20447232
        9984        32768        2213.200    654311424     40894464
        9984        65536        4445.301   1308622848     81788928
       10752            1         341.912        21504         1344
       10752            2         363.803        43008         2688
       10752            4         319.404        86016         5376
       10752            8           6.745       172032        10752
       10752           16         385.568       344064        21504
       10752           32         329.384       688128        43008
       10752           64         370.691      1376256        86016
       10752          128         367.886      2752512       172032
       10752          256         369.382      5505024       344064
       10752          512         404.850     11010048       688128
       10752         1024         354.854     22020096      1376256
       10752         2048         411.608     44040192      2752512
       10752         4096         513.230     88080384      5505024
       10752         8192         638.472    176160768     11010048
       10752        16384        1131.368    352321536     22020096
       10752        32768        1298.275    704643072     44040192
       10752        65536        2543.911   1409286144     88080384
       11520            1         314.000        23040         1440
       11520            2         314.411        46080         2880
       11520            4         373.520        92160         5760
       11520            8         413.529       184320        11520
       11520           16         385.253       368640        23040
       11520           32         344.308       737280        46080
       11520           64         314.225      1474560        92160
       11520          128         418.578      2949120       184320
       11520          256         405.416      5898240       368640
       11520          512         356.134     11796480       737280
       11520         1024         397.988     23592960      1474560
       11520         2048         408.789     47185920      2949120
       11520         4096         446.118     94371840      5898240
       11520         8192         807.238    188743680     11796480
       11520        16384        1343.848    377487360     23592960
       11520        32768        2459.934    754974720     47185920
       11520        65536        1571.048   1509949440     94371840
       12288            1         306.832        24576         1536
       12288            2         366.311        49152         3072
       12288            4           8.740        98304         6144
       12288            8         386.469       196608        12288
       12288           16         360.368       393216        24576
       12288           32         425.400       786432        49152
       12288           64         325.978      1572864        98304
       12288          128         318.008      3145728       196608
       12288          256         375.139      6291456       393216
       12288          512         427.413     12582912       786432
       12288         1024         371.599     25165824      1572864
       12288         2048         446.445     50331648      3145728
       12288         4096         452.865    100663296      6291456
       12288         8192         618.393    201326592     12582912
       12288        16384        1351.900    402653184     25165824
       12288        32768        2452.485    805306368     50331648
       12288        65536        3711.433   1610612736    100663296
       13056            1         363.799        26112         1632
       13056            2         364.476        52224         3264
       13056            4         359.960       104448         6528
       13056            8         362.255       208896        13056
       13056           16         321.480       417792        26112
       13056           32         386.648       835584        52224
       13056           64         353.465      1671168       104448
       13056          128         373.987      3342336       208896
       13056          256         356.600      6684672       417792
       13056          512         398.576     13369344       835584
       13056         1024         358.071     26738688      1671168
       13056         2048         475.331     53477376      3342336
       13056         4096         506.187    106954752      6684672
       13056         8192         894.697    213909504     13369344
       13056        16384        1492.981    427819008     26738688
       13056        32768        3655.579    855638016     53477376
       13056        65536        5213.939   1711276032    106954752
       13824            1         392.142        27648         1728
       13824            2         390.825        55296         3456
       13824            4         317.627       110592         6912
       13824            8         347.318       221184        13824
       13824           16         395.056       442368        27648
       13824           32         388.809       884736        55296
       13824           64         368.858      1769472       110592
       13824          128         518.818      3538944       221184
       13824          256         368.248      7077888       442368
       13824          512         393.689     14155776       884736
       13824         1024         359.128     28311552      1769472
       13824         2048         438.496     56623104      3538944
       13824         4096         602.936    113246208      7077888
       13824         8192         877.771    226492416     14155776
       13824        16384        1448.471    452984832     28311552
       13824        32768        2681.450    905969664     56623104
       13824        65536        4998.167   1811939328    113246208
       14592            1         322.962        29184         1824
       14592            2         375.861        58368         3648
       14592            4         366.507       116736         7296
       14592            8         323.720       233472        14592
       14592           16         454.280       466944        29184
       14592           32         313.040       933888        58368
       14592           64         363.542      1867776       116736
       14592          128         336.620      3735552       233472
       14592          256         383.895      7471104       466944
       14592          512         326.711     14942208       933888
       14592         1024         391.224     29884416      1867776
       14592         2048         470.534     59768832      3735552
       14592         4096         529.680    119537664      7471104
       14592         8192         714.838    239075328     14942208
       14592        16384        1651.352    478150656     29884416
       14592        32768        3024.525    956301312     59768832
       14592        65536        4458.347   1912602624    119537664
       15360            1         321.352        30720         1920
       15360            2         326.444        61440         3840
       15360            4         337.276       122880         7680
       15360            8         317.373       245760        15360
       15360           16         388.150       491520        30720
       15360           32         396.146       983040        61440
       15360           64         315.695      1966080       122880
       15360          128         336.421      3932160       245760
       15360          256         385.292      7864320       491520
       15360          512         431.206     15728640       983040
       15360         1024         396.736     31457280      1966080
       15360         2048         451.996     62914560      3932160
       15360         4096         574.912    125829120      7864320
       15360         8192         965.251    251658240     15728640
       15360        16384        1958.154    503316480     31457280
       15360        32768        3177.775   1006632960     62914560
       15360        65536        5520.960   2013265920    125829120
       16896            1         411.426        33792         2112
       16896            2         382.633        67584         4224
       16896            4         438.828       135168         8448
       16896            8         381.089       270336        16896
       16896           16         294.932       540672        33792
       16896           32         344.055      1081344        67584
       16896           64         427.754      2162688       135168
       16896          128         301.671      4325376       270336
       16896          256         338.219      8650752       540672
       16896          512         380.264     17301504      1081344
       16896         1024         413.580     34603008      2162688
       16896         2048         359.480     69206016      4325376
       16896         4096         493.138    138412032      8650752
       16896         8192         817.786    276824064     17301504
       16896        16384        1585.830    553648128     34603008
       16896        32768        3067.291   1107296256     69206016
       18432            1         380.102        36864         2304
       18432            2         369.384        73728         4608
       18432            4         355.456       147456         9216
       18432            8         301.621       294912        18432
       18432           16         387.327       589824        36864
       18432           32         361.549      1179648        73728
       18432           64         402.891      2359296       147456
       18432          128         409.200      4718592       294912
       18432          256          12.200      9437184       589824
       18432          512         356.371     18874368      1179648
       18432         1024         468.327     37748736      2359296
       18432         2048         460.142     75497472      4718592
       18432         4096         551.513    150994944      9437184
       18432         8192        1084.640    301989888     18874368
       18432        16384        1749.230    603979776     37748736
       18432        32768        3512.778   1207959552     75497472
       19968            1         359.686        39936         2496
       19968            2         298.333        79872         4992
       19968            4         355.579       159744         9984
       19968            8         350.137       319488        19968
       19968           16         374.393       638976        39936
       19968           32         322.891      1277952        79872
       19968           64         365.731      2555904       159744
       19968          128         404.956      5111808       319488
       19968          256         358.200     10223616       638976
       19968          512         479.184     20447232      1277952
       19968         1024         408.571     40894464      2555904
       19968         2048         461.416     81788928      5111808
       19968         4096         653.644    163577856     10223616
       19968         8192        1294.515    327155712     20447232
       19968        16384        1872.308    654311424     40894464
       19968        32768        3777.064   1308622848     81788928
       21504            1         339.193        43008         2688
       21504            2         350.818        86016         5376
       21504            4         431.960       172032        10752
       21504            8         362.161       344064        21504
       21504           16         355.352       688128        43008
       21504           32         340.240      1376256        86016
       21504           64         429.769      2752512       172032
       21504          128         513.596      5505024       344064
       21504          256         430.944     11010048       688128
       21504          512         404.513     22020096      1376256
       21504         1024         353.409     44040192      2752512
       21504         2048         438.225     88080384      5505024
       21504         4096         600.249    176160768     11010048
       21504         8192        1091.114    352321536     22020096
       21504        16384        2319.320    704643072     44040192
       21504        32768        4036.984   1409286144     88080384
       23040            1         358.100        46080         2880
       23040            2         361.056        92160         5760
       23040            4         381.812       184320        11520
       23040            8         385.602       368640        23040
       23040           16         367.881       737280        46080
       23040           32         383.687      1474560        92160
       23040           64         341.387      2949120       184320
       23040          128         333.442      5898240       368640
       23040          256         312.687     11796480       737280
       23040          512         507.294     23592960      1474560
       23040         1024         418.169     47185920      2949120
       23040         2048         470.142     94371840      5898240
       23040         4096         593.331    188743680     11796480
       23040         8192        1256.736    377487360     23592960
       23040        16384        2846.595    754974720     47185920
       23040        32768        4269.872   1509949440     94371840
       25344            1         334.115        50688         3168
       25344            2         357.335       101376         6336
       25344            4         368.216       202752        12672
       25344            8          10.016       405504        25344
       25344           16         370.731       811008        50688
       25344           32         451.160      1622016       101376
       25344           64         334.218      3244032       202752
       25344          128         333.913      6488064       405504
       25344          256         402.368     12976128       811008
       25344          512         403.844     25952256      1622016
       25344         1024         375.420     51904512      3244032
       25344         2048         475.276    103809024      6488064
       25344         4096         735.871    207618048     12976128
       25344         8192        1305.286    415236096     25952256
       25344        16384        2507.976    830472192     51904512
       25344        32768        4686.160   1660944384    103809024
       27648            1         376.193        55296         3456
       27648            2         335.066       110592         6912
       27648            4         367.222       221184        13824
       27648            8         382.296       442368        27648
       27648           16         381.452       884736        55296
       27648           32         390.147      1769472       110592
       27648           64         309.716      3538944       221184
       27648          128         353.948      7077888       442368
       27648          256         381.828     14155776       884736
       27648          512         375.932     28311552      1769472
       27648         1024         399.010     56623104      3538944
       27648         2048         506.304    113246208      7077888
       27648         4096         699.317    226492416     14155776
       27648         8192         903.638    452984832     28311552
       27648        16384        2565.345    905969664     56623104
       27648        32768        3798.465   1811939328    113246208
       29952            1         347.585        59904         3744
       29952            2         368.833       119808         7488
       29952            4         366.612       239616        14976
       29952            8         379.136       479232        29952
       29952           16         388.880       958464        59904
       29952           32         423.732      1916928       119808
       29952           64         323.432      3833856       239616
       29952          128         492.894      7667712       479232
       29952          256         425.316     15335424       958464
       29952          512         440.136     30670848      1916928
       29952         1024         374.866     61341696      3833856
       29952         2048         528.316    122683392      7667712
       29952         4096         927.398    245366784     15335424
       29952         8192        1565.165    490733568     30670848
       29952        16384        3499.216    981467136     61341696
       29952        32768        2985.680   1962934272    122683392
       32256            1         383.688        64512         4032
       32256            2         409.403       129024         8064
       32256            4         333.042       258048        16128
       32256            8         386.994       516096        32256
       32256           16         309.721      1032192        64512
       32256           32         332.434      2064384       129024
       32256           64         365.880      4128768       258048
       32256          128         365.191      8257536       516096
       32256          256         345.575     16515072      1032192
       32256          512         345.099     33030144      2064384
       32256         1024         447.552     66060288      4128768
       32256         2048         439.188    132120576      8257536
       32256         4096         910.147    264241152     16515072
       32256         8192        1542.900    528482304     33030144
       32256        16384        2961.624   1056964608     66060288
       32256        32768        5716.847   2113929216    132120576
       35328            1         431.206        70656         4416
       35328            2         377.865       141312         8832
       35328            4         335.587       282624        17664
       35328            8           2.782       565248        35328
       35328           16         353.013      1130496        70656
       35328           32         323.531      2260992       141312
       35328           64         410.644      4521984       282624
       35328          128         422.166      9043968       565248
       35328          256         385.527     18087936      1130496
       35328          512         365.073     36175872      2260992
       35328         1024         429.649     72351744      4521984
       35328         2048         571.227    144703488      9043968
       35328         4096         882.976    289406976     18087936
       35328         8192        1881.665    578813952     36175872
       35328        16384        2894.315   1157627904     72351744
       38400            1         341.885        76800         4800
       38400            2         341.009       153600         9600
       38400            4         386.846       307200        19200
       38400            8         380.540       614400        38400
       38400           16         362.089      1228800        76800
       38400           32         353.255      2457600       153600
       38400           64         342.698      4915200       307200
       38400          128         429.549      9830400       614400
       38400          256         346.345     19660800      1228800
       38400          512         444.937     39321600      2457600
       38400         1024         449.740     78643200      4915200
       38400         2048         623.257    157286400      9830400
       38400         4096        1188.534    314572800     19660800
       38400         8192        2126.670    629145600     39321600
       38400        16384        3245.560   1258291200     78643200
       42240            1         317.584        84480         5280
       42240            2         340.105       168960        10560
       42240            4         403.182       337920        21120
       42240            8         518.036       675840        42240
       42240           16         377.588      1351680        84480
       42240           32         417.127      2703360       168960
       42240           64         390.700      5406720       337920
       42240          128         332.075     10813440       675840
       42240          256         391.151     21626880      1351680
       42240          512         403.158     43253760      2703360
       42240         1024         395.293     86507520      5406720
       42240         2048         605.462    173015040     10813440
       42240         4096        1145.863    346030080     21626880
       42240         8192        2060.442    692060160     43253760
       42240        16384        3906.202   1384120320     86507520
       46080            1         358.503        92160         5760
       46080            2         298.973       184320        11520
       46080            4         355.240       368640        23040
       46080            8         347.939       737280        46080
       46080           16         304.302      1474560        92160
       46080           32         345.835      2949120       184320
       46080           64         381.511      5898240       368640
       46080          128         393.340     11796480       737280
       46080          256         378.384     23592960      1474560
       46080          512         373.862     47185920      2949120
       46080         1024         459.008     94371840      5898240
       46080         2048         806.151    188743680     11796480
       46080         4096        1147.975    377487360     23592960
       46080         8192        2318.860    754974720     47185920
       46080        16384        4277.054   1509949440     94371840
       50688            1         352.350       101376         6336
       50688            2         362.520       202752        12672
       50688            4         322.054       405504        25344
       50688            8         330.734       811008        50688
       50688           16         399.493      1622016       101376
       50688           32         329.609      3244032       202752
       50688           64         318.320      6488064       405504
       50688          128         337.782     12976128       811008
       50688          256         375.641     25952256      1622016
       50688          512         387.048     51904512      3244032
       50688         1024         462.306    103809024      6488064
       50688         2048         482.312    207618048     12976128
       50688         4096        1362.374    415236096     25952256
       50688         8192        2938.688    830472192     51904512
       50688        16384        4451.891   1660944384    103809024
       55296            1         377.780       110592         6912
       55296            2         405.020       221184        13824
       55296            4         304.820       442368        27648
       55296            8         315.320       884736        55296
       55296           16         466.453      1769472       110592
       55296           32         401.860      3538944       221184
       55296           64         314.488      7077888       442368
       55296          128         399.214     14155776       884736
       55296          256         454.535     28311552      1769472
       55296          512         416.836     56623104      3538944
       55296         1024         570.938    113246208      7077888
       55296         2048         820.518    226492416     14155776
       55296         4096        1597.838    452984832     28311552
       55296         8192        2523.604    905969664     56623104
       55296        16384        2734.571   1811939328    113246208
       60672            1         317.431       121344         7584
       60672            2         408.824       242688        15168
       60672            4         364.676       485376        30336
       60672            8         334.093       970752        60672
       60672           16         394.349      1941504       121344
       60672           32         422.153      3883008       242688
       60672           64         375.396      7766016       485376
       60672          128         353.306     15532032       970752
       60672          256         391.728     31064064      1941504
       60672          512         418.740     62128128      3883008
       60672         1024         410.672    124256256      7766016
       60672         2048         987.682    248512512     15532032
       60672         4096        1799.992    497025024     31064064
       60672         8192        2948.880    994050048     62128128
       60672        16384        5312.820   1988100096    124256256
       66048            1         311.085       132096         8256
       66048            2         360.720       264192        16512
       66048            4         407.354       528384        33024
       66048            8         335.130      1056768        66048
       66048           16         332.380      2113536       132096
       66048           32         416.272      4227072       264192
       66048           64         411.836      8454144       528384
       66048          128         463.542     16908288      1056768
       66048          256         469.388     33816576      2113536
       66048          512         448.116     67633152      4227072
       66048         1024         617.702    135266304      8454144
       66048         2048        1169.619    270532608     16908288
       66048         4096        2139.711    541065216     33816576
       66048         8192        3112.831   1082130432     67633152
       72192            1         378.040       144384         9024
       72192            2         366.390       288768        18048
       72192            4         365.851       577536        36096
       72192            8         459.934      1155072        72192
       72192           16         336.295      2310144       144384
       72192           32         328.814      4620288       288768
       72192           64         319.860      9240576       577536
       72192          128         367.560     18481152      1155072
       72192          256         396.744     36962304      2310144
       72192          512         433.964     73924608      4620288
       72192         1024         508.370    147849216      9240576
       72192         2048        1034.253    295698432     18481152
       72192         4096        1861.796    591396864     36962304
       72192         8192        3437.896   1182793728     73924608
       79104            1         380.127       158208         9888
       79104            2         323.609       316416        19776
       79104            4         351.365       632832        39552
       79104            8         358.954      1265664        79104
       79104           16           9.661      2531328       158208
       79104           32         371.674      5062656       316416
       79104           64         379.314     10125312       632832
       79104          128         398.648     20250624      1265664
       79104          256         412.412     40501248      2531328
       79104          512         417.842     81002496      5062656
       79104         1024         630.347    162004992     10125312
       79104         2048        1065.488    324009984     20250624
       79104         4096        2187.795    648019968     40501248
       79104         8192        2798.096   1296039936     81002496
       86784            1         391.866       173568        10848
       86784            2         315.325       347136        21696
       86784            4         318.260       694272        43392
       86784            8         375.638      1388544        86784
       86784           16         348.267      2777088       173568
       86784           32         377.367      5554176       347136
       86784           64         321.098     11108352       694272
       86784          128         401.243     22216704      1388544
       86784          256         417.455     44433408      2777088
       86784          512         559.612     88866816      5554176
       86784         1024         636.213    177733632     11108352
       86784         2048        1112.613    355467264     22216704
       86784         4096        2369.883    710934528     44433408
       86784         8192        3850.269   1421869056     88866816
       95232            1         336.916       190464        11904
       95232            2         384.415       380928        23808
       95232            4         356.503       761856        47616
       95232            8         383.129      1523712        95232
       95232           16         360.820      3047424       190464
       95232           32         525.866      6094848       380928
       95232           64         347.393     12189696       761856
       95232          128         365.105     24379392      1523712
       95232          256         422.378     48758784      3047424
       95232          512         484.798     97517568      6094848
       95232         1024         683.080    195035136     12189696
       95232         2048        1250.423    390070272     24379392
       95232         4096        2021.028    780140544     48758784
       95232         8192        4310.875   1560281088     97517568
      104448            1         488.324       208896        13056
      104448            2         350.097       417792        26112
      104448            4           7.473       835584        52224
      104448            8         415.307      1671168       104448
      104448           16         364.676      3342336       208896
      104448           32         307.181      6684672       417792
      104448           64         360.279     13369344       835584
      104448          128         448.815     26738688      1671168
      104448          256         378.388     53477376      3342336
      104448          512         460.161    106954752      6684672
      104448         1024         578.652    213909504     13369344
      104448         2048        1314.424    427819008     26738688
      104448         4096        2466.185    855638016     53477376
      104448         8192        4516.369   1711276032    106954752
      114432            1         339.545       228864        14304
      114432            2         330.258       457728        28608
      114432            4         407.644       915456        57216
      114432            8         420.199      1830912       114432
      114432           16         373.830      3661824       228864
      114432           32         336.178      7323648       457728
      114432           64         396.700     14647296       915456
      114432          128         356.358     29294592      1830912
      114432          256         504.740     58589184      3661824
      114432          512         540.766    117178368      7323648
      114432         1024         858.910    234356736     14647296
      114432         2048        1498.834    468713472     29294592
      114432         4096        2854.531    937426944     58589184
      114432         8192        4899.043   1874853888    117178368
      125184            1         337.433       250368        15648
      125184            2         380.433       500736        31296
      125184            4         352.912      1001472        62592
      125184            8         391.576      2002944       125184
      125184           16         576.356      4005888       250368
      125184           32         370.750      8011776       500736
      125184           64         345.035     16023552      1001472
      125184          128         382.548     32047104      2002944
      125184          256         467.675     64094208      4005888
      125184          512         536.786    128188416      8011776
      125184         1024        1033.386    256376832     16023552
      125184         2048        1589.279    512753664     32047104
      125184         4096        1919.500   1025507328     64094208
      125184         8192        5329.000   2051014656    128188416
      137472            1         315.954       274944        17184
      137472            2         560.100       549888        34368
      137472            4         389.212      1099776        68736
      137472            8         379.408      2199552       137472
      137472           16         334.356      4399104       274944
      137472           32         414.063      8798208       549888
      137472           64         374.072     17596416      1099776
      137472          128         349.270     35192832      2199552
      137472          256         410.476     70385664      4399104
      137472          512         531.269    140771328      8798208
      137472         1024         907.343    281542656     17596416
      137472         2048        1822.300    563085312     35192832
      137472         4096        3347.447   1126170624     70385664
      150528            1         408.848       301056        18816
      150528            2         358.158       602112        37632
      150528            4         295.508      1204224        75264
      150528            8         379.807      2408448       150528
      150528           16         348.572      4816896       301056
      150528           32         484.444      9633792       602112
      150528           64         413.264     19267584      1204224
      150528          128         384.092     38535168      2408448
      150528          256         456.070     77070336      4816896
      150528          512         595.925    154140672      9633792
      150528         1024        1038.880    308281344     19267584
      150528         2048        1931.920    616562688     38535168
      150528         4096        4475.232   1233125376     77070336
      165120            1         387.241       330240        20640
      165120            2         363.005       660480        41280
      165120            4         332.300      1320960        82560
      165120            8         409.656      2641920       165120
      165120           16         362.086      5283840       330240
      165120           32         329.868     10567680       660480
      165120           64          20.930     21135360      1320960
      165120          128         431.310     42270720      2641920
      165120          256         438.560     84541440      5283840
      165120          512         657.048    169082880     10567680
      165120         1024        1136.110    338165760     21135360
      165120         2048        1108.554    676331520     42270720
      165120         4096        2309.620   1352663040     84541440
      181248            1         351.027       362496        22656
      181248            2         335.058       724992        45312
      181248            4         472.144      1449984        90624
      181248            8         348.484      2899968       181248
      181248           16         361.816      5799936       362496
      181248           32         410.788     11599872       724992
      181248           64         417.800     23199744      1449984
      181248          128         431.236     46399488      2899968
      181248          256         501.206     92798976      5799936
      181248          512         640.728    185597952     11599872
      181248         1024        1260.110    371195904     23199744
      181248         2048        2194.790    742391808     46399488
      181248         4096        4015.880   1484783616     92798976
      198912            1         325.906       397824        24864
      198912            2         349.745       795648        49728
      198912            4         298.786      1591296        99456
      198912            8         403.520      3182592       198912
      198912           16         364.315      6365184       397824
      198912           32         421.832     12730368       795648
      198912           64         330.221     25460736      1591296
      198912          128         410.068     50921472      3182592
      198912          256         440.696    101842944      6365184
      198912          512         546.900    203685888     12730368
      198912         1024        1076.624    407371776     25460736
      198912         2048        2266.298    814743552     50921472
      198912         4096        3495.114   1629487104    101842944
      218112            1         385.380       436224        27264
      218112            2         403.809       872448        54528
      218112            4         339.640      1744896       109056
      218112            8         372.784      3489792       218112
      218112           16         352.039      6979584       436224
      218112           32         458.824     13959168       872448
      218112           64         402.609     27918336      1744896
      218112          128         346.259     55836672      3489792
      218112          256         427.910    111673344      6979584
      218112          512         637.842    223346688     13959168
      218112         1024        1265.686    446693376     27918336
      218112         2048        2238.494    893386752     55836672
      218112         4096        4416.974   1786773504    111673344
      239616            1         397.013       479232        29952
      239616            2         367.181       958464        59904
      239616            4         381.673      1916928       119808
      239616            8         384.640      3833856       239616
      239616           16         366.054      7667712       479232
      239616           32         392.520     15335424       958464
      239616           64         408.526     30670848      1916928
      239616          128         435.015     61341696      3833856
      239616          256         490.432    122683392      7667712
      239616          512         899.173    245366784     15335424
      239616         1024        2025.838    490733568     30670848
      239616         2048        2459.088    981467136     61341696
      239616         4096        2637.616   1962934272    122683392
      263424            1         368.696       526848        32928
      263424            2         374.055      1053696        65856
      263424            4           9.381      2107392       131712
      263424            8         356.427      4214784       263424
      263424           16         382.100      8429568       526848
      263424           32         356.449     16859136      1053696
      263424           64         390.906     33718272      2107392
      263424          128         380.230     67436544      4214784
      263424          256         477.172    134873088      8429568
      263424          512         944.300    269746176     16859136
      263424         1024        1922.606    539492352     33718272
      263424         2048        2881.647   1078984704     67436544
      289536            1         416.819       579072        36192
      289536            2         421.840      1158144        72384
      289536            4          10.174      2316288       144768
      289536            8         414.752      4632576       289536
      289536           16         397.247      9265152       579072
      289536           32         433.699     18530304      1158144
      289536           64         359.480     37060608      2316288
      289536          128         440.566     74121216      4632576
      289536          256         526.568    148242432      9265152
      289536          512         894.239    296484864     18530304
      289536         1024        1648.648    592969728     37060608
      289536         2048        3425.059   1185939456     74121216
      317952            1         397.440       635904        39744
      317952            2         430.616      1271808        79488
      317952            4         367.702      2543616       158976
      317952            8         340.191      5087232       317952
      317952           16         391.897     10174464       635904
      317952           32         383.560     20348928      1271808
      317952           64         366.777     40697856      2543616
      317952          128         408.578     81395712      5087232
      317952          256         504.964    162791424     10174464
      317952          512         835.141    325582848     20348928
      317952         1024        1734.100    651165696     40697856
      317952         2048        3632.924   1302331392     81395712
      349440            1         443.926       698880        43680
      349440            2         487.881      1397760        87360
      349440            4         402.229      2795520       174720
      349440            8         335.440      5591040       349440
      349440           16         324.683     11182080       698880
      349440           32         451.247     22364160      1397760
      349440           64         407.127     44728320      2795520
      349440          128         391.605     89456640      5591040
      349440          256         704.962    178913280     11182080
      349440          512        1096.047    357826560     22364160
      349440         1024        2423.429    715653120     44728320
      349440         2048        3960.638   1431306240     89456640
      384000            1         331.540       768000        48000
      384000            2         346.515      1536000        96000
      384000            4         356.688      3072000       192000
      384000            8         424.364      6144000       384000
      384000           16         387.494     12288000       768000
      384000           32         433.606     24576000      1536000
      384000           64         381.664     49152000      3072000
      384000          128         457.997     98304000      6144000
      384000          256         625.202    196608000     12288000
      384000          512        1182.445    393216000     24576000
      384000         1024        1209.351    786432000     49152000
      384000         2048        3989.293   1572864000     98304000
      422400            1         411.088       844800        52800
      422400            2         310.148      1689600       105600
      422400            4         366.846      3379200       211200
      422400            8         363.488      6758400       422400
      422400           16          15.215     13516800       844800
      422400           32         370.672     27033600      1689600
      422400           64         459.060     54067200      3379200
      422400          128         543.247    108134400      6758400
      422400          256         784.640    216268800     13516800
      422400          512        1303.229    432537600     27033600
      422400         1024        2737.114    865075200     54067200
      422400         2048        2509.108   1730150400    108134400
      464640            1         360.984       929280        58080
      464640            2         373.576      1858560       116160
      464640            4         362.550      3717120       232320
      464640            8         367.070      7434240       464640
      464640           16          17.974     14868480       929280
      464640           32         386.086     29736960      1858560
      464640           64         390.072     59473920      3717120
      464640          128         510.611    118947840      7434240
      464640          256         830.566    237895680     14868480
      464640          512        1682.040    475791360     29736960
      464640         1024        2492.982    951582720     59473920
      464640         2048        4933.176   1903165440    118947840
      510720            1         528.124      1021440        63840
      510720            2         361.942      2042880       127680
      510720            4         368.199      4085760       255360
      510720            8         367.752      8171520       510720
      510720           16         375.544     16343040      1021440
      510720           32         367.500     32686080      2042880
      510720           64         530.180     65372160      4085760
      510720          128         555.584    130744320      8171520
      510720          256         817.927    261488640     16343040
      510720          512        1555.392    522977280     32686080
      510720         1024        2979.085   1045954560     65372160
      510720         2048        5360.527   2091909120    130744320
      561408            1         377.190      1122816        70176
      561408            2         376.322      2245632       140352
      561408            4         465.948      4491264       280704
      561408            8         404.715      8982528       561408
      561408           16         394.695     17965056      1122816
      561408           32         338.941     35930112      2245632
      561408           64         427.200     71860224      4491264
      561408          128         579.573    143720448      8982528
      561408          256         839.827    287440896     17965056
      561408          512        1661.285    574881792     35930112
      561408         1024        3312.340   1149763584     71860224
      617472            1         364.625      1234944        77184
      617472            2         364.511      2469888       154368
      617472            4         360.700      4939776       308736
      617472            8         359.694      9879552       617472
      617472           16         321.948     19759104      1234944
      617472           32         348.728     39518208      2469888
      617472           64         505.206     79036416      4939776
      617472          128         640.478    158072832      9879552
      617472          256        1255.829    316145664     19759104
      617472          512        2252.963    632291328     39518208
      617472         1024        3305.124   1264582656     79036416
      678912            1         490.580      1357824        84864
      678912            2         336.041      2715648       169728
      678912            4         347.169      5431296       339456
      678912            8         392.376     10862592       678912
      678912           16         366.516     21725184      1357824
      678912           32         379.100     43450368      2715648
      678912           64         447.638     86900736      5431296
      678912          128         628.240    173801472     10862592
      678912          256        1300.440    347602944     21725184
      678912          512        2225.684    695205888     43450368
      678912         1024        2112.007   1390411776     86900736
      746496            1         392.033      1492992        93312
      746496            2         388.669      2985984       186624
      746496            4         423.620      5971968       373248
      746496            8         416.068     11943936       746496
      746496           16         399.176     23887872      1492992
      746496           32         400.569     47775744      2985984
      746496           64         490.520     95551488      5971968
      746496          128         622.292    191102976     11943936
      746496          256        1079.522    382205952     23887872
      746496          512        2514.978    764411904     47775744
      746496         1024        3821.394   1528823808     95551488
      820992            1         316.926      1641984       102624
      820992            2         414.147      3283968       205248
      820992            4         417.740      6567936       410496
      820992            8         351.753     13135872       820992
      820992           16         360.598     26271744      1641984
      820992           32         392.803     52543488      3283968
      820992           64         453.611    105086976      6567936
      820992          128         645.946    210173952     13135872
      820992          256        1130.790    420347904     26271744
      820992          512        2720.132    840695808     52543488
      820992         1024        4365.094   1681391616    105086976
      902400            1         344.669      1804800       112800
      902400            2         347.747      3609600       225600
      902400            4         396.777      7219200       451200
      902400            8          15.151     14438400       902400
      902400           16         347.947     28876800      1804800
      902400           32         458.571     57753600      3609600
      902400           64         466.642    115507200      7219200
      902400          128         699.484    231014400     14438400
      902400          256        1401.223    462028800     28876800
      902400          512        2864.936    924057600     57753600
      902400         1024        4730.236   1848115200    115507200
      992256            1         385.853      1984512       124032
      992256            2         313.420      3969024       248064
      992256            4         374.240      7938048       496128
      992256            8         448.596     15876096       992256
      992256           16         442.294     31752192      1984512
      992256           32         356.556     63504384      3969024
      992256           64         394.937    127008768      7938048
      992256          128         683.348    254017536     15876096
      992256          256        1398.000    508035072     31752192
      992256          512        1743.312   1016070144     63504384
      992256         1024        2879.473   2032140288    127008768
     1091328            1         407.680      2182656       136416
     1091328            2         435.796      4365312       272832
     1091328            4         394.780      8730624       545664
     1091328            8         414.736     17461248      1091328
     1091328           16         474.929     34922496      2182656
     1091328           32         403.722     69844992      4365312
     1091328           64         558.880    139689984      8730624
     1091328          128         860.811    279379968     17461248
     1091328          256        1811.874    558759936     34922496
     1091328          512        3094.460   1117519872     69844992
     1200384            1         358.168      2400768       150048
     1200384            2         386.020      4801536       300096
     1200384            4         317.724      9603072       600192
     1200384            8         330.545     19206144      1200384
     1200384           16         436.145     38412288      2400768
     1200384           32         442.629     76824576      4801536
     1200384           64         626.718    153649152      9603072
     1200384          128        1035.880    307298304     19206144
     1200384          256        1918.138    614596608     38412288
     1200384          512        3201.740   1229193216     76824576
     1320192            1         413.324      2640384       165024
     1320192            2         381.136      5280768       330048
     1320192            4         358.321     10561536       660096
     1320192            8         523.607     21123072      1320192
     1320192           16         337.807     42246144      2640384
     1320192           32         450.644     84492288      5280768
     1320192           64         648.172    168984576     10561536
     1320192          128        1271.940    337969152     21123072
     1320192          256        2335.264    675938304     42246144
     1320192          512        3283.825   1351876608     84492288
     1451520            1         483.144      2903040       181440
     1451520            2         329.522      5806080       362880
     1451520            4         372.552     11612160       725760
     1451520            8         360.655     23224320      1451520
     1451520           16         402.320     46448640      2903040
     1451520           32         448.284     92897280      5806080
     1451520           64         569.194    185794560     11612160
     1451520          128        1315.610    371589120     23224320
     1451520          256        2309.064    743178240     46448640
     1451520          512        3797.460   1486356480     92897280
     1596672            1         380.922      3193344       199584
     1596672            2         377.384      6386688       399168
     1596672            4         357.712     12773376       798336
     1596672            8         350.136     25546752      1596672
     1596672           16         378.611     51093504      3193344
     1596672           32         404.200    102187008      6386688
     1596672           64         498.565    204374016     12773376
     1596672          128        1079.287    408748032     25546752
     1596672          256        2377.101    817496064     51093504
     1596672          512        4082.580   1634992128    102187008
     1755648            1         372.197      3511296       219456
     1755648            2         308.595      7022592       438912
     1755648            4         395.113     14045184       877824
     1755648            8         363.369     28090368      1755648
     1755648           16         452.065     56180736      3511296
     1755648           32         482.809    112361472      7022592
     1755648           64         738.794    224722944     14045184
     1755648          128        1210.436    449445888     28090368
     1755648          256        2649.908    898891776     56180736
     1755648          512        4674.698   1797783552    112361472
     1930752            1         393.012      3861504       241344
     1930752            2         438.609      7723008       482688
     1930752            4         381.983     15446016       965376
     1930752            8         378.230     30892032      1930752
     1930752           16         465.580     61784064      3861504
     1930752           32         488.751    123568128      7723008
     1930752           64         645.436    247136256     15446016
     1930752          128        1659.180    494272512     30892032
     1930752          256        2652.577    988545024     61784064
     1930752          512        5091.022   1977090048    123568128
     2123520            1         350.932      4247040       265440
     2123520            2         355.168      8494080       530880
     2123520            4         395.270     16988160      1061760
     2123520            8         329.795     33976320      2123520
     2123520           16         372.895     67952640      4247040
     2123520           32         543.493    135905280      8494080
     2123520           64         807.832    271810560     16988160
     2123520          128        1169.184    543621120     33976320
     2123520          256        1909.647   1087242240     67952640
     2335488            1         419.288      4670976       291936
     2335488            2         410.438      9341952       583872
     2335488            4         373.164     18683904      1167744
     2335488            8         513.748     37367808      2335488
     2335488           16         488.774     74735616      4670976
     2335488           32         596.473    149471232      9341952
     2335488           64         759.594    298942464     18683904
     2335488          128        1519.971    597884928     37367808
     2335488          256        2395.726   1195769856     74735616
     2568960            1         368.287      5137920       321120
     2568960            2         319.152     10275840       642240
     2568960            4         388.613     20551680      1284480
     2568960            8         381.181     41103360      2568960
     2568960           16         441.944     82206720      5137920
     2568960           32         519.167    164413440     10275840
     2568960           64         971.712    328826880     20551680
     2568960          128        1710.376    657653760     41103360
     2568960          256        3746.656   1315307520     82206720
     2825472            1         380.849      5650944       353184
     2825472            2         435.816     11301888       706368
     2825472            4         342.845     22603776      1412736
     2825472            8         368.995     45207552      2825472
     2825472           16         470.886     90415104      5650944
     2825472           32         513.828    180830208     11301888
     2825472           64        1016.545    361660416     22603776
     2825472          128        1712.020    723320832     45207552
     2825472          256        1726.704   1446641664     90415104
     3107328            1         356.722      6214656       388416
     3107328            2          13.124     12429312       776832
     3107328            4         441.880     24858624      1553664
     3107328            8         391.340     49717248      3107328
     3107328           16         480.453     99434496      6214656
     3107328           32         626.642    198868992     12429312
     3107328           64        1170.374    397737984     24858624
     3107328          128        2193.987    795475968     49717248
     3107328          256        3457.269   1590951936     99434496
     3417600            1         386.531      6835200       427200
     3417600            2         343.058     13670400       854400
     3417600            4         363.000     27340800      1708800
     3417600            8         338.330     54681600      3417600
     3417600           16         438.967    109363200      6835200
     3417600           32         636.111    218726400     13670400
     3417600           64        1170.344    437452800     27340800
     3417600          128        2290.092    874905600     54681600
     3417600          256        4406.747   1749811200    109363200
     3759360            1         493.579      7518720       469920
     3759360            2         369.141     15037440       939840
     3759360            4         343.860     30074880      1879680
     3759360            8         455.589     60149760      3759360
     3759360           16         532.534    120299520      7518720
     3759360           32         782.056    240599040     15037440
     3759360           64        1460.362    481198080     30074880
     3759360          128        2302.830    962396160     60149760
     3759360          256        4892.645   1924792320    120299520
     4134912            1         395.349      8269824       516864
     4134912            2         379.507     16539648      1033728
     4134912            4         347.927     33079296      2067456
     4134912            8         378.209     66158592      4134912
     4134912           16         503.476    132317184      8269824
     4134912           32         785.078    264634368     16539648
     4134912           64        1533.146    529268736     33079296
     4134912          128        2962.412   1058537472     66158592
     4134912          256        2934.774   2117074944    132317184
     4548096            1         376.746      9096192       568512
     4548096            2         537.928     18192384      1137024
     4548096            4         440.307     36384768      2274048
     4548096            8         486.131     72769536      4548096
     4548096           16         557.506    145539072      9096192
     4548096           32         863.344    291078144     18192384
     4548096           64        1915.489    582156288     36384768
     4548096          128        3007.404   1164312576     72769536
     5002752            1         366.082     10005504       625344
     5002752            2         334.592     20011008      1250688
     5002752            4         429.524     40022016      2501376
     5002752            8         462.428     80044032      5002752
     5002752           16         508.335    160088064     10005504
     5002752           32         827.600    320176128     20011008
     5002752           64        1372.716    640352256     40022016
     5002752          128        3357.660   1280704512     80044032
     5502720            1         398.433     11005440       687840
     5502720            2         369.364     22010880      1375680
     5502720            4         367.309     44021760      2751360
     5502720            8         442.960     88043520      5502720
     5502720           16         692.998    176087040     11005440
     5502720           32        1038.164    352174080     22010880
     5502720           64        2195.638    704348160     44021760
     5502720          128        3767.120   1408696320     88043520
     6052608            1         358.424     12105216       756576
     6052608            2         338.628     24210432      1513152
     6052608            4         431.716     48420864      3026304
     6052608            8         469.764     96841728      6052608
     6052608           16         601.820    193683456     12105216
     6052608           32        1014.667    387366912     24210432
     6052608           64        2329.111    774733824     48420864
     6052608          128        4057.620   1549467648     96841728
     6657792            1         325.804     13315584       832224
     6657792            2         378.744     26631168      1664448
     6657792            4         455.922     53262336      3328896
     6657792            8         469.703    106524672      6657792
     6657792           16         562.349    213049344     13315584
     6657792           32        1045.432    426098688     26631168
     6657792           64        1402.620    852197376     53262336
     6657792          128        4214.024   1704394752    106524672
     7322880            1         392.424     14645760       915360
     7322880            2         371.800     29291520      1830720
     7322880            4         373.880     58583040      3661440
     7322880            8         453.238    117166080      7322880
     7322880           16         620.094    234332160     14645760
     7322880           32        1308.940    468664320     29291520
     7322880           64        2775.949    937328640     58583040
     7322880          128        4894.172   1874657280    117166080
     8054784            1         396.300     16109568      1006848
     8054784            2         397.379     32219136      2013696
     8054784            4         388.316     64438272      4027392
     8054784            8         444.824    128876544      8054784
     8054784           16         659.594    257753088     16109568
     8054784           32        1485.164    515506176     32219136
     8054784           64        2586.187   1031012352     64438272
     8054784          128        5184.516   2062024704    128876544
     8859648            1         377.320     17719296      1107456
     8859648            2         356.656     35438592      2214912
     8859648            4         366.027     70877184      4429824
     8859648            8         541.772    141754368      8859648
     8859648           16         870.720    283508736     17719296
     8859648           32        1443.740    567017472     35438592
     8859648           64        2897.990   1134034944     70877184
     9745152            1         346.068     19490304      1218144
     9745152            2         392.608     38980608      2436288
     9745152            4         427.684     77961216      4872576
     9745152            8         486.267    155922432      9745152
     9745152           16        1057.022    311844864     19490304
     9745152           32        2171.152    623689728     38980608
     9745152           64        3329.500   1247379456     77961216
    10718976            1         476.392     21437952      1339872
    10718976            2         392.786     42875904      2679744
    10718976            4         446.022     85751808      5359488
    10718976            8         559.688    171503616     10718976
    10718976           16        1139.776    343007232     21437952
    10718976           32        2088.678    686014464     42875904
    10718976           64        3587.104   1372028928     85751808
    11790336            1         426.996     23580672      1473792
    11790336            2         354.003     47161344      2947584
    11790336            4         419.871     94322688      5895168
    11790336            8         504.751    188645376     11790336
    11790336           16        1033.389    377290752     23580672
    11790336           32        1384.488    754581504     47161344
    11790336           64        2413.969   1509163008     94322688
    12969216            1         446.340     25938432      1621152
    12969216            2         394.975     51876864      3242304
    12969216            4         516.476    103753728      6484608
    12969216            8         721.684    207507456     12969216
    12969216           16        1276.489    415014912     25938432
    12969216           32        1231.861    830029824     51876864
    12969216           64        4460.496   1660059648    103753728
    14265600            1         362.060     28531200      1783200
    14265600            2         419.988     57062400      3566400
    14265600            4         452.047    114124800      7132800
    14265600            8         660.262    228249600     14265600
    14265600           16        1363.946    456499200     28531200
    14265600           32        1981.910    912998400     57062400
    14265600           64        4710.245   1825996800    114124800
    15691776            1         408.355     31383552      1961472
    15691776            2         400.322     62767104      3922944
    15691776            4         575.686    125534208      7845888
    15691776            8         765.860    251068416     15691776
    15691776           16        1390.879    502136832     31383552
    15691776           32        2208.600   1004273664     62767104
    15691776           64        5174.095   2008547328    125534208
    17260800            1         394.867     34521600      2157600
    17260800            2         399.293     69043200      4315200
    17260800            4         508.236    138086400      8630400
    17260800            8         809.198    276172800     17260800
    17260800           16        1331.706    552345600     34521600
    17260800           32        2960.924   1104691200     69043200
    18986496            1         403.319     37972992      2373312
    18986496            2         410.800     75945984      4746624
    18986496            4         518.927    151891968      9493248
    18986496            8         839.315    303783936     18986496
    18986496           16        1834.208    607567872     37972992
    18986496           32        3103.063   1215135744     75945984
    20884992            1         470.224     41769984      2610624
    20884992            2         485.369     83539968      5221248
    20884992            4         614.783    167079936     10442496
    20884992            8        1006.432    334159872     20884992
    20884992           16        1719.608    668319744     41769984
    20884992           32        3473.552   1336639488     83539968
    22973184            1         461.732     45946368      2871648
    22973184            2         458.478     91892736      5743296
    22973184            4         627.560    183785472     11486592
    22973184            8        1259.318    367570944     22973184
    22973184           16        2081.720    735141888     45946368
    22973184           32        3940.548   1470283776     91892736
    25270272            1         488.268     50540544      3158784
    25270272            2         532.858    101081088      6317568
    25270272            4         666.268    202162176     12635136
    25270272            8        1050.426    404324352     25270272
    25270272           16        1972.875    808648704     50540544
    25270272           32        3408.100   1617297408    101081088
    27796992            1         417.200     55593984      3474624
    27796992            2         519.411    111187968      6949248
    27796992            4         645.540    222375936     13898496
    27796992            8        1180.149    444751872     27796992
    27796992           16        2590.460    889503744     55593984
    27796992           32        3533.991   1779007488    111187968
    30576384            1         402.357     61152768      3822048
    30576384            2         506.365    122305536      7644096
    30576384            4         657.880    244611072     15288192
    30576384            8        1463.335    489222144     30576384
    30576384           16        1406.933    978444288     61152768
    30576384           32        4875.865   1956888576    122305536
    33633792            1         542.248     67267584      4204224
    33633792            2         590.954    134535168      8408448
    33633792            4         855.126    269070336     16816896
    33633792            8        1352.055    538140672     33633792
    33633792           16        2380.268   1076281344     67267584
    36996864            1         412.299     73993728      4624608
    36996864            2         550.958    147987456      9249216
    36996864            4         710.533    295974912     18498432
    36996864            8        1542.733    591949824     36996864
    36996864           16        2975.020   1183899648     73993728
    40696320            1         512.112     81392640      5087040
    40696320            2         604.928    162785280     10174080
    40696320            4         713.918    325570560     20348160
    40696320            8        1172.725    651141120     40696320
    40696320           16        3172.087   1302282240     81392640
    44765952            1         479.816     89531904      5595744
    44765952            2         943.166    179063808     11191488
    44765952            4         924.736    358127616     22382976
    44765952            8        1767.882    716255232     44765952
    44765952           16        3714.229   1432510464     89531904
    49241856            1         576.192     98483712      6155232
    49241856            2         576.266    196967424     12310464
    49241856            4         850.841    393934848     24620928
    49241856            8        1452.952    787869696     49241856
    49241856           16        3110.531   1575739392     98483712
    54165504            1         632.789    108331008      6770688
    54165504            2         785.581    216662016     13541376
    54165504            4        1213.912    433324032     27082752
    54165504            8        2313.918    866648064     54165504
    54165504           16        4386.410   1733296128    108331008
    59581440            1         877.100    119162880      7447680
    59581440            2         770.454    238325760     14895360
    59581440            4        1294.924    476651520     29790720
    59581440            8        2409.472    953303040     59581440
    59581440           16        2666.733   1906606080    119162880
    65539584            1         801.184    131079168      8192448
    65539584            2         729.160    262158336     16384896
    65539584            4        1298.706    524316672     32769792
    65539584            8        2757.736   1048633344     65539584
    65539584           16        2638.709   2097266688    131079168
    72092928            1        1244.817    144185856      9011616
    72092928            2         882.573    288371712     18023232
    72092928            4        1640.432    576743424     36046464
    72092928            8        3050.784   1153486848     72092928
    79302144            1        1092.563    158604288      9912768
    79302144            2        1070.962    317208576     19825536
    79302144            4        2138.980    634417152     39651072
    79302144            8        2846.290   1268834304     79302144
    87231744            1        1672.240    174463488     10903968
    87231744            2        1791.648    348926976     21807936
    87231744            4        3359.580    697853952     43615872
    87231744            8        3658.484   1395707904     87231744
    95954688            1        2612.490    191909376     11994336
    95954688            2        4657.017    383818752     23988672
    95954688            4        3835.007    767637504     47977344
    95954688            8        6470.910   1535275008     95954688
   105550080            1        2763.242    211100160     13193760
   105550080            2        4101.938    422200320     26387520
   105550080            4        4363.876    844400640     52775040
   105550080            8        4658.290   1688801280    105550080
   116104704            1        4440.794    232209408     14513088
   116104704            2        8677.671    464418816     29026176
   116104704            4       11329.863    928837632     58052352
   116104704            8       15658.632   1857675264    116104704
   127714560            1        5680.827    255429120     15964320
   127714560            2       11019.815    510858240     31928640
   127714560            4        8225.550   1021716480     63857280
   127714560            8       20561.454   2043432960    127714560
   140485632            1        7077.065    280971264     17560704
   140485632            2       13164.364    561942528     35121408
   140485632            4       16493.900   1123885056     70242816
   154533888            1        4559.660    309067776     19316736
   154533888            2        7674.658    618135552     38633472
   154533888            4       20605.704   1236271104     77266944
   169986816            1        8590.727    339973632     21248352
   169986816            2       18398.628    679947264     42496704
   169986816            4       28214.239   1359894528     84993408
   186984960            1        7958.698    373969920     23373120
   186984960            2       20452.547    747939840     46746240
   186984960            4       27620.007   1495879680     93492480
   205683456            1        9655.898    411366912     25710432
   205683456            2       23885.168    822733824     51420864
   205683456            4       35869.043   1645467648    102841728
   226251264            1       10432.127    452502528     28281408
   226251264            2       24121.819    905005056     56562816
   226251264            4       39815.144   1810010112    113125632
   248875776            1        5241.485    497751552     31109472
   248875776            2       29300.128    995503104     62218944
   248875776            4       32386.113   1991006208    124437888
   273762816            1        8555.259    547525632     34220352
   273762816            2       21795.475   1095051264     68440704
   301138944            1        7396.538    602277888     37642368
   301138944            2       38855.658   1204555776     75284736
   331252224            1       18109.431    662504448     41406528
   331252224            2       29032.590   1325008896     82813056
   364376832            1       24204.130    728753664     45547104
   364376832            2       46439.620   1457507328     91094208
   400813824            1       10936.779    801627648     50101728
   400813824            2       38148.197   1603255296    100203456
   440894976            1       28509.186    881789952     55111872
   440894976            2       56429.145   1763579904    110223744
   484984320            1       29541.164    969968640     60623040
   484984320            2       49324.527   1939937280    121246080
   533482752            1       28502.017   1066965504     66685344
   533482752            2       57711.760   2133931008    133370688
   586830336            1       24976.221   1173660672     73353792
   645513216            1       36943.944   1291026432     80689152
   710064384            1       42672.750   1420128768     88758048
   781070592            1       34541.127   1562141184     97633824
   859176960            1       33389.800   1718353920    107397120
   945094656            1       50702.169   1890189312    118136832
  1039603968            1       49246.640   2079207936    129950496

META_DATA
FLOPS          1
OPENMP_THREADS 96
ERT_VERSION  1.1.0
TIMESTAMP_DATA  1634099607.38
HOSTNAME  ('pmemMachine0', ['pmemMachine0.local'], ['fe80::f035:4ef3:770d:269e'])
UNAME  ('Linux', 'pmemMachine0', '5.9.13-derrick-pmo', '#120 SMP Tue Sep 28 02:02:07 EDT 2021', 'x86_64', 'x86_64')
CONFIG  {'ERT_WORKING_SET_MIN': ['1'], 'ERT_CFLAGS': ['-O3'], 'ERT_CC': ['gcc'], 'ERT_OPENMP_LDFLAGS': ['-fopenmp'], 'ERT_MEMORY_MAX': ['1073741824'], 'ERT_LDFLAGS': [], 'ERT_LDLIBS': [], 'ERT_SPEC_GBYTES_DRAM': ['300'], 'ERT_RUN': ['export', 'KMP_AFFINITY=scatter;', 'export', 'OMP_NUM_THREADS=ERT_OPENMP_THREADS;', 'ERT_CODE'], 'ERT_FLOPS': ['1,2,4,8,16'], 'ERT_OPENMP_CFLAGS': ['-fopenmp'], 'ERT_SPEC_GFLOPS': ['1000'], 'ERT_MPI': [False], 'ERT_TRIALS_MIN': ['1'], 'ERT_DRIVER': ['driver1'], 'ERT_RESULTS': ['Results.madonna.lbl.gov.02'], 'ERT_OPENMP': ['True'], 'ERT_OPENMP_THREADS': ['1,2,4,8,16,32,48,64,80,96,112,128,144,160'], 'ERT_KERNEL': ['kernel1'], 'ERT_GPU': [False], 'ERT_LD': ['gcc'], 'ERT_NUM_EXPERIMENTS': ['3'], 'ERT_ALIGN': ['32'], 'ERT_GNUPLOT': ['gnuplot']}
