         768            1         212.320         1536           96
         768            2         181.136         3072          192
         768            4         179.341         6144          384
         768            8         208.190        12288          768
         768           16         183.830        24576         1536
         768           32           0.902        49152         3072
         768           64         273.623        98304         6144
         768          128         219.214       196608        12288
         768          256         232.423       393216        24576
         768          512         176.117       786432        49152
         768         1024         265.275      1572864        98304
         768         2048         172.588      3145728       196608
         768         4096         207.243      6291456       393216
         768         8192         273.069     12582912       786432
         768        16384         297.443     25165824      1572864
         768        32768         439.652     50331648      3145728
         768        65536         803.790    100663296      6291456
         768       131072        1591.065    201326592     12582912
         768       262144        2595.835    402653184     25165824
         768       524288        4006.301    805306368     50331648
         768      1048576        6700.155   1610612736    100663296
        1536            1         183.220         3072          192
        1536            2         158.042         6144          384
        1536            4         223.304        12288          768
        1536            8         168.300        24576         1536
        1536           16         213.892        49152         3072
        1536           32         167.629        98304         6144
        1536           64         184.763       196608        12288
        1536          128         226.487       393216        24576
        1536          256         204.102       786432        49152
        1536          512         247.546      1572864        98304
        1536         1024         175.636      3145728       196608
        1536         2048         181.624      6291456       393216
        1536         4096         193.544     12582912       786432
        1536         8192         183.255     25165824      1572864
        1536        16384         320.786     50331648      3145728
        1536        32768         606.550    100663296      6291456
        1536        65536         957.665    201326592     12582912
        1536       131072        1004.381    402653184     25165824
        1536       262144        2871.500    805306368     50331648
        1536       524288        5456.049   1610612736    100663296
        2304            1         308.658         4608          288
        2304            2         174.482         9216          576
        2304            4         192.594        18432         1152
        2304            8         202.973        36864         2304
        2304           16           2.821        73728         4608
        2304           32         193.498       147456         9216
        2304           64         185.520       294912        18432
        2304          128         240.381       589824        36864
        2304          256         203.468      1179648        73728
        2304          512         208.257      2359296       147456
        2304         1024         185.953      4718592       294912
        2304         2048         223.704      9437184       589824
        2304         4096         254.101     18874368      1179648
        2304         8192         332.872     37748736      2359296
        2304        16384         525.561     75497472      4718592
        2304        32768         832.454    150994944      9437184
        2304        65536        1234.087    301989888     18874368
        2304       131072        2151.887    603979776     37748736
        2304       262144        3970.708   1207959552     75497472
        3072            1         219.784         6144          384
        3072            2         244.728        12288          768
        3072            4         273.598        24576         1536
        3072            8         336.010        49152         3072
        3072           16         305.968        98304         6144
        3072           32         243.167       196608        12288
        3072           64         225.124       393216        24576
        3072          128         321.255       786432        49152
        3072          256         286.542      1572864        98304
        3072          512         247.626      3145728       196608
        3072         1024         211.643      6291456       393216
        3072         2048         242.798     12582912       786432
        3072         4096         234.389     25165824      1572864
        3072         8192         355.183     50331648      3145728
        3072        16384         451.148    100663296      6291456
        3072        32768         680.373    201326592     12582912
        3072        65536        1489.693    402653184     25165824
        3072       131072        2843.268    805306368     50331648
        3072       262144        4215.160   1610612736    100663296
        3840            1         281.650         7680          480
        3840            2         255.521        15360          960
        3840            4         351.558        30720         1920
        3840            8         258.532        61440         3840
        3840           16         234.892       122880         7680
        3840           32         292.102       245760        15360
        3840           64         209.961       491520        30720
        3840          128         244.809       983040        61440
        3840          256         245.849      1966080       122880
        3840          512         302.231      3932160       245760
        3840         1024         285.988      7864320       491520
        3840         2048         296.031     15728640       983040
        3840         4096         257.512     31457280      1966080
        3840         8192         371.369     62914560      3932160
        3840        16384         542.556    125829120      7864320
        3840        32768         867.649    251658240     15728640
        3840        65536        1605.792    503316480     31457280
        3840       131072        3449.265   1006632960     62914560
        3840       262144        5392.600   2013265920    125829120
        4608            1         312.223         9216          576
        4608            2         317.876        18432         1152
        4608            4         292.304        36864         2304
        4608            8         306.802        73728         4608
        4608           16         264.495       147456         9216
        4608           32         260.618       294912        18432
        4608           64         298.186       589824        36864
        4608          128         276.179      1179648        73728
        4608          256         238.759      2359296       147456
        4608          512         254.110      4718592       294912
        4608         1024         297.018      9437184       589824
        4608         2048         264.600     18874368      1179648
        4608         4096         405.051     37748736      2359296
        4608         8192         335.724     75497472      4718592
        4608        16384         698.119    150994944      9437184
        4608        32768        1306.888    301989888     18874368
        4608        65536        1957.483    603979776     37748736
        4608       131072        2945.511   1207959552     75497472
        5376            1         273.254        10752          672
        5376            2         291.896        21504         1344
        5376            4         280.422        43008         2688
        5376            8         271.937        86016         5376
        5376           16         299.322       172032        10752
        5376           32         267.627       344064        21504
        5376           64         294.742       688128        43008
        5376          128         319.085      1376256        86016
        5376          256         307.064      2752512       172032
        5376          512          13.176      5505024       344064
        5376         1024         320.849     11010048       688128
        5376         2048         263.700     22020096      1376256
        5376         4096         372.051     44040192      2752512
        5376         8192         422.753     88080384      5505024
        5376        16384         704.976    176160768     11010048
        5376        32768        1094.734    352321536     22020096
        5376        65536        2144.152    704643072     44040192
        5376       131072        4263.073   1409286144     88080384
        6144            1         276.203        12288          768
        6144            2         236.256        24576         1536
        6144            4         332.792        49152         3072
        6144            8         289.953        98304         6144
        6144           16         371.956       196608        12288
        6144           32         263.830       393216        24576
        6144           64         334.716       786432        49152
        6144          128         257.129      1572864        98304
        6144          256         258.248      3145728       196608
        6144          512         329.194      6291456       393216
        6144         1024         308.443     12582912       786432
        6144         2048         399.436     25165824      1572864
        6144         4096         391.944     50331648      3145728
        6144         8192         361.771    100663296      6291456
        6144        16384         653.016    201326592     12582912
        6144        32768        1041.609    402653184     25165824
        6144        65536        1641.590    805306368     50331648
        6144       131072        4478.582   1610612736    100663296
        6912            1         306.620        13824          864
        6912            2         365.060        27648         1728
        6912            4         295.444        55296         3456
        6912            8         291.353       110592         6912
        6912           16         320.167       221184        13824
        6912           32         304.197       442368        27648
        6912           64           1.879       884736        55296
        6912          128         316.149      1769472       110592
        6912          256         329.636      3538944       221184
        6912          512         315.134      7077888       442368
        6912         1024         355.395     14155776       884736
        6912         2048         417.020     28311552      1769472
        6912         4096         377.300     56623104      3538944
        6912         8192         458.020    113246208      7077888
        6912        16384         761.854    226492416     14155776
        6912        32768        1699.843    452984832     28311552
        6912        65536        2893.698    905969664     56623104
        6912       131072        5661.700   1811939328    113246208
        7680            1         329.529        15360          960
        7680            2         275.607        30720         1920
        7680            4         298.146        61440         3840
        7680            8         298.245       122880         7680
        7680           16         355.693       245760        15360
        7680           32         303.530       491520        30720
        7680           64         263.122       983040        61440
        7680          128         307.594      1966080       122880
        7680          256         358.216      3932160       245760
        7680          512         316.422      7864320       491520
        7680         1024         314.989     15728640       983040
        7680         2048         306.654     31457280      1966080
        7680         4096         372.620     62914560      3932160
        7680         8192         491.352    125829120      7864320
        7680        16384        1074.070    251658240     15728640
        7680        32768        1847.450    503316480     31457280
        7680        65536        3139.168   1006632960     62914560
        7680       131072        6140.485   2013265920    125829120
        8448            1         321.778        16896         1056
        8448            2         311.817        33792         2112
        8448            4         324.493        67584         4224
        8448            8         319.621       135168         8448
        8448           16         341.215       270336        16896
        8448           32         269.066       540672        33792
        8448           64         312.501      1081344        67584
        8448          128         327.122      2162688       135168
        8448          256          11.549      4325376       270336
        8448          512         379.444      8650752       540672
        8448         1024         329.702     17301504      1081344
        8448         2048         361.045     34603008      2162688
        8448         4096         461.292     69206016      4325376
        8448         8192         687.862    138412032      8650752
        8448        16384        1053.028    276824064     17301504
        8448        32768        1969.900    553648128     34603008
        8448        65536        3881.974   1107296256     69206016
        9216            1         300.209        18432         1152
        9216            2         303.225        36864         2304
        9216            4         326.835        73728         4608
        9216            8         290.156       147456         9216
        9216           16         370.633       294912        18432
        9216           32           6.616       589824        36864
        9216           64         317.288      1179648        73728
        9216          128         346.400      2359296       147456
        9216          256         338.676      4718592       294912
        9216          512         345.563      9437184       589824
        9216         1024         369.942     18874368      1179648
        9216         2048         407.180     37748736      2359296
        9216         4096         400.834     75497472      4718592
        9216         8192         532.238    150994944      9437184
        9216        16384        1061.913    301989888     18874368
        9216        32768        1993.003    603979776     37748736
        9216        65536        3739.236   1207959552     75497472
        9984            1           8.957        19968         1248
        9984            2         392.424        39936         2496
        9984            4         386.242        79872         4992
        9984            8         339.444       159744         9984
        9984           16         412.640       319488        19968
        9984           32         372.754       638976        39936
        9984           64         360.418      1277952        79872
        9984          128         318.994      2555904       159744
        9984          256         390.170      5111808       319488
        9984          512         375.496     10223616       638976
        9984         1024         398.323     20447232      1277952
        9984         2048         413.530     40894464      2555904
        9984         4096         436.524     81788928      5111808
        9984         8192         643.905    163577856     10223616
        9984        16384        1318.754    327155712     20447232
        9984        32768        2388.100    654311424     40894464
        9984        65536        4446.871   1308622848     81788928
       10752            1         381.540        21504         1344
       10752            2         441.054        43008         2688
       10752            4         388.480        86016         5376
       10752            8         379.100       172032        10752
       10752           16         302.964       344064        21504
       10752           32         308.016       688128        43008
       10752           64         355.736      1376256        86016
       10752          128         327.434      2752512       172032
       10752          256         330.320      5505024       344064
       10752          512         368.028     11010048       688128
       10752         1024         396.074     22020096      1376256
       10752         2048         367.760     44040192      2752512
       10752         4096         416.838     88080384      5505024
       10752         8192         551.727    176160768     11010048
       10752        16384        1437.544    352321536     22020096
       10752        32768        2752.492    704643072     44040192
       10752        65536        4187.450   1409286144     88080384
       11520            1         376.080        23040         1440
       11520            2         331.642        46080         2880
       11520            4         394.068        92160         5760
       11520            8         329.036       184320        11520
       11520           16         310.280       368640        23040
       11520           32         356.366       737280        46080
       11520           64           3.253      1474560        92160
       11520          128         357.448      2949120       184320
       11520          256         379.429      5898240       368640
       11520          512         341.407     11796480       737280
       11520         1024         350.665     23592960      1474560
       11520         2048         397.021     47185920      2949120
       11520         4096         452.752     94371840      5898240
       11520         8192         716.329    188743680     11796480
       11520        16384        1238.629    377487360     23592960
       11520        32768        2649.084    754974720     47185920
       11520        65536        3781.279   1509949440     94371840
       12288            1         366.060        24576         1536
       12288            2         378.499        49152         3072
       12288            4         373.052        98304         6144
       12288            8         356.674       196608        12288
       12288           16         331.813       393216        24576
       12288           32         356.696       786432        49152
       12288           64         395.260      1572864        98304
       12288          128         399.888      3145728       196608
       12288          256         405.285      6291456       393216
       12288          512         390.742     12582912       786432
       12288         1024         343.635     25165824      1572864
       12288         2048         387.325     50331648      3145728
       12288         4096         417.032    100663296      6291456
       12288         8192         714.728    201326592     12582912
       12288        16384        1164.618    402653184     25165824
       12288        32768        1596.568    805306368     50331648
       12288        65536        4094.007   1610612736    100663296
       13056            1         357.451        26112         1632
       13056            2         316.500        52224         3264
       13056            4         487.792       104448         6528
       13056            8         327.425       208896        13056
       13056           16         325.542       417792        26112
       13056           32         347.665       835584        52224
       13056           64         352.733      1671168       104448
       13056          128         370.236      3342336       208896
       13056          256         404.209      6684672       417792
       13056          512         411.608     13369344       835584
       13056         1024         388.440     26738688      1671168
       13056         2048         422.764     53477376      3342336
       13056         4096         468.680    106954752      6684672
       13056         8192         619.332    213909504     13369344
       13056        16384        1434.105    427819008     26738688
       13056        32768        2140.456    855638016     53477376
       13056        65536        5182.056   1711276032    106954752
       13824            1         353.148        27648         1728
       13824            2         294.308        55296         3456
       13824            4         379.916       110592         6912
       13824            8         528.710       221184        13824
       13824           16         381.052       442368        27648
       13824           32         330.747       884736        55296
       13824           64         338.224      1769472       110592
       13824          128         376.408      3538944       221184
       13824          256         351.826      7077888       442368
       13824          512         335.462     14155776       884736
       13824         1024         422.165     28311552      1769472
       13824         2048         380.862     56623104      3538944
       13824         4096         502.621    113246208      7077888
       13824         8192         869.853    226492416     14155776
       13824        16384        1751.058    452984832     28311552
       13824        32768        2795.816    905969664     56623104
       13824        65536        4068.587   1811939328    113246208
       14592            1         364.640        29184         1824
       14592            2         381.059        58368         3648
       14592            4         319.574       116736         7296
       14592            8         312.268       233472        14592
       14592           16         403.746       466944        29184
       14592           32         331.232       933888        58368
       14592           64         345.217      1867776       116736
       14592          128         327.796      3735552       233472
       14592          256         411.670      7471104       466944
       14592          512         382.108     14942208       933888
       14592         1024         489.940     29884416      1867776
       14592         2048         424.406     59768832      3735552
       14592         4096         588.404    119537664      7471104
       14592         8192         958.480    239075328     14942208
       14592        16384        1734.055    478150656     29884416
       14592        32768        3081.833    956301312     59768832
       14592        65536        4510.370   1912602624    119537664
       15360            1         354.498        30720         1920
       15360            2         382.180        61440         3840
       15360            4         358.162       122880         7680
       15360            8           8.135       245760        15360
       15360           16         354.219       491520        30720
       15360           32         334.969       983040        61440
       15360           64         370.676      1966080       122880
       15360          128         354.031      3932160       245760
       15360          256         443.449      7864320       491520
       15360          512         356.133     15728640       983040
       15360         1024         395.600     31457280      1966080
       15360         2048         404.172     62914560      3932160
       15360         4096         620.904    125829120      7864320
       15360         8192         903.452    251658240     15728640
       15360        16384        1576.012    503316480     31457280
       15360        32768        3312.448   1006632960     62914560
       15360        65536        5520.168   2013265920    125829120
       16896            1         363.560        33792         2112
       16896            2         330.613        67584         4224
       16896            4         317.211       135168         8448
       16896            8         355.962       270336        16896
       16896           16           1.923       540672        33792
       16896           32         326.076      1081344        67584
       16896           64         362.053      2162688       135168
       16896          128         374.516      4325376       270336
       16896          256         415.903      8650752       540672
       16896          512         440.996     17301504      1081344
       16896         1024         390.560     34603008      2162688
       16896         2048         462.044     69206016      4325376
       16896         4096         479.512    138412032      8650752
       16896         8192        1260.571    276824064     17301504
       16896        16384        1660.600    553648128     34603008
       16896        32768        2540.869   1107296256     69206016
       18432            1         422.032        36864         2304
       18432            2         347.669        73728         4608
       18432            4         353.380       147456         9216
       18432            8         389.064       294912        18432
       18432           16         356.520       589824        36864
       18432           32         427.695      1179648        73728
       18432           64         340.056      2359296       147456
       18432          128         340.087      4718592       294912
       18432          256         426.443      9437184       589824
       18432          512          20.761     18874368      1179648
       18432         1024         460.410     37748736      2359296
       18432         2048         489.532     75497472      4718592
       18432         4096         690.696    150994944      9437184
       18432         8192         844.988    301989888     18874368
       18432        16384        1059.946    603979776     37748736
       18432        32768        1971.251   1207959552     75497472
       19968            1         382.796        39936         2496
       19968            2         321.300        79872         4992
       19968            4         309.100       159744         9984
       19968            8           8.260       319488        19968
       19968           16         368.933       638976        39936
       19968           32         359.386      1277952        79872
       19968           64         399.941      2555904       159744
       19968          128         325.602      5111808       319488
       19968          256         320.148     10223616       638976
       19968          512         417.801     20447232      1277952
       19968         1024         411.236     40894464      2555904
       19968         2048         420.432     81788928      5111808
       19968         4096         546.714    163577856     10223616
       19968         8192        1247.948    327155712     20447232
       19968        16384        2130.417    654311424     40894464
       19968        32768        3016.559   1308622848     81788928
       21504            1         388.542        43008         2688
       21504            2           4.705        86016         5376
       21504            4         388.760       172032        10752
       21504            8         400.956       344064        21504
       21504           16         367.295       688128        43008
       21504           32         366.609      1376256        86016
       21504           64         417.641      2752512       172032
       21504          128         448.431      5505024       344064
       21504          256         402.268     11010048       688128
       21504          512         394.768     22020096      1376256
       21504         1024         398.136     44040192      2752512
       21504         2048         419.312     88080384      5505024
       21504         4096         779.328    176160768     11010048
       21504         8192        1049.119    352321536     22020096
       21504        16384        2005.244    704643072     44040192
       21504        32768        3978.585   1409286144     88080384
       23040            1         322.287        46080         2880
       23040            2         324.295        92160         5760
       23040            4         375.680       184320        11520
       23040            8         332.054       368640        23040
       23040           16         379.858       737280        46080
       23040           32         331.203      1474560        92160
       23040           64         453.387      2949120       184320
       23040          128         336.527      5898240       368640
       23040          256         375.730     11796480       737280
       23040          512         430.727     23592960      1474560
       23040         1024         386.624     47185920      2949120
       23040         2048         459.770     94371840      5898240
       23040         4096         695.576    188743680     11796480
       23040         8192        1337.064    377487360     23592960
       23040        16384        2418.006    754974720     47185920
       23040        32768        1402.704   1509949440     94371840
       25344            1         328.907        50688         3168
       25344            2         324.245       101376         6336
       25344            4          10.636       202752        12672
       25344            8         334.922       405504        25344
       25344           16         348.301       811008        50688
       25344           32         394.450      1622016       101376
       25344           64         306.668      3244032       202752
       25344          128         396.334      6488064       405504
       25344          256         357.660     12976128       811008
       25344          512         321.312     25952256      1622016
       25344         1024         431.816     51904512      3244032
       25344         2048         519.480    103809024      6488064
       25344         4096         837.756    207618048     12976128
       25344         8192        1344.222    415236096     25952256
       25344        16384        2332.080    830472192     51904512
       25344        32768        4903.594   1660944384    103809024
       27648            1         401.505        55296         3456
       27648            2         329.233       110592         6912
       27648            4         331.332       221184        13824
       27648            8         338.990       442368        27648
       27648           16         317.149       884736        55296
       27648           32         386.663      1769472       110592
       27648           64         369.896      3538944       221184
       27648          128         391.116      7077888       442368
       27648          256         360.440     14155776       884736
       27648          512         569.140     28311552      1769472
       27648         1024         408.808     56623104      3538944
       27648         2048         497.426    113246208      7077888
       27648         4096         796.690    226492416     14155776
       27648         8192        1547.365    452984832     28311552
       27648        16384        2747.573    905969664     56623104
       27648        32768        4926.459   1811939328    113246208
       29952            1         379.448        59904         3744
       29952            2         392.528       119808         7488
       29952            4         320.066       239616        14976
       29952            8         354.356       479232        29952
       29952           16         367.136       958464        59904
       29952           32         318.524      1916928       119808
       29952           64         379.304      3833856       239616
       29952          128         364.559      7667712       479232
       29952          256         428.043     15335424       958464
       29952          512         406.526     30670848      1916928
       29952         1024         378.542     61341696      3833856
       29952         2048         502.312    122683392      7667712
       29952         4096         603.047    245366784     15335424
       29952         8192        1181.532    490733568     30670848
       29952        16384        2969.603    981467136     61341696
       29952        32768        5373.004   1962934272    122683392
       32256            1         372.136        64512         4032
       32256            2         432.411       129024         8064
       32256            4         322.964       258048        16128
       32256            8         315.365       516096        32256
       32256           16         326.559      1032192        64512
       32256           32         413.195      2064384       129024
       32256           64         350.380      4128768       258048
       32256          128         332.240      8257536       516096
       32256          256         453.836     16515072      1032192
       32256          512         374.183     33030144      2064384
       32256         1024         435.720     66060288      4128768
       32256         2048         639.128    132120576      8257536
       32256         4096         960.320    264241152     16515072
       32256         8192        1664.210    528482304     33030144
       32256        16384        3623.364   1056964608     66060288
       32256        32768        3241.671   2113929216    132120576
       35328            1         336.104        70656         4416
       35328            2         365.229       141312         8832
       35328            4         352.107       282624        17664
       35328            8         363.436       565248        35328
       35328           16           9.960      1130496        70656
       35328           32         363.008      2260992       141312
       35328           64         375.072      4521984       282624
       35328          128         322.912      9043968       565248
       35328          256         410.294     18087936      1130496
       35328          512         437.714     36175872      2260992
       35328         1024         406.246     72351744      4521984
       35328         2048         551.182    144703488      9043968
       35328         4096        1058.074    289406976     18087936
       35328         8192        1827.081    578813952     36175872
       35328        16384        3384.800   1157627904     72351744
       38400            1         354.302        76800         4800
       38400            2         355.702       153600         9600
       38400            4         357.420       307200        19200
       38400            8         387.713       614400        38400
       38400           16         322.871      1228800        76800
       38400           32         353.669      2457600       153600
       38400           64         348.286      4915200       307200
       38400          128         331.448      9830400       614400
       38400          256         403.362     19660800      1228800
       38400          512         393.467     39321600      2457600
       38400         1024         430.388     78643200      4915200
       38400         2048         604.528    157286400      9830400
       38400         4096         630.384    314572800     19660800
       38400         8192        1561.304    629145600     39321600
       38400        16384        2258.063   1258291200     78643200
       42240            1         471.053        84480         5280
       42240            2         378.472       168960        10560
       42240            4         312.455       337920        21120
       42240            8         341.760       675840        42240
       42240           16         353.064      1351680        84480
       42240           32         373.560      2703360       168960
       42240           64         320.526      5406720       337920
       42240          128         416.166     10813440       675840
       42240          256         381.587     21626880      1351680
       42240          512         375.480     43253760      2703360
       42240         1024         460.458     86507520      5406720
       42240         2048         486.836    173015040     10813440
       42240         4096         968.848    346030080     21626880
       42240         8192        1169.132    692060160     43253760
       42240        16384        2574.100   1384120320     86507520
       46080            1         379.284        92160         5760
       46080            2         362.127       184320        11520
       46080            4         370.694       368640        23040
       46080            8         297.311       737280        46080
       46080           16         350.824      1474560        92160
       46080           32         371.604      2949120       184320
       46080           64         322.914      5898240       368640
       46080          128         314.660     11796480       737280
       46080          256         360.960     23592960      1474560
       46080          512         404.800     47185920      2949120
       46080         1024         432.072     94371840      5898240
       46080         2048         577.146    188743680     11796480
       46080         4096        1163.771    377487360     23592960
       46080         8192        2280.792    754974720     47185920
       46080        16384        4121.005   1509949440     94371840
       50688            1         362.422       101376         6336
       50688            2         291.975       202752        12672
       50688            4         318.623       405504        25344
       50688            8         346.089       811008        50688
       50688           16         383.500      1622016       101376
       50688           32         328.648      3244032       202752
       50688           64         369.023      6488064       405504
       50688          128         367.244     12976128       811008
       50688          256         386.020     25952256      1622016
       50688          512         394.166     51904512      3244032
       50688         1024         509.488    103809024      6488064
       50688         2048         702.100    207618048     12976128
       50688         4096        1256.006    415236096     25952256
       50688         8192        1512.745    830472192     51904512
       50688        16384        2438.507   1660944384    103809024
       55296            1         412.569       110592         6912
       55296            2           8.330       221184        13824
       55296            4         328.316       442368        27648
       55296            8         350.990       884736        55296
       55296           16         350.180      1769472       110592
       55296           32         359.452      3538944       221184
       55296           64         390.560      7077888       442368
       55296          128         349.502     14155776       884736
       55296          256         384.992     28311552      1769472
       55296          512         431.800     56623104      3538944
       55296         1024         438.588    113246208      7077888
       55296         2048         579.338    226492416     14155776
       55296         4096        1312.240    452984832     28311552
       55296         8192        2636.776    905969664     56623104
       55296        16384        4813.345   1811939328    113246208
       60672            1         376.299       121344         7584
       60672            2         414.596       242688        15168
       60672            4         385.546       485376        30336
       60672            8         361.520       970752        60672
       60672           16         347.306      1941504       121344
       60672           32         498.718      3883008       242688
       60672           64         347.630      7766016       485376
       60672          128         423.832     15532032       970752
       60672          256         423.510     31064064      1941504
       60672          512         389.267     62128128      3883008
       60672         1024         497.158    124256256      7766016
       60672         2048         810.043    248512512     15532032
       60672         4096        1584.731    497025024     31064064
       60672         8192        3021.445    994050048     62128128
       60672        16384        5316.893   1988100096    124256256
       66048            1         422.275       132096         8256
       66048            2         384.766       264192        16512
       66048            4         330.774       528384        33024
       66048            8         358.062      1056768        66048
       66048           16         420.414      2113536       132096
       66048           32         383.196      4227072       264192
       66048           64         391.492      8454144       528384
       66048          128         371.371     16908288      1056768
       66048          256         420.125     33816576      2113536
       66048          512         404.347     67633152      4227072
       66048         1024         611.231    135266304      8454144
       66048         2048         804.535    270532608     16908288
       66048         4096        1038.180    541065216     33816576
       66048         8192        2010.647   1082130432     67633152
       72192            1         330.867       144384         9024
       72192            2         387.356       288768        18048
       72192            4         337.274       577536        36096
       72192            8           2.860      1155072        72192
       72192           16         362.590      2310144       144384
       72192           32         343.990      4620288       288768
       72192           64         324.020      9240576       577536
       72192          128         360.026     18481152      1155072
       72192          256         376.110     36962304      2310144
       72192          512         399.707     73924608      4620288
       72192         1024         547.778    147849216      9240576
       72192         2048        1061.827    295698432     18481152
       72192         4096        1864.038    591396864     36962304
       72192         8192        3346.225   1182793728     73924608
       79104            1         397.400       158208         9888
       79104            2         557.027       316416        19776
       79104            4         429.896       632832        39552
       79104            8         343.766      1265664        79104
       79104           16         320.224      2531328       158208
       79104           32         346.676      5062656       316416
       79104           64         380.846     10125312       632832
       79104          128         378.532     20250624      1265664
       79104          256         350.526     40501248      2531328
       79104          512         415.386     81002496      5062656
       79104         1024         617.162    162004992     10125312
       79104         2048         988.748    324009984     20250624
       79104         4096        2041.802    648019968     40501248
       79104         8192        3571.920   1296039936     81002496
       86784            1         392.164       173568        10848
       86784            2         370.659       347136        21696
       86784            4         387.022       694272        43392
       86784            8         425.555      1388544        86784
       86784           16         382.713      2777088       173568
       86784           32         330.862      5554176       347136
       86784           64         472.378     11108352       694272
       86784          128         374.938     22216704      1388544
       86784          256         446.460     44433408      2777088
       86784          512         477.044     88866816      5554176
       86784         1024         660.582    177733632     11108352
       86784         2048        1155.979    355467264     22216704
       86784         4096        2478.215    710934528     44433408
       86784         8192        3030.709   1421869056     88866816
       95232            1         350.779       190464        11904
       95232            2         362.324       380928        23808
       95232            4           5.218       761856        47616
       95232            8         344.942      1523712        95232
       95232           16         340.696      3047424       190464
       95232           32         377.534      6094848       380928
       95232           64         327.200     12189696       761856
       95232          128         366.288     24379392      1523712
       95232          256         416.988     48758784      3047424
       95232          512         556.506     97517568      6094848
       95232         1024         672.272    195035136     12189696
       95232         2048        1174.148    390070272     24379392
       95232         4096        2098.196    780140544     48758784
       95232         8192        3317.860   1560281088     97517568
      104448            1         359.723       208896        13056
      104448            2         305.686       417792        26112
      104448            4         376.399       835584        52224
      104448            8         422.050      1671168       104448
      104448           16         350.395      3342336       208896
      104448           32         357.182      6684672       417792
      104448           64         355.540     13369344       835584
      104448          128         429.866     26738688      1671168
      104448          256         379.883     53477376      3342336
      104448          512         454.729    106954752      6684672
      104448         1024         577.332    213909504     13369344
      104448         2048         637.756    427819008     26738688
      104448         4096        1344.133    855638016     53477376
      104448         8192        4561.167   1711276032    106954752
      114432            1         352.232       228864        14304
      114432            2         378.280       457728        28608
      114432            4         358.632       915456        57216
      114432            8         344.468      1830912       114432
      114432           16         343.706      3661824       228864
      114432           32         394.875      7323648       457728
      114432           64         331.264     14647296       915456
      114432          128         334.760     29294592      1830912
      114432          256         369.830     58589184      3661824
      114432          512         467.528    117178368      7323648
      114432         1024         699.575    234356736     14647296
      114432         2048        1432.632    468713472     29294592
      114432         4096        3176.393    937426944     58589184
      114432         8192        3826.923   1874853888    117178368
      125184            1         385.014       250368        15648
      125184            2         357.220       500736        31296
      125184            4         394.008      1001472        62592
      125184            8         397.660      2002944       125184
      125184           16         383.080      4005888       250368
      125184           32         343.192      8011776       500736
      125184           64         450.945     16023552      1001472
      125184          128         357.786     32047104      2002944
      125184          256         443.172     64094208      4005888
      125184          512         589.089    128188416      8011776
      125184         1024         792.035    256376832     16023552
      125184         2048        1828.540    512753664     32047104
      125184         4096        2947.752   1025507328     64094208
      125184         8192        3033.795   2051014656    128188416
      137472            1           5.156       274944        17184
      137472            2         354.436       549888        34368
      137472            4         371.668      1099776        68736
      137472            8         342.140      2199552       137472
      137472           16         396.568      4399104       274944
      137472           32         407.066      8798208       549888
      137472           64         341.005     17596416      1099776
      137472          128         351.749     35192832      2199552
      137472          256         415.749     70385664      4399104
      137472          512         592.360    140771328      8798208
      137472         1024         870.336    281542656     17596416
      137472         2048        1935.707    563085312     35192832
      137472         4096        3238.019   1126170624     70385664
      150528            1         370.788       301056        18816
      150528            2           7.092       602112        37632
      150528            4         353.439      1204224        75264
      150528            8         345.456      2408448       150528
      150528           16         312.320      4816896       301056
      150528           32         410.663      9633792       602112
      150528           64         440.981     19267584      1204224
      150528          128         396.478     38535168      2408448
      150528          256         407.785     77070336      4816896
      150528          512         607.952    154140672      9633792
      150528         1024        1203.334    308281344     19267584
      150528         2048        1830.739    616562688     38535168
      150528         4096        3614.878   1233125376     77070336
      165120            1         380.320       330240        20640
      165120            2         310.888       660480        41280
      165120            4         375.032      1320960        82560
      165120            8         405.993      2641920       165120
      165120           16         361.992      5283840       330240
      165120           32         366.104     10567680       660480
      165120           64         349.620     21135360      1320960
      165120          128         422.021     42270720      2641920
      165120          256         469.200     84541440      5283840
      165120          512         494.110    169082880     10567680
      165120         1024         833.343    338165760     21135360
      165120         2048        2073.580    676331520     42270720
      165120         4096        3662.883   1352663040     84541440
      181248            1         395.047       362496        22656
      181248            2         379.076       724992        45312
      181248            4         348.009      1449984        90624
      181248            8         385.324      2899968       181248
      181248           16         412.176      5799936       362496
      181248           32         357.704     11599872       724992
      181248           64         378.951     23199744      1449984
      181248          128         429.504     46399488      2899968
      181248          256         425.100     92798976      5799936
      181248          512         573.931    185597952     11599872
      181248         1024        1347.940    371195904     23199744
      181248         2048        2390.273    742391808     46399488
      181248         4096        4129.864   1484783616     92798976
      198912            1         401.840       397824        24864
      198912            2         309.535       795648        49728
      198912            4         315.650      1591296        99456
      198912            8         358.015      3182592       198912
      198912           16         414.004      6365184       397824
      198912           32         347.011     12730368       795648
      198912           64         352.880     25460736      1591296
      198912          128         421.680     50921472      3182592
      198912          256         469.972    101842944      6365184
      198912          512         738.976    203685888     12730368
      198912         1024        1365.772    407371776     25460736
      198912         2048        2459.334    814743552     50921472
      198912         4096        4358.934   1629487104    101842944
      218112            1         482.014       436224        27264
      218112            2         335.844       872448        54528
      218112            4         319.704      1744896       109056
      218112            8         380.376      3489792       218112
      218112           16         445.464      6979584       436224
      218112           32         402.400     13959168       872448
      218112           64         398.236     27918336      1744896
      218112          128         465.227     55836672      3489792
      218112          256         502.800    111673344      6979584
      218112          512         943.720    223346688     13959168
      218112         1024        1395.324    446693376     27918336
      218112         2048        2512.473    893386752     55836672
      218112         4096        4761.485   1786773504    111673344
      239616            1         354.092       479232        29952
      239616            2         348.848       958464        59904
      239616            4         407.796      1916928       119808
      239616            8         341.886      3833856       239616
      239616           16         390.024      7667712       479232
      239616           32         393.136     15335424       958464
      239616           64         420.128     30670848      1916928
      239616          128         403.880     61341696      3833856
      239616          256         472.268    122683392      7667712
      239616          512         564.631    245366784     15335424
      239616         1024        1200.832    490733568     30670848
      239616         2048        3324.165    981467136     61341696
      239616         4096        5041.033   1962934272    122683392
      263424            1         422.744       526848        32928
      263424            2         338.733      1053696        65856
      263424            4         344.622      2107392       131712
      263424            8         418.524      4214784       263424
      263424           16         334.276      8429568       526848
      263424           32         373.656     16859136      1053696
      263424           64         418.839     33718272      2107392
      263424          128         430.896     67436544      4214784
      263424          256         478.743    134873088      8429568
      263424          512         828.856    269746176     16859136
      263424         1024        1547.392    539492352     33718272
      263424         2048        3019.819   1078984704     67436544
      289536            1         366.013       579072        36192
      289536            2         323.699      1158144        72384
      289536            4         359.748      2316288       144768
      289536            8         369.974      4632576       289536
      289536           16         414.352      9265152       579072
      289536           32         357.154     18530304      1158144
      289536           64         348.837     37060608      2316288
      289536          128         433.596     74121216      4632576
      289536          256         485.874    148242432      9265152
      289536          512         673.438    296484864     18530304
      289536         1024        1191.025    592969728     37060608
      289536         2048        1877.581   1185939456     74121216
      317952            1         407.311       635904        39744
      317952            2         331.460      1271808        79488
      317952            4         526.166      2543616       158976
      317952            8         406.860      5087232       317952
      317952           16         386.588     10174464       635904
      317952           32         405.175     20348928      1271808
      317952           64         376.889     40697856      2543616
      317952          128         507.992     81395712      5087232
      317952          256         675.614    162791424     10174464
      317952          512         687.860    325582848     20348928
      317952         1024        1773.464    651165696     40697856
      317952         2048        3408.181   1302331392     81395712
      349440            1         372.515       698880        43680
      349440            2         338.845      1397760        87360
      349440            4         368.084      2795520       174720
      349440            8         432.215      5591040       349440
      349440           16         391.042     11182080       698880
      349440           32         347.403     22364160      1397760
      349440           64         411.077     44728320      2795520
      349440          128         429.832     89456640      5591040
      349440          256         549.586    178913280     11182080
      349440          512        1081.046    357826560     22364160
      349440         1024        1355.675    715653120     44728320
      349440         2048        1960.548   1431306240     89456640
      384000            1         462.380       768000        48000
      384000            2         412.914      1536000        96000
      384000            4         376.569      3072000       192000
      384000            8         404.371      6144000       384000
      384000           16         352.289     12288000       768000
      384000           32         380.929     24576000      1536000
      384000           64         413.179     49152000      3072000
      384000          128         455.965     98304000      6144000
      384000          256         626.720    196608000     12288000
      384000          512        1188.326    393216000     24576000
      384000         1024        2302.421    786432000     49152000
      384000         2048        4205.393   1572864000     98304000
      422400            1         333.580       844800        52800
      422400            2         353.537      1689600       105600
      422400            4         368.312      3379200       211200
      422400            8         348.598      6758400       422400
      422400           16         355.548     13516800       844800
      422400           32         379.088     27033600      1689600
      422400           64         398.252     54067200      3379200
      422400          128         429.380    108134400      6758400
      422400          256         611.402    216268800     13516800
      422400          512        1170.778    432537600     27033600
      422400         1024        1734.178    865075200     54067200
      422400         2048        4644.243   1730150400    108134400
      464640            1         344.968       929280        58080
      464640            2         332.120      1858560       116160
      464640            4         336.780      3717120       232320
      464640            8         327.920      7434240       464640
      464640           16         313.928     14868480       929280
      464640           32         373.634     29736960      1858560
      464640           64         380.732     59473920      3717120
      464640          128         429.100    118947840      7434240
      464640          256         713.512    237895680     14868480
      464640          512        1324.120    475791360     29736960
      464640         1024        2845.827    951582720     59473920
      464640         2048        4947.212   1903165440    118947840
      510720            1         411.160      1021440        63840
      510720            2         301.411      2042880       127680
      510720            4          12.555      4085760       255360
      510720            8         404.187      8171520       510720
      510720           16         391.840     16343040      1021440
      510720           32         448.676     32686080      2042880
      510720           64         435.784     65372160      4085760
      510720          128         509.542    130744320      8171520
      510720          256         755.485    261488640     16343040
      510720          512        1488.320    522977280     32686080
      510720         1024        3008.872   1045954560     65372160
      510720         2048        5430.692   2091909120    130744320
      561408            1         339.400      1122816        70176
      561408            2         356.232      2245632       140352
      561408            4         384.644      4491264       280704
      561408            8         378.172      8982528       561408
      561408           16         389.478     17965056      1122816
      561408           32         325.955     35930112      2245632
      561408           64         440.605     71860224      4491264
      561408          128         504.380    143720448      8982528
      561408          256         954.245    287440896     17965056
      561408          512        1473.682    574881792     35930112
      561408         1024        3087.291   1149763584     71860224
      617472            1         327.746      1234944        77184
      617472            2         322.152      2469888       154368
      617472            4         368.158      4939776       308736
      617472            8         423.458      9879552       617472
      617472           16         347.073     19759104      1234944
      617472           32         423.360     39518208      2469888
      617472           64         492.052     79036416      4939776
      617472          128         468.973    158072832      9879552
      617472          256        1134.051    316145664     19759104
      617472          512        2003.673    632291328     39518208
      617472         1024        2662.945   1264582656     79036416
      678912            1         325.884      1357824        84864
      678912            2         377.276      2715648       169728
      678912            4         387.404      5431296       339456
      678912            8         368.992     10862592       678912
      678912           16         375.276     21725184      1357824
      678912           32         548.772     43450368      2715648
      678912           64         492.374     86900736      5431296
      678912          128         698.976    173801472     10862592
      678912          256        1173.158    347602944     21725184
      678912          512        2037.816    695205888     43450368
      678912         1024        3874.329   1390411776     86900736
      746496            1         359.604      1492992        93312
      746496            2         318.711      2985984       186624
      746496            4         396.329      5971968       373248
      746496            8         395.552     11943936       746496
      746496           16         445.046     23887872      1492992
      746496           32         399.550     47775744      2985984
      746496           64         386.498     95551488      5971968
      746496          128         673.939    191102976     11943936
      746496          256        1017.792    382205952     23887872
      746496          512        1963.876    764411904     47775744
      746496         1024        3935.803   1528823808     95551488
      820992            1         368.285      1641984       102624
      820992            2         373.053      3283968       205248
      820992            4         361.300      6567936       410496
      820992            8         420.726     13135872       820992
      820992           16         336.032     26271744      1641984
      820992           32         383.936     52543488      3283968
      820992           64         436.966    105086976      6567936
      820992          128         770.096    210173952     13135872
      820992          256        1302.718    420347904     26271744
      820992          512        2142.379    840695808     52543488
      820992         1024        3464.669   1681391616    105086976
      902400            1         362.974      1804800       112800
      902400            2         367.675      3609600       225600
      902400            4         344.113      7219200       451200
      902400            8          13.624     14438400       902400
      902400           16         372.329     28876800      1804800
      902400           32         426.965     57753600      3609600
      902400           64         490.880    115507200      7219200
      902400          128         828.842    231014400     14438400
      902400          256        1519.392    462028800     28876800
      902400          512        2695.622    924057600     57753600
      902400         1024        3921.232   1848115200    115507200
      992256            1         315.418      1984512       124032
      992256            2         389.520      3969024       248064
      992256            4         396.552      7938048       496128
      992256            8         359.333     15876096       992256
      992256           16         320.223     31752192      1984512
      992256           32         430.780     63504384      3969024
      992256           64         539.200    127008768      7938048
      992256          128         784.193    254017536     15876096
      992256          256         942.674    508035072     31752192
      992256          512        3022.514   1016070144     63504384
      992256         1024        5349.716   2032140288    127008768
     1091328            1         334.014      2182656       136416
     1091328            2         327.173      4365312       272832
     1091328            4         395.840      8730624       545664
     1091328            8         295.279     17461248      1091328
     1091328           16         344.738     34922496      2182656
     1091328           32         478.396     69844992      4365312
     1091328           64         598.552    139689984      8730624
     1091328          128         871.060    279379968     17461248
     1091328          256        1938.228    558759936     34922496
     1091328          512        3052.228   1117519872     69844992
     1200384            1         373.792      2400768       150048
     1200384            2         315.016      4801536       300096
     1200384            4         481.680      9603072       600192
     1200384            8         367.916     19206144      1200384
     1200384           16         380.498     38412288      2400768
     1200384           32         428.259     76824576      4801536
     1200384           64         559.892    153649152      9603072
     1200384          128        1023.793    307298304     19206144
     1200384          256        1993.091    614596608     38412288
     1200384          512        3425.469   1229193216     76824576
     1320192            1         399.787      2640384       165024
     1320192            2         399.408      5280768       330048
     1320192            4         536.725     10561536       660096
     1320192            8         370.965     21123072      1320192
     1320192           16         372.632     42246144      2640384
     1320192           32         482.210     84492288      5280768
     1320192           64         598.976    168984576     10561536
     1320192          128        1012.422    337969152     21123072
     1320192          256        2265.261    675938304     42246144
     1320192          512        3670.335   1351876608     84492288
     1451520            1         423.520      2903040       181440
     1451520            2         312.038      5806080       362880
     1451520            4          19.508     11612160       725760
     1451520            8         418.732     23224320      1451520
     1451520           16         409.810     46448640      2903040
     1451520           32         498.110     92897280      5806080
     1451520           64         656.060    185794560     11612160
     1451520          128        1126.188    371589120     23224320
     1451520          256        1303.252    743178240     46448640
     1451520          512        3773.767   1486356480     92897280
     1596672            1         387.455      3193344       199584
     1596672            2         339.120      6386688       399168
     1596672            4         343.500     12773376       798336
     1596672            8         467.272     25546752      1596672
     1596672           16         412.216     51093504      3193344
     1596672           32         403.015    102187008      6386688
     1596672           64         601.144    204374016     12773376
     1596672          128        1051.608    408748032     25546752
     1596672          256        2267.186    817496064     51093504
     1596672          512        3257.352   1634992128    102187008
     1755648            1         348.836      3511296       219456
     1755648            2         406.068      7022592       438912
     1755648            4         346.172     14045184       877824
     1755648            8         322.592     28090368      1755648
     1755648           16         379.976     56180736      3511296
     1755648           32         570.169    112361472      7022592
     1755648           64         797.984    224722944     14045184
     1755648          128        1176.471    449445888     28090368
     1755648          256        2591.927    898891776     56180736
     1755648          512        4455.858   1797783552    112361472
     1930752            1         396.749      3861504       241344
     1930752            2         373.011      7723008       482688
     1930752            4         378.010     15446016       965376
     1930752            8         378.191     30892032      1930752
     1930752           16         383.038     61784064      3861504
     1930752           32         489.184    123568128      7723008
     1930752           64         772.603    247136256     15446016
     1930752          128        1539.703    494272512     30892032
     1930752          256        2863.904    988545024     61784064
     1930752          512        5070.324   1977090048    123568128
     2123520            1         368.712      4247040       265440
     2123520            2         335.748      8494080       530880
     2123520            4         398.852     16988160      1061760
     2123520            8         365.824     33976320      2123520
     2123520           16         409.177     67952640      4247040
     2123520           32         517.474    135905280      8494080
     2123520           64         935.009    271810560     16988160
     2123520          128        1512.695    543621120     33976320
     2123520          256        2486.322   1087242240     67952640
     2335488            1         395.741      4670976       291936
     2335488            2         391.327      9341952       583872
     2335488            4         387.672     18683904      1167744
     2335488            8         359.716     37367808      2335488
     2335488           16         454.976     74735616      4670976
     2335488           32         521.580    149471232      9341952
     2335488           64        1057.526    298942464     18683904
     2335488          128        1667.660    597884928     37367808
     2335488          256        1997.956   1195769856     74735616
     2568960            1         390.459      5137920       321120
     2568960            2         382.187     10275840       642240
     2568960            4         380.375     20551680      1284480
     2568960            8         441.151     41103360      2568960
     2568960           16         421.913     82206720      5137920
     2568960           32         536.915    164413440     10275840
     2568960           64         893.798    328826880     20551680
     2568960          128        1737.592    657653760     41103360
     2568960          256        3157.076   1315307520     82206720
     2825472            1         406.914      5650944       353184
     2825472            2         421.236     11301888       706368
     2825472            4         340.466     22603776      1412736
     2825472            8         436.885     45207552      2825472
     2825472           16         431.189     90415104      5650944
     2825472           32         696.468    180830208     11301888
     2825472           64        1448.796    361660416     22603776
     2825472          128        2469.021    723320832     45207552
     2825472          256        3741.627   1446641664     90415104
     3107328            1          13.080      6214656       388416
     3107328            2         411.078     12429312       776832
     3107328            4         374.876     24858624      1553664
     3107328            8         373.164     49717248      3107328
     3107328           16         489.531     99434496      6214656
     3107328           32         676.599    198868992     12429312
     3107328           64        1279.211    397737984     24858624
     3107328          128        2374.559    795475968     49717248
     3107328          256        4081.556   1590951936     99434496
     3417600            1         378.341      6835200       427200
     3417600            2         326.598     13670400       854400
     3417600            4          26.424     27340800      1708800
     3417600            8         410.166     54681600      3417600
     3417600           16         457.980    109363200      6835200
     3417600           32         779.000    218726400     13670400
     3417600           64        1542.052    437452800     27340800
     3417600          128        2309.283    874905600     54681600
     3417600          256        3548.513   1749811200    109363200
     3759360            1         378.645      7518720       469920
     3759360            2         382.886     15037440       939840
     3759360            4         350.568     30074880      1879680
     3759360            8         425.798     60149760      3759360
     3759360           16         490.136    120299520      7518720
     3759360           32         821.212    240599040     15037440
     3759360           64        1400.760    481198080     30074880
     3759360          128        2777.220    962396160     60149760
     3759360          256        4861.127   1924792320    120299520
     4134912            1         396.671      8269824       516864
     4134912            2         367.436     16539648      1033728
     4134912            4         334.412     33079296      2067456
     4134912            8         380.193     66158592      4134912
     4134912           16         545.495    132317184      8269824
     4134912           32         904.492    264634368     16539648
     4134912           64        1716.731    529268736     33079296
     4134912          128        2983.985   1058537472     66158592
     4134912          256        5448.264   2117074944    132317184
     4548096            1         334.776      9096192       568512
     4548096            2         345.199     18192384      1137024
     4548096            4         410.675     36384768      2274048
     4548096            8         388.739     72769536      4548096
     4548096           16         646.284    145539072      9096192
     4548096           32         882.860    291078144     18192384
     4548096           64        1935.247    582156288     36384768
     4548096          128        2746.270   1164312576     72769536
     5002752            1         376.816     10005504       625344
     5002752            2         309.482     20011008      1250688
     5002752            4         408.400     40022016      2501376
     5002752            8         475.682     80044032      5002752
     5002752           16         580.631    160088064     10005504
     5002752           32         929.709    320176128     20011008
     5002752           64        2105.411    640352256     40022016
     5002752          128        3236.035   1280704512     80044032
     5502720            1         320.415     11005440       687840
     5502720            2         432.922     22010880      1375680
     5502720            4         413.022     44021760      2751360
     5502720            8         419.286     88043520      5502720
     5502720           16         549.264    176087040     11005440
     5502720           32         896.620    352174080     22010880
     5502720           64        1995.252    704348160     44021760
     5502720          128        3748.338   1408696320     88043520
     6052608            1         422.036     12105216       756576
     6052608            2         395.220     24210432      1513152
     6052608            4         446.307     48420864      3026304
     6052608            8         440.183     96841728      6052608
     6052608           16         620.336    193683456     12105216
     6052608           32        1236.328    387366912     24210432
     6052608           64        1219.263    774733824     48420864
     6052608          128        3843.286   1549467648     96841728
     6657792            1         342.739     13315584       832224
     6657792            2         380.997     26631168      1664448
     6657792            4         469.509     53262336      3328896
     6657792            8         528.589    106524672      6657792
     6657792           16         762.527    213049344     13315584
     6657792           32        1398.408    426098688     26631168
     6657792           64        2346.176    852197376     53262336
     6657792          128        3546.275   1704394752    106524672
     7322880            1         419.995     14645760       915360
     7322880            2          25.240     29291520      1830720
     7322880            4         441.332     58583040      3661440
     7322880            8         530.244    117166080      7322880
     7322880           16         758.468    234332160     14645760
     7322880           32        1418.631    468664320     29291520
     7322880           64        2691.860    937328640     58583040
     7322880          128        4734.740   1874657280    117166080
     8054784            1         432.520     16109568      1006848
     8054784            2         357.470     32219136      2013696
     8054784            4         388.651     64438272      4027392
     8054784            8         474.250    128876544      8054784
     8054784           16         650.628    257753088     16109568
     8054784           32        1035.294    515506176     32219136
     8054784           64        2643.518   1031012352     64438272
     8054784          128        5091.421   2062024704    128876544
     8859648            1         401.216     17719296      1107456
     8859648            2         359.932     35438592      2214912
     8859648            4         408.492     70877184      4429824
     8859648            8         512.948    141754368      8859648
     8859648           16         788.370    283508736     17719296
     8859648           32        1827.394    567017472     35438592
     8859648           64        2998.969   1134034944     70877184
     9745152            1         375.416     19490304      1218144
     9745152            2         372.229     38980608      2436288
     9745152            4         396.987     77961216      4872576
     9745152            8         560.993    155922432      9745152
     9745152           16        1009.864    311844864     19490304
     9745152           32        1950.975    623689728     38980608
     9745152           64        3150.426   1247379456     77961216
    10718976            1         337.669     21437952      1339872
    10718976            2         374.488     42875904      2679744
    10718976            4         482.884     85751808      5359488
    10718976            8         577.828    171503616     10718976
    10718976           16         927.459    343007232     21437952
    10718976           32        1546.678    686014464     42875904
    10718976           64        3240.586   1372028928     85751808
    11790336            1         374.312     23580672      1473792
    11790336            2         374.605     47161344      2947584
    11790336            4         496.868     94322688      5895168
    11790336            8         555.166    188645376     11790336
    11790336           16        1231.723    377290752     23580672
    11790336           32        1979.889    754581504     47161344
    11790336           64        3920.799   1509163008     94322688
    12969216            1         429.253     25938432      1621152
    12969216            2         411.882     51876864      3242304
    12969216            4         510.673    103753728      6484608
    12969216            8         572.520    207507456     12969216
    12969216           16        1271.845    415014912     25938432
    12969216           32        2259.268    830029824     51876864
    12969216           64        4238.241   1660059648    103753728
    14265600            1         416.104     28531200      1783200
    14265600            2         398.026     57062400      3566400
    14265600            4         483.514    114124800      7132800
    14265600            8         786.944    228249600     14265600
    14265600           16        1370.636    456499200     28531200
    14265600           32        2333.312    912998400     57062400
    14265600           64        4722.404   1825996800    114124800
    15691776            1         350.644     31383552      1961472
    15691776            2         448.573     62767104      3922944
    15691776            4         592.428    125534208      7845888
    15691776            8         660.195    251068416     15691776
    15691776           16        1058.856    502136832     31383552
    15691776           32        1739.723   1004273664     62767104
    15691776           64        5111.824   2008547328    125534208
    17260800            1         385.587     34521600      2157600
    17260800            2         421.707     69043200      4315200
    17260800            4         530.539    138086400      8630400
    17260800            8         755.312    276172800     17260800
    17260800           16        1517.188    552345600     34521600
    17260800           32        2877.916   1104691200     69043200
    18986496            1         409.763     37972992      2373312
    18986496            2         408.245     75945984      4746624
    18986496            4         642.135    151891968      9493248
    18986496            8        1078.509    303783936     18986496
    18986496           16        1977.406    607567872     37972992
    18986496           32        3107.105   1215135744     75945984
    20884992            1         428.592     41769984      2610624
    20884992            2         430.814     83539968      5221248
    20884992            4         695.875    167079936     10442496
    20884992            8        1047.335    334159872     20884992
    20884992           16        1862.503    668319744     41769984
    20884992           32        3317.612   1336639488     83539968
    22973184            1         382.872     45946368      2871648
    22973184            2         470.908     91892736      5743296
    22973184            4         596.291    183785472     11486592
    22973184            8        1078.833    367570944     22973184
    22973184           16        1913.081    735141888     45946368
    22973184           32        3795.027   1470283776     91892736
    25270272            1         424.280     50540544      3158784
    25270272            2         522.094    101081088      6317568
    25270272            4         636.296    202162176     12635136
    25270272            8        1061.900    404324352     25270272
    25270272           16        1851.746    808648704     50540544
    25270272           32        3336.725   1617297408    101081088
    27796992            1          68.600     55593984      3474624
    27796992            2         522.107    111187968      6949248
    27796992            4         722.377    222375936     13898496
    27796992            8        1410.003    444751872     27796992
    27796992           16        2488.564    889503744     55593984
    27796992           32        4482.323   1779007488    111187968
    30576384            1         434.795     61152768      3822048
    30576384            2         511.222    122305536      7644096
    30576384            4         705.609    244611072     15288192
    30576384            8        1228.826    489222144     30576384
    30576384           16        2631.676    978444288     61152768
    30576384           32        4963.054   1956888576    122305536
    33633792            1         513.128     67267584      4204224
    33633792            2         643.953    134535168      8408448
    33633792            4         774.100    269070336     16816896
    33633792            8        1385.548    538140672     33633792
    33633792           16        2523.364   1076281344     67267584
    36996864            1         446.324     73993728      4624608
    36996864            2         557.420    147987456      9249216
    36996864            4         770.040    295974912     18498432
    36996864            8        1511.316    591949824     36996864
    36996864           16        2927.847   1183899648     73993728
    40696320            1         484.810     81392640      5087040
    40696320            2         609.283    162785280     10174080
    40696320            4         879.016    325570560     20348160
    40696320            8        1735.143    651141120     40696320
    40696320           16        3282.740   1302282240     81392640
    44765952            1         626.351     89531904      5595744
    44765952            2         728.745    179063808     11191488
    44765952            4         806.815    358127616     22382976
    44765952            8        1828.190    716255232     44765952
    44765952           16        2741.616   1432510464     89531904
    49241856            1         517.368     98483712      6155232
    49241856            2         949.311    196967424     12310464
    49241856            4        1222.881    393934848     24620928
    49241856            8         899.459    787869696     49241856
    49241856           16        1511.479   1575739392     98483712
    54165504            1         484.260    108331008      6770688
    54165504            2         630.503    216662016     13541376
    54165504            4        1056.245    433324032     27082752
    54165504            8        2154.048    866648064     54165504
    54165504           16        4080.884   1733296128    108331008
    59581440            1        1135.600    119162880      7447680
    59581440            2         557.028    238325760     14895360
    59581440            4        1040.568    476651520     29790720
    59581440            8        1769.568    953303040     59581440
    59581440           16        4823.115   1906606080    119162880
    65539584            1        1072.548    131079168      8192448
    65539584            2         735.433    262158336     16384896
    65539584            4        1056.368    524316672     32769792
    65539584            8        1978.836   1048633344     65539584
    65539584           16        4092.921   2097266688    131079168
    72092928            1         866.763    144185856      9011616
    72092928            2         883.329    288371712     18023232
    72092928            4        1420.884    576743424     36046464
    72092928            8        3265.376   1153486848     72092928
    79302144            1        1279.081    158604288      9912768
    79302144            2         985.720    317208576     19825536
    79302144            4        1269.178    634417152     39651072
    79302144            8        2222.843   1268834304     79302144
    87231744            1        1902.440    174463488     10903968
    87231744            2        2025.741    348926976     21807936
    87231744            4        2049.849    697853952     43615872
    87231744            8        2717.598   1395707904     87231744
    95954688            1        1800.634    191909376     11994336
    95954688            2        3716.570    383818752     23988672
    95954688            4        5879.651    767637504     47977344
    95954688            8        7854.500   1535275008     95954688
   105550080            1        3904.215    211100160     13193760
   105550080            2        5974.311    422200320     26387520
   105550080            4        4520.718    844400640     52775040
   105550080            8        9901.563   1688801280    105550080
   116104704            1        5131.852    232209408     14513088
   116104704            2        8077.635    464418816     29026176
   116104704            4       10315.832    928837632     58052352
   116104704            8       13418.561   1857675264    116104704
   127714560            1        5552.070    255429120     15964320
   127714560            2        9629.560    510858240     31928640
   127714560            4       12783.632   1021716480     63857280
   127714560            8       18097.974   2043432960    127714560
   140485632            1        5145.077    280971264     17560704
   140485632            2        5741.519    561942528     35121408
   140485632            4       14983.922   1123885056     70242816
   154533888            1        2946.236    309067776     19316736
   154533888            2        8945.364    618135552     38633472
   154533888            4       20382.995   1236271104     77266944
   169986816            1        7742.775    339973632     21248352
   169986816            2        9063.902    679947264     42496704
   169986816            4       23567.857   1359894528     84993408
   186984960            1        6900.977    373969920     23373120
   186984960            2        9543.854    747939840     46746240
   186984960            4       17842.890   1495879680     93492480
   205683456            1       10465.685    411366912     25710432
   205683456            2       11973.101    822733824     51420864
   205683456            4       34340.434   1645467648    102841728
   226251264            1        9593.944    452502528     28281408
   226251264            2       23928.228    905005056     56562816
   226251264            4       38881.887   1810010112    113125632
   248875776            1       13546.978    497751552     31109472
   248875776            2       29951.323    995503104     62218944
   248875776            4       43054.094   1991006208    124437888
   273762816            1       14648.501    547525632     34220352
   273762816            2       31334.488   1095051264     68440704
   301138944            1       17993.554    602277888     37642368
   301138944            2       22843.448   1204555776     75284736
   331252224            1       13089.461    662504448     41406528
   331252224            2       27697.843   1325008896     82813056
   364376832            1       10574.760    728753664     45547104
   364376832            2       43838.870   1457507328     91094208
   400813824            1       23626.980    801627648     50101728
   400813824            2       46843.160   1603255296    100203456
   440894976            1       25339.030    881789952     55111872
   440894976            2       50909.734   1763579904    110223744
   484984320            1       28735.107    969968640     60623040
   484984320            2       43739.478   1939937280    121246080
   533482752            1       18917.089   1066965504     66685344
   533482752            2       61791.444   2133931008    133370688
   586830336            1       31673.474   1173660672     73353792
   645513216            1       34964.982   1291026432     80689152
   710064384            1       34719.300   1420128768     88758048
   781070592            1       29379.835   1562141184     97633824
   859176960            1       34360.449   1718353920    107397120
   945094656            1       39038.623   1890189312    118136832
  1039603968            1       44142.037   2079207936    129950496

META_DATA
FLOPS          1
OPENMP_THREADS 96
ERT_VERSION  1.1.0
TIMESTAMP_DATA  1634099614.11
HOSTNAME  ('pmemMachine0', ['pmemMachine0.local'], ['fe80::f035:4ef3:770d:269e'])
UNAME  ('Linux', 'pmemMachine0', '5.9.13-derrick-pmo', '#120 SMP Tue Sep 28 02:02:07 EDT 2021', 'x86_64', 'x86_64')
CONFIG  {'ERT_WORKING_SET_MIN': ['1'], 'ERT_CFLAGS': ['-O3'], 'ERT_CC': ['gcc'], 'ERT_OPENMP_LDFLAGS': ['-fopenmp'], 'ERT_MEMORY_MAX': ['1073741824'], 'ERT_LDFLAGS': [], 'ERT_LDLIBS': [], 'ERT_SPEC_GBYTES_DRAM': ['300'], 'ERT_RUN': ['export', 'KMP_AFFINITY=scatter;', 'export', 'OMP_NUM_THREADS=ERT_OPENMP_THREADS;', 'ERT_CODE'], 'ERT_FLOPS': ['1,2,4,8,16'], 'ERT_OPENMP_CFLAGS': ['-fopenmp'], 'ERT_SPEC_GFLOPS': ['1000'], 'ERT_MPI': [False], 'ERT_TRIALS_MIN': ['1'], 'ERT_DRIVER': ['driver1'], 'ERT_RESULTS': ['Results.madonna.lbl.gov.02'], 'ERT_OPENMP': ['True'], 'ERT_OPENMP_THREADS': ['1,2,4,8,16,32,48,64,80,96,112,128,144,160'], 'ERT_KERNEL': ['kernel1'], 'ERT_GPU': [False], 'ERT_LD': ['gcc'], 'ERT_NUM_EXPERIMENTS': ['3'], 'ERT_ALIGN': ['32'], 'ERT_GNUPLOT': ['gnuplot']}
