         768            1         278.418         1536           96
         768            2         170.666         3072          192
         768            4         352.895         6144          384
         768            8         167.889        12288          768
         768           16         232.372        24576         1536
         768           32         194.925        49152         3072
         768           64         177.292        98304         6144
         768          128         228.083       196608        12288
         768          256         238.997       393216        24576
         768          512         169.089       786432        49152
         768         1024         203.831      1572864        98304
         768         2048         252.526      3145728       196608
         768         4096         244.699      6291456       393216
         768         8192         340.244     12582912       786432
         768        16384         302.237     25165824      1572864
         768        32768         450.596     50331648      3145728
         768        65536         859.937    100663296      6291456
         768       131072        1252.528    201326592     12582912
         768       262144        1355.162    402653184     25165824
         768       524288        3458.913    805306368     50331648
         768      1048576        5333.645   1610612736    100663296
        1536            1           2.311         3072          192
        1536            2         182.734         6144          384
        1536            4         197.473        12288          768
        1536            8         236.278        24576         1536
        1536           16         170.608        49152         3072
        1536           32         263.505        98304         6144
        1536           64         254.504       196608        12288
        1536          128         234.692       393216        24576
        1536          256         196.813       786432        49152
        1536          512         232.270      1572864        98304
        1536         1024         257.381      3145728       196608
        1536         2048         260.171      6291456       393216
        1536         4096         224.954     12582912       786432
        1536         8192         225.797     25165824      1572864
        1536        16384         323.528     50331648      3145728
        1536        32768         689.966    100663296      6291456
        1536        65536         867.412    201326592     12582912
        1536       131072        1533.853    402653184     25165824
        1536       262144        2710.412    805306368     50331648
        1536       524288        5165.962   1610612736    100663296
        2304            1         208.960         4608          288
        2304            2         225.135         9216          576
        2304            4         209.577        18432         1152
        2304            8         214.228        36864         2304
        2304           16         185.702        73728         4608
        2304           32         199.062       147456         9216
        2304           64         271.108       294912        18432
        2304          128         200.107       589824        36864
        2304          256         219.118      1179648        73728
        2304          512         201.003      2359296       147456
        2304         1024         219.902      4718592       294912
        2304         2048         248.290      9437184       589824
        2304         4096         280.808     18874368      1179648
        2304         8192         410.284     37748736      2359296
        2304        16384         438.670     75497472      4718592
        2304        32768         567.953    150994944      9437184
        2304        65536        1087.295    301989888     18874368
        2304       131072        1756.608    603979776     37748736
        2304       262144        3634.665   1207959552     75497472
        3072            1         206.505         6144          384
        3072            2         197.970        12288          768
        3072            4         293.979        24576         1536
        3072            8         244.688        49152         3072
        3072           16         315.874        98304         6144
        3072           32         194.758       196608        12288
        3072           64         214.928       393216        24576
        3072          128         269.048       786432        49152
        3072          256         233.742      1572864        98304
        3072          512         252.054      3145728       196608
        3072         1024         177.982      6291456       393216
        3072         2048         272.760     12582912       786432
        3072         4096         269.542     25165824      1572864
        3072         8192         314.447     50331648      3145728
        3072        16384         344.431    100663296      6291456
        3072        32768         852.363    201326592     12582912
        3072        65536        1523.961    402653184     25165824
        3072       131072        2453.980    805306368     50331648
        3072       262144        4929.306   1610612736    100663296
        3840            1         243.286         7680          480
        3840            2         223.786        15360          960
        3840            4         240.950        30720         1920
        3840            8         274.440        61440         3840
        3840           16         255.514       122880         7680
        3840           32         276.039       245760        15360
        3840           64         284.909       491520        30720
        3840          128         288.014       983040        61440
        3840          256         258.562      1966080       122880
        3840          512         233.680      3932160       245760
        3840         1024         264.922      7864320       491520
        3840         2048          27.915     15728640       983040
        3840         4096         368.637     31457280      1966080
        3840         8192         393.172     62914560      3932160
        3840        16384         568.300    125829120      7864320
        3840        32768        1019.834    251658240     15728640
        3840        65536        1837.599    503316480     31457280
        3840       131072        2948.676   1006632960     62914560
        3840       262144        5493.845   2013265920    125829120
        4608            1         264.015         9216          576
        4608            2         303.522        18432         1152
        4608            4         294.805        36864         2304
        4608            8         353.342        73728         4608
        4608           16         388.553       147456         9216
        4608           32         253.553       294912        18432
        4608           64         244.273       589824        36864
        4608          128         213.932      1179648        73728
        4608          256         210.936      2359296       147456
        4608          512         273.639      4718592       294912
        4608         1024         251.583      9437184       589824
        4608         2048         301.629     18874368      1179648
        4608         4096         357.669     37748736      2359296
        4608         8192         409.734     75497472      4718592
        4608        16384         460.732    150994944      9437184
        4608        32768         780.625    301989888     18874368
        4608        65536        1800.978    603979776     37748736
        4608       131072        3391.070   1207959552     75497472
        5376            1         245.526        10752          672
        5376            2         275.492        21504         1344
        5376            4         288.765        43008         2688
        5376            8         264.977        86016         5376
        5376           16         315.640       172032        10752
        5376           32         322.056       344064        21504
        5376           64         244.958       688128        43008
        5376          128         353.120      1376256        86016
        5376          256         107.373      2752512       172032
        5376          512         325.549      5505024       344064
        5376         1024         289.807     11010048       688128
        5376         2048         350.256     22020096      1376256
        5376         4096         375.129     44040192      2752512
        5376         8192         439.364     88080384      5505024
        5376        16384         706.096    176160768     11010048
        5376        32768         808.447    352321536     22020096
        5376        65536        2135.825    704643072     44040192
        5376       131072        4424.380   1409286144     88080384
        6144            1         258.580        12288          768
        6144            2         278.230        24576         1536
        6144            4         248.362        49152         3072
        6144            8         288.918        98304         6144
        6144           16         327.320       196608        12288
        6144           32         325.263       393216        24576
        6144           64         374.072       786432        49152
        6144          128         299.814      1572864        98304
        6144          256         303.536      3145728       196608
        6144          512         269.546      6291456       393216
        6144         1024         305.988     12582912       786432
        6144         2048         328.245     25165824      1572864
        6144         4096         323.258     50331648      3145728
        6144         8192         496.758    100663296      6291456
        6144        16384         717.204    201326592     12582912
        6144        32768         753.928    402653184     25165824
        6144        65536        2362.008    805306368     50331648
        6144       131072        3653.733   1610612736    100663296
        6912            1         270.438        13824          864
        6912            2         252.124        27648         1728
        6912            4         336.913        55296         3456
        6912            8         276.198       110592         6912
        6912           16         276.118       221184        13824
        6912           32         301.764       442368        27648
        6912           64         335.853       884736        55296
        6912          128         363.504      1769472       110592
        6912          256         328.934      3538944       221184
        6912          512         280.869      7077888       442368
        6912         1024         315.896     14155776       884736
        6912         2048         289.827     28311552      1769472
        6912         4096         348.805     56623104      3538944
        6912         8192         465.527    113246208      7077888
        6912        16384         738.183    226492416     14155776
        6912        32768        1023.891    452984832     28311552
        6912        65536        3157.856    905969664     56623104
        6912       131072        4871.844   1811939328    113246208
        7680            1         304.895        15360          960
        7680            2         346.932        30720         1920
        7680            4         327.900        61440         3840
        7680            8         299.918       122880         7680
        7680           16         319.616       245760        15360
        7680           32         313.411       491520        30720
        7680           64         414.620       983040        61440
        7680          128         292.806      1966080       122880
        7680          256         369.724      3932160       245760
        7680          512         327.415      7864320       491520
        7680         1024         323.687     15728640       983040
        7680         2048         355.665     31457280      1966080
        7680         4096         379.822     62914560      3932160
        7680         8192         485.360    125829120      7864320
        7680        16384         964.008    251658240     15728640
        7680        32768        1558.770    503316480     31457280
        7680        65536        2604.736   1006632960     62914560
        7680       131072        6114.290   2013265920    125829120
        8448            1         287.933        16896         1056
        8448            2         284.771        33792         2112
        8448            4         266.590        67584         4224
        8448            8         347.480       135168         8448
        8448           16         325.728       270336        16896
        8448           32         356.276       540672        33792
        8448           64         340.625      1081344        67584
        8448          128         336.399      2162688       135168
        8448          256         311.678      4325376       270336
        8448          512         335.960      8650752       540672
        8448         1024         310.712     17301504      1081344
        8448         2048         502.824     34603008      2162688
        8448         4096         419.122     69206016      4325376
        8448         8192         665.720    138412032      8650752
        8448        16384        1135.928    276824064     17301504
        8448        32768        1912.988    553648128     34603008
        8448        65536        3845.786   1107296256     69206016
        9216            1         335.436        18432         1152
        9216            2         390.836        36864         2304
        9216            4         385.220        73728         4608
        9216            8         367.500       147456         9216
        9216           16         331.720       294912        18432
        9216           32         369.587       589824        36864
        9216           64         307.647      1179648        73728
        9216          128         439.124      2359296       147456
        9216          256         389.134      4718592       294912
        9216          512         348.772      9437184       589824
        9216         1024         399.994     18874368      1179648
        9216         2048         361.144     37748736      2359296
        9216         4096         399.099     75497472      4718592
        9216         8192         647.748    150994944      9437184
        9216        16384        1171.090    301989888     18874368
        9216        32768        2053.829    603979776     37748736
        9216        65536        3510.929   1207959552     75497472
        9984            1         314.300        19968         1248
        9984            2         446.248        39936         2496
        9984            4         384.803        79872         4992
        9984            8         350.160       159744         9984
        9984           16         314.420       319488        19968
        9984           32         495.100       638976        39936
        9984           64         356.414      1277952        79872
        9984          128         341.716      2555904       159744
        9984          256         381.208      5111808       319488
        9984          512         321.069     10223616       638976
        9984         1024         396.645     20447232      1277952
        9984         2048         443.760     40894464      2555904
        9984         4096         457.496     81788928      5111808
        9984         8192         682.492    163577856     10223616
        9984        16384         985.676    327155712     20447232
        9984        32768        2340.453    654311424     40894464
        9984        65536        4280.393   1308622848     81788928
       10752            1         333.550        21504         1344
       10752            2         311.462        43008         2688
       10752            4         372.894        86016         5376
       10752            8         387.982       172032        10752
       10752           16         343.387       344064        21504
       10752           32         321.608       688128        43008
       10752           64         388.638      1376256        86016
       10752          128         346.063      2752512       172032
       10752          256         383.674      5505024       344064
       10752          512         368.429     11010048       688128
       10752         1024          27.314     22020096      1376256
       10752         2048         423.393     44040192      2752512
       10752         4096         487.651     88080384      5505024
       10752         8192         629.849    176160768     11010048
       10752        16384        1190.876    352321536     22020096
       10752        32768        2722.986    704643072     44040192
       10752        65536        3336.564   1409286144     88080384
       11520            1         356.490        23040         1440
       11520            2         372.727        46080         2880
       11520            4         336.764        92160         5760
       11520            8         317.100       184320        11520
       11520           16         329.711       368640        23040
       11520           32         347.820       737280        46080
       11520           64         368.796      1474560        92160
       11520          128           8.164      2949120       184320
       11520          256         305.425      5898240       368640
       11520          512         398.169     11796480       737280
       11520         1024         376.453     23592960      1474560
       11520         2048         436.173     47185920      2949120
       11520         4096         485.384     94371840      5898240
       11520         8192         924.091    188743680     11796480
       11520        16384        1500.316    377487360     23592960
       11520        32768        3104.216    754974720     47185920
       11520        65536        3722.133   1509949440     94371840
       12288            1         364.129        24576         1536
       12288            2         414.480        49152         3072
       12288            4         335.608        98304         6144
       12288            8         348.557       196608        12288
       12288           16           6.245       393216        24576
       12288           32         345.806       786432        49152
       12288           64         393.034      1572864        98304
       12288          128         368.313      3145728       196608
       12288          256         295.685      6291456       393216
       12288          512         376.180     12582912       786432
       12288         1024         408.011     25165824      1572864
       12288         2048         424.902     50331648      3145728
       12288         4096         463.973    100663296      6291456
       12288         8192         710.579    201326592     12582912
       12288        16384        1310.064    402653184     25165824
       12288        32768        2498.968    805306368     50331648
       12288        65536        4677.030   1610612736    100663296
       13056            1           6.939        26112         1632
       13056            2         387.136        52224         3264
       13056            4         343.492       104448         6528
       13056            8         370.100       208896        13056
       13056           16         407.678       417792        26112
       13056           32         334.595       835584        52224
       13056           64         302.392      1671168       104448
       13056          128         357.394      3342336       208896
       13056          256         409.199      6684672       417792
       13056          512         362.444     13369344       835584
       13056         1024         381.517     26738688      1671168
       13056         2048         549.864     53477376      3342336
       13056         4096         495.268    106954752      6684672
       13056         8192         747.144    213909504     13369344
       13056        16384        1768.341    427819008     26738688
       13056        32768        2013.836    855638016     53477376
       13056        65536        3194.178   1711276032    106954752
       13824            1           2.022        27648         1728
       13824            2         382.560        55296         3456
       13824            4         306.165       110592         6912
       13824            8         342.698       221184        13824
       13824           16         398.125       442368        27648
       13824           32         331.944       884736        55296
       13824           64         384.540      1769472       110592
       13824          128         323.888      3538944       221184
       13824          256         395.795      7077888       442368
       13824          512         325.039     14155776       884736
       13824         1024         329.928     28311552      1769472
       13824         2048         438.656     56623104      3538944
       13824         4096         522.068    113246208      7077888
       13824         8192         721.668    226492416     14155776
       13824        16384        1397.640    452984832     28311552
       13824        32768        2625.706    905969664     56623104
       13824        65536        5038.304   1811939328    113246208
       14592            1         379.288        29184         1824
       14592            2         383.498        58368         3648
       14592            4         305.896       116736         7296
       14592            8         347.050       233472        14592
       14592           16         413.953       466944        29184
       14592           32         367.280       933888        58368
       14592           64         331.300      1867776       116736
       14592          128         360.548      3735552       233472
       14592          256         370.811      7471104       466944
       14592          512          16.007     14942208       933888
       14592         1024         383.893     29884416      1867776
       14592         2048         362.236     59768832      3735552
       14592         4096         583.978    119537664      7471104
       14592         8192         925.142    239075328     14942208
       14592        16384        1705.820    478150656     29884416
       14592        32768        3174.232    956301312     59768832
       14592        65536        5710.516   1912602624    119537664
       15360            1         439.407        30720         1920
       15360            2         374.798        61440         3840
       15360            4         349.185       122880         7680
       15360            8         317.742       245760        15360
       15360           16         351.096       491520        30720
       15360           32         396.536       983040        61440
       15360           64         352.215      1966080       122880
       15360          128         363.691      3932160       245760
       15360          256         399.381      7864320       491520
       15360          512         401.591     15728640       983040
       15360         1024         332.702     31457280      1966080
       15360         2048         414.322     62914560      3932160
       15360         4096         463.898    125829120      7864320
       15360         8192        1041.558    251658240     15728640
       15360        16384        1650.231    503316480     31457280
       15360        32768        3515.342   1006632960     62914560
       15360        65536        5649.458   2013265920    125829120
       16896            1         423.073        33792         2112
       16896            2         452.994        67584         4224
       16896            4           7.080       135168         8448
       16896            8         386.960       270336        16896
       16896           16         356.001       540672        33792
       16896           32         329.604      1081344        67584
       16896           64         322.830      2162688       135168
       16896          128         424.784      4325376       270336
       16896          256         413.558      8650752       540672
       16896          512         383.026     17301504      1081344
       16896         1024         397.152     34603008      2162688
       16896         2048         402.204     69206016      4325376
       16896         4096         469.852    138412032      8650752
       16896         8192        1041.898    276824064     17301504
       16896        16384         541.392    553648128     34603008
       16896        32768        3233.976   1107296256     69206016
       18432            1         328.231        36864         2304
       18432            2         355.936        73728         4608
       18432            4         310.660       147456         9216
       18432            8         307.019       294912        18432
       18432           16         358.682       589824        36864
       18432           32         350.260      1179648        73728
       18432           64         308.816      2359296       147456
       18432          128         332.888      4718592       294912
       18432          256         353.058      9437184       589824
       18432          512         363.370     18874368      1179648
       18432         1024         397.568     37748736      2359296
       18432         2048         414.166     75497472      4718592
       18432         4096         439.679    150994944      9437184
       18432         8192         831.031    301989888     18874368
       18432        16384         771.524    603979776     37748736
       18432        32768        3047.575   1207959552     75497472
       19968            1         330.004        39936         2496
       19968            2         404.340        79872         4992
       19968            4         312.394       159744         9984
       19968            8         314.505       319488        19968
       19968           16         435.554       638976        39936
       19968           32         520.340      1277952        79872
       19968           64         348.890      2555904       159744
       19968          128          77.904      5111808       319488
       19968          256         344.368     10223616       638976
       19968          512         384.348     20447232      1277952
       19968         1024         385.132     40894464      2555904
       19968         2048         473.077     81788928      5111808
       19968         4096         579.238    163577856     10223616
       19968         8192        1048.059    327155712     20447232
       19968        16384        1899.453    654311424     40894464
       19968        32768        3849.066   1308622848     81788928
       21504            1         314.886        43008         2688
       21504            2         398.713        86016         5376
       21504            4         412.670       172032        10752
       21504            8         336.084       344064        21504
       21504           16         379.630       688128        43008
       21504           32         354.397      1376256        86016
       21504           64         374.539      2752512       172032
       21504          128         372.908      5505024       344064
       21504          256         358.004     11010048       688128
       21504          512         351.575     22020096      1376256
       21504         1024         415.748     44040192      2752512
       21504         2048         515.596     88080384      5505024
       21504         4096         643.129    176160768     11010048
       21504         8192        1005.012    352321536     22020096
       21504        16384        2187.898    704643072     44040192
       21504        32768        3292.456   1409286144     88080384
       23040            1         392.288        46080         2880
       23040            2         354.488        92160         5760
       23040            4         372.490       184320        11520
       23040            8         372.336       368640        23040
       23040           16         350.482       737280        46080
       23040           32         352.998      1474560        92160
       23040           64         367.268      2949120       184320
       23040          128         423.362      5898240       368640
       23040          256         452.530     11796480       737280
       23040          512         448.928     23592960      1474560
       23040         1024         454.480     47185920      2949120
       23040         2048         452.440     94371840      5898240
       23040         4096         751.303    188743680     11796480
       23040         8192        1609.269    377487360     23592960
       23040        16384        2325.962    754974720     47185920
       23040        32768        4233.183   1509949440     94371840
       25344            1         374.855        50688         3168
       25344            2         361.090       101376         6336
       25344            4         334.176       202752        12672
       25344            8         353.964       405504        25344
       25344           16         341.390       811008        50688
       25344           32         339.888      1622016       101376
       25344           64         382.830      3244032       202752
       25344          128         404.440      6488064       405504
       25344          256         321.352     12976128       811008
       25344          512         391.521     25952256      1622016
       25344         1024         411.660     51904512      3244032
       25344         2048         526.040    103809024      6488064
       25344         4096         715.008    207618048     12976128
       25344         8192        1175.604    415236096     25952256
       25344        16384        2981.651    830472192     51904512
       25344        32768        4723.384   1660944384    103809024
       27648            1         382.672        55296         3456
       27648            2         362.393       110592         6912
       27648            4         344.004       221184        13824
       27648            8         366.029       442368        27648
       27648           16         422.334       884736        55296
       27648           32         347.407      1769472       110592
       27648           64         368.169      3538944       221184
       27648          128         362.778      7077888       442368
       27648          256         312.328     14155776       884736
       27648          512         395.060     28311552      1769472
       27648         1024         397.722     56623104      3538944
       27648         2048         463.829    113246208      7077888
       27648         4096         757.835    226492416     14155776
       27648         8192        1505.291    452984832     28311552
       27648        16384        2306.816    905969664     56623104
       27648        32768        4631.162   1811939328    113246208
       29952            1         360.444        59904         3744
       29952            2         331.714       119808         7488
       29952            4         325.028       239616        14976
       29952            8         354.264       479232        29952
       29952           16         349.540       958464        59904
       29952           32         321.771      1916928       119808
       29952           64         361.444      3833856       239616
       29952          128         373.258      7667712       479232
       29952          256         415.615     15335424       958464
       29952          512         323.300     30670848      1916928
       29952         1024         405.002     61341696      3833856
       29952         2048         627.807    122683392      7667712
       29952         4096         902.676    245366784     15335424
       29952         8192        1505.568    490733568     30670848
       29952        16384        3057.024    981467136     61341696
       29952        32768        5453.375   1962934272    122683392
       32256            1         415.118        64512         4032
       32256            2         322.711       129024         8064
       32256            4         305.193       258048        16128
       32256            8         353.038       516096        32256
       32256           16           6.642      1032192        64512
       32256           32         327.022      2064384       129024
       32256           64         347.060      4128768       258048
       32256          128         345.687      8257536       516096
       32256          256         396.360     16515072      1032192
       32256          512         378.104     33030144      2064384
       32256         1024         443.342     66060288      4128768
       32256         2048         487.995    132120576      8257536
       32256         4096         992.226    264241152     16515072
       32256         8192        1633.764    528482304     33030144
       32256        16384        3467.419   1056964608     66060288
       32256        32768        5587.906   2113929216    132120576
       35328            1         394.561        70656         4416
       35328            2         351.060       141312         8832
       35328            4         377.902       282624        17664
       35328            8         448.050       565248        35328
       35328           16         338.134      1130496        70656
       35328           32         354.275      2260992       141312
       35328           64         345.796      4521984       282624
       35328          128         362.825      9043968       565248
       35328          256         407.607     18087936      1130496
       35328          512         399.664     36175872      2260992
       35328         1024         430.242     72351744      4521984
       35328         2048         497.215    144703488      9043968
       35328         4096         979.241    289406976     18087936
       35328         8192        1800.683    578813952     36175872
       35328        16384        3384.114   1157627904     72351744
       38400            1         389.280        76800         4800
       38400            2         340.339       153600         9600
       38400            4         322.428       307200        19200
       38400            8         393.584       614400        38400
       38400           16           6.640      1228800        76800
       38400           32         359.320      2457600       153600
       38400           64         331.776      4915200       307200
       38400          128         397.556      9830400       614400
       38400          256         407.659     19660800      1228800
       38400          512         406.304     39321600      2457600
       38400         1024         406.013     78643200      4915200
       38400         2048         542.835    157286400      9830400
       38400         4096        1200.400    314572800     19660800
       38400         8192        2060.045    629145600     39321600
       38400        16384        4493.612   1258291200     78643200
       42240            1         362.522        84480         5280
       42240            2         376.688       168960        10560
       42240            4         382.441       337920        21120
       42240            8         287.030       675840        42240
       42240           16         328.578      1351680        84480
       42240           32         356.700      2703360       168960
       42240           64         317.006      5406720       337920
       42240          128         374.200     10813440       675840
       42240          256         361.582     21626880      1351680
       42240          512         365.688     43253760      2703360
       42240         1024         413.188     86507520      5406720
       42240         2048         609.736    173015040     10813440
       42240         4096        1110.048    346030080     21626880
       42240         8192        2499.598    692060160     43253760
       42240        16384        3782.197   1384120320     86507520
       46080            1         379.718        92160         5760
       46080            2         323.404       184320        11520
       46080            4         360.006       368640        23040
       46080            8         396.329       737280        46080
       46080           16          12.194      1474560        92160
       46080           32         393.684      2949120       184320
       46080           64         388.248      5898240       368640
       46080          128         366.214     11796480       737280
       46080          256         392.270     23592960      1474560
       46080          512         435.092     47185920      2949120
       46080         1024         600.376     94371840      5898240
       46080         2048         660.302    188743680     11796480
       46080         4096        1059.467    377487360     23592960
       46080         8192        2315.775    754974720     47185920
       46080        16384        3121.683   1509949440     94371840
       50688            1         380.546       101376         6336
       50688            2         342.136       202752        12672
       50688            4         332.598       405504        25344
       50688            8         408.442       811008        50688
       50688           16         391.406      1622016       101376
       50688           32         318.684      3244032       202752
       50688           64         329.790      6488064       405504
       50688          128         362.014     12976128       811008
       50688          256         425.444     25952256      1622016
       50688          512         442.463     51904512      3244032
       50688         1024         463.439    103809024      6488064
       50688         2048         780.105    207618048     12976128
       50688         4096        1434.044    415236096     25952256
       50688         8192        2403.536    830472192     51904512
       50688        16384        4413.180   1660944384    103809024
       55296            1         367.780       110592         6912
       55296            2         355.730       221184        13824
       55296            4         324.520       442368        27648
       55296            8         401.682       884736        55296
       55296           16         394.380      1769472       110592
       55296           32         420.706      3538944       221184
       55296           64         397.078      7077888       442368
       55296          128         432.507     14155776       884736
       55296          256         413.178     28311552      1769472
       55296          512         381.875     56623104      3538944
       55296         1024         497.887    113246208      7077888
       55296         2048         763.027    226492416     14155776
       55296         4096        1560.345    452984832     28311552
       55296         8192        2495.967    905969664     56623104
       55296        16384        4686.244   1811939328    113246208
       60672            1         428.136       121344         7584
       60672            2         346.006       242688        15168
       60672            4         330.782       485376        30336
       60672            8         366.414       970752        60672
       60672           16         414.327      1941504       121344
       60672           32         410.200      3883008       242688
       60672           64         319.220      7766016       485376
       60672          128         342.956     15532032       970752
       60672          256         401.507     31064064      1941504
       60672          512         397.744     62128128      3883008
       60672         1024         498.506    124256256      7766016
       60672         2048         705.865    248512512     15532032
       60672         4096        1529.909    497025024     31064064
       60672         8192        3217.660    994050048     62128128
       60672        16384        4154.212   1988100096    124256256
       66048            1         368.064       132096         8256
       66048            2         355.435       264192        16512
       66048            4         394.927       528384        33024
       66048            8         311.779      1056768        66048
       66048           16         330.962      2113536       132096
       66048           32         470.163      4227072       264192
       66048           64         394.480      8454144       528384
       66048          128         351.796     16908288      1056768
       66048          256         447.485     33816576      2113536
       66048          512         437.438     67633152      4227072
       66048         1024         508.304    135266304      8454144
       66048         2048         857.539    270532608     16908288
       66048         4096        1830.515    541065216     33816576
       66048         8192        3442.278   1082130432     67633152
       72192            1         405.148       144384         9024
       72192            2         347.032       288768        18048
       72192            4         348.058       577536        36096
       72192            8         370.016      1155072        72192
       72192           16         350.280      2310144       144384
       72192           32         348.314      4620288       288768
       72192           64         386.780      9240576       577536
       72192          128         413.053     18481152      1155072
       72192          256         421.208     36962304      2310144
       72192          512         369.180     73924608      4620288
       72192         1024         481.304    147849216      9240576
       72192         2048         740.260    295698432     18481152
       72192         4096        1390.173    591396864     36962304
       72192         8192        3492.778   1182793728     73924608
       79104            1         367.836       158208         9888
       79104            2         334.116       316416        19776
       79104            4         397.947       632832        39552
       79104            8         366.516      1265664        79104
       79104           16         410.119      2531328       158208
       79104           32         316.320      5062656       316416
       79104           64         526.502     10125312       632832
       79104          128         405.995     20250624      1265664
       79104          256         394.508     40501248      2531328
       79104          512         429.853     81002496      5062656
       79104         1024         617.029    162004992     10125312
       79104         2048        1352.051    324009984     20250624
       79104         4096        2149.156    648019968     40501248
       79104         8192        3245.512   1296039936     81002496
       86784            1           9.362       173568        10848
       86784            2         325.570       347136        21696
       86784            4         354.024       694272        43392
       86784            8         362.354      1388544        86784
       86784           16         352.748      2777088       173568
       86784           32         340.590      5554176       347136
       86784           64         407.440     11108352       694272
       86784          128         376.138     22216704      1388544
       86784          256         366.116     44433408      2777088
       86784          512         374.577     88866816      5554176
       86784         1024         586.194    177733632     11108352
       86784         2048        1009.759    355467264     22216704
       86784         4096        2058.578    710934528     44433408
       86784         8192        3684.757   1421869056     88866816
       95232            1         401.253       190464        11904
       95232            2         397.900       380928        23808
       95232            4         318.964       761856        47616
       95232            8         341.936      1523712        95232
       95232           16         345.652      3047424       190464
       95232           32         329.588      6094848       380928
       95232           64         308.252     12189696       761856
       95232          128         352.666     24379392      1523712
       95232          256         401.111     48758784      3047424
       95232          512         462.716     97517568      6094848
       95232         1024         678.715    195035136     12189696
       95232         2048        1600.167    390070272     24379392
       95232         4096        1511.946    780140544     48758784
       95232         8192        3294.411   1560281088     97517568
      104448            1         333.718       208896        13056
      104448            2         346.940       417792        26112
      104448            4         326.068       835584        52224
      104448            8         350.058      1671168       104448
      104448           16         367.273      3342336       208896
      104448           32         369.866      6684672       417792
      104448           64         371.740     13369344       835584
      104448          128         388.690     26738688      1671168
      104448          256         409.016     53477376      3342336
      104448          512         488.622    106954752      6684672
      104448         1024         668.355    213909504     13369344
      104448         2048        1345.620    427819008     26738688
      104448         4096        2452.376    855638016     53477376
      104448         8192        4414.936   1711276032    106954752
      114432            1         394.170       228864        14304
      114432            2         409.480       457728        28608
      114432            4         313.634       915456        57216
      114432            8         326.527      1830912       114432
      114432           16         355.793      3661824       228864
      114432           32         350.460      7323648       457728
      114432           64         322.192     14647296       915456
      114432          128         399.208     29294592      1830912
      114432          256         425.211     58589184      3661824
      114432          512         509.356    117178368      7323648
      114432         1024         981.995    234356736     14647296
      114432         2048        1376.766    468713472     29294592
      114432         4096        1510.364    937426944     58589184
      114432         8192        2747.458   1874853888    117178368
      125184            1         358.289       250368        15648
      125184            2         312.972       500736        31296
      125184            4         330.160      1001472        62592
      125184            8          11.335      2002944       125184
      125184           16         334.672      4005888       250368
      125184           32         385.557      8011776       500736
      125184           64         412.735     16023552      1001472
      125184          128         377.098     32047104      2002944
      125184          256         397.540     64094208      4005888
      125184          512         509.158    128188416      8011776
      125184         1024        1112.755    256376832     16023552
      125184         2048        1523.729    512753664     32047104
      125184         4096        3052.752   1025507328     64094208
      125184         8192        5562.098   2051014656    128188416
      137472            1         373.945       274944        17184
      137472            2         357.444       549888        34368
      137472            4         369.878      1099776        68736
      137472            8         435.796      2199552       137472
      137472           16         448.733      4399104       274944
      137472           32         404.329      8798208       549888
      137472           64         408.744     17596416      1099776
      137472          128         403.640     35192832      2199552
      137472          256         442.133     70385664      4399104
      137472          512         517.149    140771328      8798208
      137472         1024         864.262    281542656     17596416
      137472         2048        1814.488    563085312     35192832
      137472         4096        3357.806   1126170624     70385664
      150528            1         317.484       301056        18816
      150528            2         347.872       602112        37632
      150528            4         422.662      1204224        75264
      150528            8         374.041      2408448       150528
      150528           16         337.625      4816896       301056
      150528           32         332.515      9633792       602112
      150528           64          20.200     19267584      1204224
      150528          128         380.265     38535168      2408448
      150528          256         442.669     77070336      4816896
      150528          512         623.205    154140672      9633792
      150528         1024        1124.192    308281344     19267584
      150528         2048        2091.926    616562688     38535168
      150528         4096        3407.160   1233125376     77070336
      165120            1         325.452       330240        20640
      165120            2         332.058       660480        41280
      165120            4         358.800      1320960        82560
      165120            8         339.211      2641920       165120
      165120           16         388.400      5283840       330240
      165120           32         368.266     10567680       660480
      165120           64         393.266     21135360      1320960
      165120          128         355.537     42270720      2641920
      165120          256         412.992     84541440      5283840
      165120          512         595.175    169082880     10567680
      165120         1024         979.057    338165760     21135360
      165120         2048        2133.385    676331520     42270720
      165120         4096        3689.876   1352663040     84541440
      181248            1         452.395       362496        22656
      181248            2         441.590       724992        45312
      181248            4         357.130      1449984        90624
      181248            8         373.212      2899968       181248
      181248           16         372.824      5799936       362496
      181248           32          15.627     11599872       724992
      181248           64         404.874     23199744      1449984
      181248          128         437.939     46399488      2899968
      181248          256         499.768     92798976      5799936
      181248          512         621.547    185597952     11599872
      181248         1024        1237.260    371195904     23199744
      181248         2048        2219.000    742391808     46399488
      181248         4096        4172.674   1484783616     92798976
      198912            1         319.152       397824        24864
      198912            2         394.616       795648        49728
      198912            4         364.526      1591296        99456
      198912            8         387.151      3182592       198912
      198912           16         355.602      6365184       397824
      198912           32         396.936     12730368       795648
      198912           64         438.390     25460736      1591296
      198912          128         405.592     50921472      3182592
      198912          256         455.229    101842944      6365184
      198912          512         689.773    203685888     12730368
      198912         1024        1058.678    407371776     25460736
      198912         2048        2418.747    814743552     50921472
      198912         4096        4274.670   1629487104    101842944
      218112            1         353.227       436224        27264
      218112            2         358.814       872448        54528
      218112            4           9.092      1744896       109056
      218112            8         330.808      3489792       218112
      218112           16         403.610      6979584       436224
      218112           32         385.680     13959168       872448
      218112           64         339.378     27918336      1744896
      218112          128         455.648     55836672      3489792
      218112          256         502.269    111673344      6979584
      218112          512         752.344    223346688     13959168
      218112         1024        1284.291    446693376     27918336
      218112         2048        2561.900    893386752     55836672
      218112         4096        4752.735   1786773504    111673344
      239616            1         344.300       479232        29952
      239616            2         322.750       958464        59904
      239616            4         378.014      1916928       119808
      239616            8         369.526      3833856       239616
      239616           16         364.280      7667712       479232
      239616           32         480.327     15335424       958464
      239616           64         431.887     30670848      1916928
      239616          128         443.106     61341696      3833856
      239616          256         515.113    122683392      7667712
      239616          512         908.748    245366784     15335424
      239616         1024        1550.249    490733568     30670848
      239616         2048        2897.728    981467136     61341696
      239616         4096        5116.994   1962934272    122683392
      263424            1         339.780       526848        32928
      263424            2         341.830      1053696        65856
      263424            4         376.576      2107392       131712
      263424            8         336.192      4214784       263424
      263424           16         391.270      8429568       526848
      263424           32         371.971     16859136      1053696
      263424           64         341.915     33718272      2107392
      263424          128         386.551     67436544      4214784
      263424          256         457.840    134873088      8429568
      263424          512         727.525    269746176     16859136
      263424         1024        1379.860    539492352     33718272
      263424         2048        2878.199   1078984704     67436544
      289536            1         360.348       579072        36192
      289536            2         548.180      1158144        72384
      289536            4         394.244      2316288       144768
      289536            8         326.760      4632576       289536
      289536           16         366.516      9265152       579072
      289536           32         368.368     18530304      1158144
      289536           64         414.928     37060608      2316288
      289536          128         433.152     74121216      4632576
      289536          256         567.194    148242432      9265152
      289536          512         979.860    296484864     18530304
      289536         1024        1745.127    592969728     37060608
      289536         2048        3427.295   1185939456     74121216
      317952            1         319.278       635904        39744
      317952            2         343.405      1271808        79488
      317952            4         373.498      2543616       158976
      317952            8         392.280      5087232       317952
      317952           16         411.940     10174464       635904
      317952           32         339.855     20348928      1271808
      317952           64         526.517     40697856      2543616
      317952          128         456.358     81395712      5087232
      317952          256         605.747    162791424     10174464
      317952          512        1003.030    325582848     20348928
      317952         1024        2048.838    651165696     40697856
      317952         2048        3459.374   1302331392     81395712
      349440            1         395.412       698880        43680
      349440            2         366.149      1397760        87360
      349440            4         334.300      2795520       174720
      349440            8         326.912      5591040       349440
      349440           16         431.532     11182080       698880
      349440           32         392.139     22364160      1397760
      349440           64         402.796     44728320      2795520
      349440          128         491.805     89456640      5591040
      349440          256         629.812    178913280     11182080
      349440          512        1052.476    357826560     22364160
      349440         1024        2204.390    715653120     44728320
      349440         2048        4019.407   1431306240     89456640
      384000            1         338.484       768000        48000
      384000            2         389.933      1536000        96000
      384000            4         401.820      3072000       192000
      384000            8         338.342      6144000       384000
      384000           16         362.112     12288000       768000
      384000           32         398.844     24576000      1536000
      384000           64         434.001     49152000      3072000
      384000          128         359.713     98304000      6144000
      384000          256         503.682    196608000     12288000
      384000          512        1306.842    393216000     24576000
      384000         1024        2300.979    786432000     49152000
      384000         2048        4230.317   1572864000     98304000
      422400            1         396.974       844800        52800
      422400            2         322.488      1689600       105600
      422400            4         319.205      3379200       211200
      422400            8         353.512      6758400       422400
      422400           16         334.661     13516800       844800
      422400           32         357.388     27033600      1689600
      422400           64         408.184     54067200      3379200
      422400          128         526.815    108134400      6758400
      422400          256         709.309    216268800     13516800
      422400          512        1253.149    432537600     27033600
      422400         1024        2274.908    865075200     54067200
      422400         2048        4752.510   1730150400    108134400
      464640            1         375.095       929280        58080
      464640            2         396.500      1858560       116160
      464640            4         324.481      3717120       232320
      464640            8         305.854      7434240       464640
      464640           16         419.033     14868480       929280
      464640           32         398.696     29736960      1858560
      464640           64         404.127     59473920      3717120
      464640          128         513.949    118947840      7434240
      464640          256         688.502    237895680     14868480
      464640          512        1256.754    475791360     29736960
      464640         1024        2408.746    951582720     59473920
      464640         2048        3796.269   1903165440    118947840
      510720            1         358.161      1021440        63840
      510720            2         363.916      2042880       127680
      510720            4         328.031      4085760       255360
      510720            8         350.842      8171520       510720
      510720           16         448.900     16343040      1021440
      510720           32         398.227     32686080      2042880
      510720           64         454.885     65372160      4085760
      510720          128         576.304    130744320      8171520
      510720          256         703.928    261488640     16343040
      510720          512        1425.120    522977280     32686080
      510720         1024        2856.635   1045954560     65372160
      510720         2048        5290.602   2091909120    130744320
      561408            1         354.371      1122816        70176
      561408            2         380.369      2245632       140352
      561408            4         312.865      4491264       280704
      561408            8         411.839      8982528       561408
      561408           16         335.404     17965056      1122816
      561408           32         398.300     35930112      2245632
      561408           64         426.635     71860224      4491264
      561408          128         490.344    143720448      8982528
      561408          256         840.360    287440896     17965056
      561408          512        1649.068    574881792     35930112
      561408         1024        2947.278   1149763584     71860224
      617472            1         357.488      1234944        77184
      617472            2         375.663      2469888       154368
      617472            4         328.469      4939776       308736
      617472            8         323.285      9879552       617472
      617472           16         397.588     19759104      1234944
      617472           32         366.545     39518208      2469888
      617472           64         100.449     79036416      4939776
      617472          128         612.715    158072832      9879552
      617472          256        1103.987    316145664     19759104
      617472          512        1885.768    632291328     39518208
      617472         1024        3557.138   1264582656     79036416
      678912            1         324.188      1357824        84864
      678912            2         540.330      2715648       169728
      678912            4         397.904      5431296       339456
      678912            8         311.815     10862592       678912
      678912           16         395.890     21725184      1357824
      678912           32         451.691     43450368      2715648
      678912           64         517.735     86900736      5431296
      678912          128         603.516    173801472     10862592
      678912          256        1056.060    347602944     21725184
      678912          512        2157.771    695205888     43450368
      678912         1024        3851.214   1390411776     86900736
      746496            1         384.592      1492992        93312
      746496            2         349.760      2985984       186624
      746496            4         339.392      5971968       373248
      746496            8         386.756     11943936       746496
      746496           16          18.198     23887872      1492992
      746496           32         483.456     47775744      2985984
      746496           64         504.239     95551488      5971968
      746496          128         726.288    191102976     11943936
      746496          256        1198.638    382205952     23887872
      746496          512        2460.540    764411904     47775744
      746496         1024        3924.983   1528823808     95551488
      820992            1         356.330      1641984       102624
      820992            2         329.647      3283968       205248
      820992            4         354.243      6567936       410496
      820992            8         359.098     13135872       820992
      820992           16         371.860     26271744      1641984
      820992           32         355.320     52543488      3283968
      820992           64         426.344    105086976      6567936
      820992          128         685.252    210173952     13135872
      820992          256         853.702    420347904     26271744
      820992          512        2671.812    840695808     52543488
      820992         1024        4475.338   1681391616    105086976
      902400            1         361.509      1804800       112800
      902400            2         383.159      3609600       225600
      902400            4         351.058      7219200       451200
      902400            8          21.089     14438400       902400
      902400           16         424.782     28876800      1804800
      902400           32         440.928     57753600      3609600
      902400           64         488.593    115507200      7219200
      902400          128         760.496    231014400     14438400
      902400          256        1304.742    462028800     28876800
      902400          512        2716.376    924057600     57753600
      902400         1024        4887.641   1848115200    115507200
      992256            1         363.994      1984512       124032
      992256            2         311.567      3969024       248064
      992256            4         311.499      7938048       496128
      992256            8         321.549     15876096       992256
      992256           16         344.344     31752192      1984512
      992256           32         405.494     63504384      3969024
      992256           64         511.350    127008768      7938048
      992256          128         878.980    254017536     15876096
      992256          256        1481.212    508035072     31752192
      992256          512        2676.133   1016070144     63504384
      992256         1024        5210.716   2032140288    127008768
     1091328            1         351.536      2182656       136416
     1091328            2         519.243      4365312       272832
     1091328            4         454.531      8730624       545664
     1091328            8         354.518     17461248      1091328
     1091328           16         362.382     34922496      2182656
     1091328           32         424.974     69844992      4365312
     1091328           64         574.098    139689984      8730624
     1091328          128         759.603    279379968     17461248
     1091328          256        1738.980    558759936     34922496
     1091328          512        3025.548   1117519872     69844992
     1200384            1         383.600      2400768       150048
     1200384            2         361.466      4801536       300096
     1200384            4         406.253      9603072       600192
     1200384            8         332.311     19206144      1200384
     1200384           16         366.185     38412288      2400768
     1200384           32         420.093     76824576      4801536
     1200384           64         568.902    153649152      9603072
     1200384          128         871.835    307298304     19206144
     1200384          256        1647.645    614596608     38412288
     1200384          512        3362.690   1229193216     76824576
     1320192            1         378.410      2640384       165024
     1320192            2         309.460      5280768       330048
     1320192            4         368.982     10561536       660096
     1320192            8         444.898     21123072      1320192
     1320192           16         417.604     42246144      2640384
     1320192           32         402.211     84492288      5280768
     1320192           64         510.002    168984576     10561536
     1320192          128         877.040    337969152     21123072
     1320192          256        1465.511    675938304     42246144
     1320192          512        2214.594   1351876608     84492288
     1451520            1         373.912      2903040       181440
     1451520            2         365.627      5806080       362880
     1451520            4         360.490     11612160       725760
     1451520            8          23.548     23224320      1451520
     1451520           16         425.267     46448640      2903040
     1451520           32         465.868     92897280      5806080
     1451520           64         582.822    185794560     11612160
     1451520          128        1648.051    371589120     23224320
     1451520          256        2220.854    743178240     46448640
     1451520          512        2275.671   1486356480     92897280
     1596672            1         362.709      3193344       199584
     1596672            2         344.429      6386688       399168
     1596672            4         363.876     12773376       798336
     1596672            8         354.130     25546752      1596672
     1596672           16         530.275     51093504      3193344
     1596672           32         482.352    102187008      6386688
     1596672           64         728.748    204374016     12773376
     1596672          128        1502.860    408748032     25546752
     1596672          256        2422.801    817496064     51093504
     1596672          512        3506.056   1634992128    102187008
     1755648            1         396.864      3511296       219456
     1755648            2         346.324      7022592       438912
     1755648            4         352.787     14045184       877824
     1755648            8         522.406     28090368      1755648
     1755648           16         436.418     56180736      3511296
     1755648           32         474.062    112361472      7022592
     1755648           64         832.604    224722944     14045184
     1755648          128        1518.332    449445888     28090368
     1755648          256        2535.128    898891776     56180736
     1755648          512        3886.906   1797783552    112361472
     1930752            1         371.695      3861504       241344
     1930752            2         392.000      7723008       482688
     1930752            4         347.058     15446016       965376
     1930752            8         430.040     30892032      1930752
     1930752           16         490.951     61784064      3861504
     1930752           32         428.620    123568128      7723008
     1930752           64         821.633    247136256     15446016
     1930752          128        1470.805    494272512     30892032
     1930752          256        3268.408    988545024     61784064
     1930752          512        5113.582   1977090048    123568128
     2123520            1         437.820      4247040       265440
     2123520            2         367.515      8494080       530880
     2123520            4         347.411     16988160      1061760
     2123520            8         375.000     33976320      2123520
     2123520           16         385.773     67952640      4247040
     2123520           32         464.063    135905280      8494080
     2123520           64         740.940    271810560     16988160
     2123520          128        1585.942    543621120     33976320
     2123520          256        3067.148   1087242240     67952640
     2335488            1         364.334      4670976       291936
     2335488            2         373.020      9341952       583872
     2335488            4         345.742     18683904      1167744
     2335488            8         413.508     37367808      2335488
     2335488           16         446.791     74735616      4670976
     2335488           32         540.156    149471232      9341952
     2335488           64         986.960    298942464     18683904
     2335488          128        1736.340    597884928     37367808
     2335488          256        3010.858   1195769856     74735616
     2568960            1         309.090      5137920       321120
     2568960            2         330.734     10275840       642240
     2568960            4         357.410     20551680      1284480
     2568960            8         336.640     41103360      2568960
     2568960           16         432.840     82206720      5137920
     2568960           32         576.292    164413440     10275840
     2568960           64        1114.838    328826880     20551680
     2568960          128        1745.364    657653760     41103360
     2568960          256        3819.962   1315307520     82206720
     2825472            1         455.524      5650944       353184
     2825472            2         421.440     11301888       706368
     2825472            4         382.831     22603776      1412736
     2825472            8         377.645     45207552      2825472
     2825472           16         425.325     90415104      5650944
     2825472           32         531.420    180830208     11301888
     2825472           64        1026.728    361660416     22603776
     2825472          128        2229.367    723320832     45207552
     2825472          256        3798.256   1446641664     90415104
     3107328            1         327.128      6214656       388416
     3107328            2         343.441     12429312       776832
     3107328            4         388.809     24858624      1553664
     3107328            8         370.947     49717248      3107328
     3107328           16         423.509     99434496      6214656
     3107328           32         608.419    198868992     12429312
     3107328           64        1550.616    397737984     24858624
     3107328          128        2314.136    795475968     49717248
     3107328          256        4056.604   1590951936     99434496
     3417600            1         384.922      6835200       427200
     3417600            2         369.551     13670400       854400
     3417600            4         357.796     27340800      1708800
     3417600            8         404.308     54681600      3417600
     3417600           16         453.467    109363200      6835200
     3417600           32         743.497    218726400     13670400
     3417600           64        1154.452    437452800     27340800
     3417600          128        2390.292    874905600     54681600
     3417600          256        1677.247   1749811200    109363200
     3759360            1         387.214      7518720       469920
     3759360            2         333.670     15037440       939840
     3759360            4         433.204     30074880      1879680
     3759360            8         493.894     60149760      3759360
     3759360           16         508.320    120299520      7518720
     3759360           32         841.616    240599040     15037440
     3759360           64        1662.780    481198080     30074880
     3759360          128        2758.951    962396160     60149760
     3759360          256        3698.724   1924792320    120299520
     4134912            1         402.383      8269824       516864
     4134912            2         380.380     16539648      1033728
     4134912            4         356.016     33079296      2067456
     4134912            8         390.952     66158592      4134912
     4134912           16         587.370    132317184      8269824
     4134912           32         989.656    264634368     16539648
     4134912           64         989.050    529268736     33079296
     4134912          128        1635.798   1058537472     66158592
     4134912          256        4374.043   2117074944    132317184
     4548096            1         429.241      9096192       568512
     4548096            2         387.732     18192384      1137024
     4548096            4         404.956     36384768      2274048
     4548096            8         432.980     72769536      4548096
     4548096           16         532.396    145539072      9096192
     4548096           32         823.044    291078144     18192384
     4548096           64        1721.832    582156288     36384768
     4548096          128        3117.979   1164312576     72769536
     5002752            1         428.853     10005504       625344
     5002752            2         451.391     20011008      1250688
     5002752            4         378.932     40022016      2501376
     5002752            8         421.409     80044032      5002752
     5002752           16         546.642    160088064     10005504
     5002752           32        1042.536    320176128     20011008
     5002752           64        1789.840    640352256     40022016
     5002752          128        3378.102   1280704512     80044032
     5502720            1         331.258     11005440       687840
     5502720            2         415.904     22010880      1375680
     5502720            4         377.680     44021760      2751360
     5502720            8         443.856     88043520      5502720
     5502720           16         630.752    176087040     11005440
     5502720           32         861.053    352174080     22010880
     5502720           64        2013.821    704348160     44021760
     5502720          128        3705.669   1408696320     88043520
     6052608            1         331.906     12105216       756576
     6052608            2         379.379     24210432      1513152
     6052608            4         414.851     48420864      3026304
     6052608            8         452.798     96841728      6052608
     6052608           16         656.016    193683456     12105216
     6052608           32         993.972    387366912     24210432
     6052608           64        2057.172    774733824     48420864
     6052608          128        3277.903   1549467648     96841728
     6657792            1         326.460     13315584       832224
     6657792            2         367.709     26631168      1664448
     6657792            4         394.887     53262336      3328896
     6657792            8         457.447    106524672      6657792
     6657792           16         788.736    213049344     13315584
     6657792           32        1587.352    426098688     26631168
     6657792           64        2450.020    852197376     53262336
     6657792          128        4442.822   1704394752    106524672
     7322880            1         357.406     14645760       915360
     7322880            2         375.612     29291520      1830720
     7322880            4         430.821     58583040      3661440
     7322880            8         473.404    117166080      7322880
     7322880           16         893.725    234332160     14645760
     7322880           32        1321.745    468664320     29291520
     7322880           64        2561.489    937328640     58583040
     7322880          128        4894.044   1874657280    117166080
     8054784            1         389.588     16109568      1006848
     8054784            2         410.537     32219136      2013696
     8054784            4         401.857     64438272      4027392
     8054784            8         536.416    128876544      8054784
     8054784           16         752.836    257753088     16109568
     8054784           32        1350.381    515506176     32219136
     8054784           64        2753.022   1031012352     64438272
     8054784          128        5277.419   2062024704    128876544
     8859648            1         375.760     17719296      1107456
     8859648            2          27.432     35438592      2214912
     8859648            4         494.388     70877184      4429824
     8859648            8         582.770    141754368      8859648
     8859648           16         795.355    283508736     17719296
     8859648           32        1496.699    567017472     35438592
     8859648           64        3003.136   1134034944     70877184
     9745152            1         425.493     19490304      1218144
     9745152            2         404.424     38980608      2436288
     9745152            4         427.520     77961216      4872576
     9745152            8         482.108    155922432      9745152
     9745152           16         851.415    311844864     19490304
     9745152           32        1685.512    623689728     38980608
     9745152           64        3222.900   1247379456     77961216
    10718976            1         354.350     21437952      1339872
    10718976            2         410.860     42875904      2679744
    10718976            4         440.605     85751808      5359488
    10718976            8         585.709    171503616     10718976
    10718976           16        1044.200    343007232     21437952
    10718976           32        2084.738    686014464     42875904
    10718976           64        3084.938   1372028928     85751808
    11790336            1         426.292     23580672      1473792
    11790336            2         407.836     47161344      2947584
    11790336            4         429.160     94322688      5895168
    11790336            8         675.262    188645376     11790336
    11790336           16        1122.936    377290752     23580672
    11790336           32        2030.000    754581504     47161344
    11790336           64        3979.140   1509163008     94322688
    12969216            1          23.758     25938432      1621152
    12969216            2         411.011     51876864      3242304
    12969216            4         545.889    103753728      6484608
    12969216            8         638.975    207507456     12969216
    12969216           16        1188.985    415014912     25938432
    12969216           32        2265.040    830029824     51876864
    12969216           64        4220.562   1660059648    103753728
    14265600            1         398.767     28531200      1783200
    14265600            2         422.080     57062400      3566400
    14265600            4         510.648    114124800      7132800
    14265600            8         744.327    228249600     14265600
    14265600           16        1276.599    456499200     28531200
    14265600           32        2215.752    912998400     57062400
    14265600           64        4540.159   1825996800    114124800
    15691776            1         370.496     31383552      1961472
    15691776            2         413.494     62767104      3922944
    15691776            4         520.286    125534208      7845888
    15691776            8         761.468    251068416     15691776
    15691776           16        1419.542    502136832     31383552
    15691776           32        2556.651   1004273664     62767104
    15691776           64        4041.303   2008547328    125534208
    17260800            1         424.385     34521600      2157600
    17260800            2         409.667     69043200      4315200
    17260800            4         496.692    138086400      8630400
    17260800            8         692.202    276172800     17260800
    17260800           16        1299.036    552345600     34521600
    17260800           32        2990.934   1104691200     69043200
    18986496            1         451.858     37972992      2373312
    18986496            2         427.580     75945984      4746624
    18986496            4         515.927    151891968      9493248
    18986496            8         948.533    303783936     18986496
    18986496           16        1785.127    607567872     37972992
    18986496           32        1733.016   1215135744     75945984
    20884992            1         380.588     41769984      2610624
    20884992            2         429.470     83539968      5221248
    20884992            4         672.380    167079936     10442496
    20884992            8        1121.296    334159872     20884992
    20884992           16        1994.792    668319744     41769984
    20884992           32        3306.604   1336639488     83539968
    22973184            1         401.372     45946368      2871648
    22973184            2         446.379     91892736      5743296
    22973184            4         664.293    183785472     11486592
    22973184            8        1151.712    367570944     22973184
    22973184           16        1987.520    735141888     45946368
    22973184           32        3530.118   1470283776     91892736
    25270272            1         382.410     50540544      3158784
    25270272            2         484.984    101081088      6317568
    25270272            4         575.699    202162176     12635136
    25270272            8         732.931    404324352     25270272
    25270272           16        1314.746    808648704     50540544
    25270272           32        1578.730   1617297408    101081088
    27796992            1         401.260     55593984      3474624
    27796992            2         396.487    111187968      6949248
    27796992            4         585.987    222375936     13898496
    27796992            8        1325.439    444751872     27796992
    27796992           16        2599.778    889503744     55593984
    27796992           32        4414.624   1779007488    111187968
    30576384            1         485.240     61152768      3822048
    30576384            2         538.684    122305536      7644096
    30576384            4         776.667    244611072     15288192
    30576384            8        1130.948    489222144     30576384
    30576384           16        1993.468    978444288     61152768
    30576384           32        5191.668   1956888576    122305536
    33633792            1         474.932     67267584      4204224
    33633792            2         486.634    134535168      8408448
    33633792            4         641.300    269070336     16816896
    33633792            8        1087.809    538140672     33633792
    33633792           16        2652.509   1076281344     67267584
    36996864            1         522.372     73993728      4624608
    36996864            2         604.624    147987456      9249216
    36996864            4         814.444    295974912     18498432
    36996864            8        1777.882    591949824     36996864
    36996864           16        2480.979   1183899648     73993728
    40696320            1         456.805     81392640      5087040
    40696320            2         679.473    162785280     10174080
    40696320            4         845.605    325570560     20348160
    40696320            8        1717.104    651141120     40696320
    40696320           16        3180.326   1302282240     81392640
    44765952            1         496.714     89531904      5595744
    44765952            2         570.421    179063808     11191488
    44765952            4         791.550    358127616     22382976
    44765952            8        1839.905    716255232     44765952
    44765952           16        3590.934   1432510464     89531904
    49241856            1         723.560     98483712      6155232
    49241856            2         625.482    196967424     12310464
    49241856            4         679.508    393934848     24620928
    49241856            8        1291.506    787869696     49241856
    49241856           16        4086.638   1575739392     98483712
    54165504            1         675.775    108331008      6770688
    54165504            2         674.064    216662016     13541376
    54165504            4         785.360    433324032     27082752
    54165504            8        1978.844    866648064     54165504
    54165504           16        2501.580   1733296128    108331008
    59581440            1         804.604    119162880      7447680
    59581440            2         649.818    238325760     14895360
    59581440            4        1288.088    476651520     29790720
    59581440            8        2713.260    953303040     59581440
    59581440           16        4983.712   1906606080    119162880
    65539584            1         969.461    131079168      8192448
    65539584            2         593.769    262158336     16384896
    65539584            4         843.255    524316672     32769792
    65539584            8        2681.071   1048633344     65539584
    65539584           16        5253.727   2097266688    131079168
    72092928            1         519.043    144185856      9011616
    72092928            2         984.248    288371712     18023232
    72092928            4        1560.268    576743424     36046464
    72092928            8        1633.280   1153486848     72092928
    79302144            1         964.820    158604288      9912768
    79302144            2        1105.096    317208576     19825536
    79302144            4        1641.667    634417152     39651072
    79302144            8        3775.179   1268834304     79302144
    87231744            1        2191.468    174463488     10903968
    87231744            2        2966.765    348926976     21807936
    87231744            4        2092.102    697853952     43615872
    87231744            8        3423.480   1395707904     87231744
    95954688            1        2743.306    191909376     11994336
    95954688            2        4050.969    383818752     23988672
    95954688            4        4507.331    767637504     47977344
    95954688            8        6435.710   1535275008     95954688
   105550080            1        3768.060    211100160     13193760
   105550080            2        4500.585    422200320     26387520
   105550080            4        6858.850    844400640     52775040
   105550080            8        4879.256   1688801280    105550080
   116104704            1        4602.636    232209408     14513088
   116104704            2        7815.448    464418816     29026176
   116104704            4       11108.222    928837632     58052352
   116104704            8       15402.275   1857675264    116104704
   127714560            1        5459.923    255429120     15964320
   127714560            2        7349.263    510858240     31928640
   127714560            4       14379.719   1021716480     63857280
   127714560            8       19838.150   2043432960    127714560
   140485632            1        6530.300    280971264     17560704
   140485632            2       11914.709    561942528     35121408
   140485632            4       16545.664   1123885056     70242816
   154533888            1        3546.693    309067776     19316736
   154533888            2       13011.045    618135552     38633472
   154533888            4       18717.852   1236271104     77266944
   169986816            1        7181.608    339973632     21248352
   169986816            2       17315.474    679947264     42496704
   169986816            4       21920.351   1359894528     84993408
   186984960            1        5808.454    373969920     23373120
   186984960            2       11990.598    747939840     46746240
   186984960            4       14727.192   1495879680     93492480
   205683456            1        8878.512    411366912     25710432
   205683456            2       10648.634    822733824     51420864
   205683456            4       30496.234   1645467648    102841728
   226251264            1        8275.108    452502528     28281408
   226251264            2       20634.463    905005056     56562816
   226251264            4       33629.281   1810010112    113125632
   248875776            1       13965.766    497751552     31109472
   248875776            2       26705.427    995503104     62218944
   248875776            4       40936.309   1991006208    124437888
   273762816            1       15931.081    547525632     34220352
   273762816            2       31499.718   1095051264     68440704
   301138944            1       17022.871    602277888     37642368
   301138944            2       34045.604   1204555776     75284736
   331252224            1        6838.841    662504448     41406528
   331252224            2       26838.157   1325008896     82813056
   364376832            1       11215.370    728753664     45547104
   364376832            2       43161.767   1457507328     91094208
   400813824            1       23274.785    801627648     50101728
   400813824            2       47147.965   1603255296    100203456
   440894976            1       23895.627    881789952     55111872
   440894976            2       51935.806   1763579904    110223744
   484984320            1       23709.518    969968640     60623040
   484984320            2       54663.109   1939937280    121246080
   533482752            1       29919.584   1066965504     66685344
   533482752            2       63037.641   2133931008    133370688
   586830336            1       32623.003   1173660672     73353792
   645513216            1       36065.804   1291026432     80689152
   710064384            1       39502.570   1420128768     88758048
   781070592            1       42979.013   1562141184     97633824
   859176960            1       46835.121   1718353920    107397120
   945094656            1       52598.367   1890189312    118136832
  1039603968            1       59072.600   2079207936    129950496

META_DATA
FLOPS          1
OPENMP_THREADS 96
ERT_VERSION  1.1.0
TIMESTAMP_DATA  1634099610.81
HOSTNAME  ('pmemMachine0', ['pmemMachine0.local'], ['fe80::f035:4ef3:770d:269e'])
UNAME  ('Linux', 'pmemMachine0', '5.9.13-derrick-pmo', '#120 SMP Tue Sep 28 02:02:07 EDT 2021', 'x86_64', 'x86_64')
CONFIG  {'ERT_WORKING_SET_MIN': ['1'], 'ERT_CFLAGS': ['-O3'], 'ERT_CC': ['gcc'], 'ERT_OPENMP_LDFLAGS': ['-fopenmp'], 'ERT_MEMORY_MAX': ['1073741824'], 'ERT_LDFLAGS': [], 'ERT_LDLIBS': [], 'ERT_SPEC_GBYTES_DRAM': ['300'], 'ERT_RUN': ['export', 'KMP_AFFINITY=scatter;', 'export', 'OMP_NUM_THREADS=ERT_OPENMP_THREADS;', 'ERT_CODE'], 'ERT_FLOPS': ['1,2,4,8,16'], 'ERT_OPENMP_CFLAGS': ['-fopenmp'], 'ERT_SPEC_GFLOPS': ['1000'], 'ERT_MPI': [False], 'ERT_TRIALS_MIN': ['1'], 'ERT_DRIVER': ['driver1'], 'ERT_RESULTS': ['Results.madonna.lbl.gov.02'], 'ERT_OPENMP': ['True'], 'ERT_OPENMP_THREADS': ['1,2,4,8,16,32,48,64,80,96,112,128,144,160'], 'ERT_KERNEL': ['kernel1'], 'ERT_GPU': [False], 'ERT_LD': ['gcc'], 'ERT_NUM_EXPERIMENTS': ['3'], 'ERT_ALIGN': ['32'], 'ERT_GNUPLOT': ['gnuplot']}
