32 33554432 68543.493 72943.683 78194.621 27.4633167926 29.4402963996 31.330233608 1.71645729954 1.84001852498 1.9581396005
64 16777216 36532.477 39082.613 39119.018 54.8961542951 54.9472894251 58.7828645728 3.43100964344 3.43420558907 3.6739290358
96 8388608 18916.258 19535.555 19555.24 82.362207572 82.445199842 85.1443629073 5.14763797325 5.15282499013 5.32152268171
128 8388608 18451.896 19536.646 19557.245 109.805018447 109.920794388 116.382817679 6.86281365295 6.87004964926 7.27392610494
160 4194304 9351.769 9777.816 9780.39 137.231468275 137.267594318 143.521218285 8.57696676717 8.57922464485 8.97007614281
192 4194304 9369.006 9791.87 10133.353 158.941737843 164.484693526 171.908603325 9.93385861521 10.2802933454 10.7442877078
224 4194304 11237.184 11489.236 12029.965 156.19731163 163.548576424 167.216999561 9.76233197686 10.2217860265 10.4510624726
256 4194304 9597.545 10525.224 11278.93 190.397816814 204.03210877 223.753433612 11.8998635509 12.7520067981 13.9845896008
288 2097152 5761.985 6056.499 7142.852 169.114459042 199.448485338 209.642953253 10.5696536902 12.4655303336 13.1026845783
320 2097152 5255.534 5271.933 6764.616 198.411451589 254.589214241 255.383616584 12.4007157243 15.91182589 15.9614760365
352 2097152 6334.071 6423.515 8271.31 178.495910321 229.842229371 233.087852662 11.1559943951 14.3651393357 14.5679907914
384 2097152 6132.363 7382.609 7909.404 203.632629715 218.163082455 262.6414542 12.7270393572 13.6351926534 16.4150908875
416 2097152 7298.568 8777.208 8902.265 195.998486228 198.791057931 239.064767774 12.2499053892 12.4244411207 14.9415479859
448 2097152 7008.541 8412.155 8435.021 222.76745867 223.372987302 268.108325542 13.9229661669 13.9608117064 16.7567703464
480 2097152 8666.464 9811.34 9936.238 202.61852826 205.197854727 232.305346217 12.6636580162 12.8248659205 14.5190841386
512 2097152 7883.077 9486.518 10153.114 211.509852839 226.372168165 272.416931612 13.2193658025 14.1482605103 17.0260582257
544 1048576 4524.942 5516.472 5831.075 195.650148215 206.808026579 252.124930662 12.2281342634 12.9255016612 15.7578081664
576 1048576 4378.576 5640.933 5668.094 213.115652634 214.141801011 275.8795444 13.3197282896 13.3838625632 17.242471525
608 1048576 4964.161 6173.942 6389.95 199.542784529 206.524197344 256.854766797 12.4714240331 12.907762334 16.0534229248
640 1048576 4817.659 5988.196 6203.927 216.343177475 224.137165851 278.59532607 13.5214485922 14.0085728657 17.4122078794
704 1048576 5256.255 6487.838 6763.33 218.294095956 227.563482319 280.883444201 13.6433809972 14.2227176449 17.5552152626
768 1048576 5693.923 7003.602 7328.118 219.785316776 229.969198135 282.865211911 13.7365822985 14.3730748835 17.6790757444
832 1048576 6144.626 7575.578 7894.262 221.0251527 230.323080826 283.96040117 13.8140720437 14.3951925516 17.7475250731
896 1048576 6568.643 8091.571 8466.92 221.928185456 232.222913449 286.063375951 13.870511591 14.5139320906 17.878960997
960 1048576 8654.393 9022.786 9025.477 223.064766549 223.13129448 232.629361759 13.9415479093 13.945705905 14.5393351099
1056 524288 4930.491 5170.261 5174.0 214.011645922 214.166413649 224.581336017 13.3757278701 13.3854008531 14.0363335011
1152 524288 5125.454 5355.513 5368.982 224.988564313 225.554405712 235.67854711 14.0617852695 14.097150357 14.7299091944
1248 524288 5722.196 6016.217 6017.046 217.485930472 217.515898778 228.692419484 13.5928706545 13.5947436736 14.2932762177
1344 524288 5928.426 6201.892 6206.436 227.068505016 227.234873487 237.716747076 14.1917815635 14.2021795929 14.8572966922
1472 524288 6442.568 6762.958 6786.424 227.439940682 228.229108032 239.578980307 14.2149962926 14.264319252 14.9736862692
1600 524288 6988.452 7328.621 7335.944 228.698801409 228.9273248 240.070562122 14.293675088 14.3079578 15.0044101326
1760 524288 7871.803 8270.965 8297.295 222.421133635 223.129194719 234.443590623 13.9013208522 13.9455746699 14.652724414
1920 524288 8173.507 8740.244 8762.79 229.751702369 230.344361096 246.316045242 14.359481398 14.3965225685 15.3947528276
2112 262144 4474.08 4794.987 4916.534 225.218874923 230.927895321 247.491385045 14.0761796827 14.4329934575 15.4682115653
2304 262144 4661.818 5217.375 5313.35 227.344246474 231.52630432 259.117698718 14.2090154046 14.47039402 16.1948561698
2528 262144 4579.97 5830.091 5924.701 223.707502539 227.337800388 289.390555833 13.9817189087 14.2086125242 18.0869097396
2752 262144 5703.382 7377.479 7454.726 193.547096969 195.573660867 252.979824252 12.0966935606 12.2233538042 15.8112390157
3008 262144 5256.352 6763.266 6765.071 233.117775704 233.179990851 300.029051327 14.5698609815 14.5737494282 18.7518157079
3296 262144 5836.476 7256.053 7534.697 229.346083592 238.153338737 296.078189647 14.3341302245 14.884583671 18.504886853
3616 262144 6386.448 7659.936 8486.476 223.393715837 247.498857432 296.851302633 13.9621072398 15.4686785895 18.5532064146
3968 262144 6898.359 6902.338 8911.036 233.460484729 301.401464837 301.575314361 14.5912802956 18.8375915523 18.8484571476
4352 131072 3778.334 3794.536 4870.104 234.25591897 300.656177198 301.945430976 14.6409949356 18.7910110749 18.871589436
4768 131072 4179.592 4195.878 5502.468 227.153086942 297.88821124 299.048948318 14.1970679339 18.6180132025 18.6905592699
5216 131072 4935.1 4952.838 8150.421 167.763493935 276.072648449 277.064923507 10.4852183709 17.2545405281 17.3165577192
5728 131072 5395.289 5397.924 6974.314 215.298713537 278.173763099 278.309620115 13.456169596 17.3858601937 17.3943512572
6272 131072 5873.809 6080.368 7738.274 212.472079433 270.405864908 279.914986681 13.2795049645 16.9003665568 17.4946866675
6880 131072 7609.601 8141.412 8153.086 221.210805332 221.528000303 237.00989316 13.8256753332 13.8455000189 14.8131183225
7552 131072 8374.49 8486.736 8977.963 220.507868878 233.271246802 236.397856825 13.7817418049 14.5794529251 14.7748660515
8288 65536 4524.163 4526.473 4852.501 223.869039079 239.993640965 240.116179722 13.9918149424 14.9996025603 15.0072612326
9088 65536 4812.736 4977.775 5334.22 223.309562785 239.300156395 247.50627003 13.9568476741 14.9562597747 15.4691418769
9984 65536 4805.058 5435.505 5829.108 224.497958864 240.75460293 272.342778797 14.031122429 15.0471626831 17.0214236748
10976 65536 4918.707 5910.733 6340.132 226.911091441 243.395577503 292.484645253 14.1819432151 15.2122235939 18.2802903283
12064 65536 5384.829 6467.883 6932.256 228.100723343 244.4776147 293.649549131 14.2562952089 15.2798509188 18.3530968207
13248 65536 5922.283 7622.61 7627.564 227.653528178 227.801482169 293.204809024 14.2283455111 14.2375926356 18.325300564
14560 65536 6451.611 7893.201 8310.977 229.625027238 241.778756173 295.803376862 14.3515642024 15.1111722608 18.4877110539
16000 65536 7097.444 8530.849 9173.245 228.616154916 245.831569636 295.479893889 14.2885096822 15.3644731023 18.467493368
17600 32768 3891.363 4678.967 5012.006 230.134121946 246.51458324 296.408636254 14.3833826216 15.4071614525 18.5255397659
19360 32768 4252.044 5109.823 5478.711 231.583115079 248.301547823 298.392246176 14.4739446925 15.5188467389 18.649515386
21280 32768 4662.371 5608.107 6009.854 232.053237899 248.676795931 299.119499499 14.5033273687 15.5422997457 18.6949687187
23392 32768 5113.953 6588.111 6614.841 231.754340278 232.694639177 299.771646709 14.4846462674 14.5434149485 18.7357279193
25728 32768 7256.434 7260.465 7286.704 231.395457809 232.231710779 232.360717124 14.4622161131 14.5144819237 14.5225448202
28288 32768 7938.686 7951.737 9686.446 191.389325662 233.141811405 233.525090676 11.9618328539 14.5713632128 14.5953181673
31104 32768 8735.243 8759.283 10442.286 195.209338645 232.716735377 233.357188117 12.2005836653 14.544795961 14.5848242573
34208 16384 4777.574 4779.712 4820.89 232.514690026 234.517842079 234.622790563 14.5321681266 14.6573651299 14.6639244102
37600 16384 5246.838 5270.883 5274.051 233.611089464 233.751498563 234.822725611 14.6006930915 14.6094686602 14.6764203507
41344 16384 5760.319 5774.249 5778.073 234.465745241 234.621020327 235.188397031 14.6541090775 14.6638137704 14.6992748145
45472 16384 6331.524 6340.864 6489.152 229.618060418 234.987928459 235.334572845 14.3511287761 14.6867455287 14.7084108028
50016 16384 6920.794 6954.388 7097.837 230.904751405 235.66765156 236.811598207 14.4315469628 14.7292282225 14.8007248879
55008 16384 7380.856 7641.332 7740.673 232.861166464 235.888473894 244.213156848 14.553822904 14.7430296184 15.263322303
60480 16384 7845.756 8408.884 8409.255 235.669942224 235.680339983 252.596262234 14.729371389 14.730021249 15.7872663896
66528 8192 4176.83 4513.025 4617.159 236.074770654 241.521984035 260.962201478 14.7546731659 15.0951240022 16.3101375924
73152 8192 4287.881 4903.271 5073.914 236.212590123 244.433229981 279.513906286 14.7632868827 15.2770768738 17.4696191429
80448 8192 4334.791 5183.541 5577.984 236.296847033 254.277921598 304.065416764 14.7685529396 15.8923700999 19.0040885478
88480 8192 4776.517 4848.843 6125.606 236.655168485 298.969531494 303.496526863 14.7909480303 18.6855957184 18.9685329289
97312 8192 5230.284 5230.298 6738.952 236.58868738 304.831542677 304.832358625 14.7867929613 19.0519714173 19.0520224141
107040 8192 5750.269 5752.155 7408.616 236.716730898 304.884579779 304.984577243 14.7947956811 19.0552862362 19.0615360777
117728 8192 6320.893 6323.913 8141.827 236.906968424 305.009817814 305.155545585 14.8066855265 19.0631136134 19.0722215991
129472 8192 6952.096 6954.856 8973.122 236.402586302 305.005487964 305.126575928 14.7751616439 19.0628429978 19.0704109955
142400 4096 3822.88 3823.027 4923.48 236.934201012 305.135380943 305.147114218 14.8083875633 19.0709613089 19.0716946386
156640 4096 4203.032 4203.324 5416.244 236.916003046 305.280982384 305.30219137 14.8072501904 19.080061399 19.0813869607
172288 4096 4622.443 5952.287 7687.73 183.589082343 237.116136369 305.332763649 11.4743176464 14.8197585231 19.0832977281
189504 4096 5081.186 6539.581 6556.075 236.790574849 237.387803286 305.522523285 14.799410928 14.8367377054 19.0951577053
208448 4096 6709.859 7193.31 7300.782 233.89357688 237.388075309 254.492086346 14.618348555 14.8367547068 15.9057553966
229280 4096 7382.091 7883.647 7908.283 237.505633018 238.247826165 254.434923655 14.8441020636 14.8904891353 15.9021827284
252192 4096 8117.531 8181.378 8700.502 237.452604919 252.519424478 254.505571214 14.8407878074 15.7824640299 15.9065982009
277408 2048 4459.963 4462.453 4783.342 237.545876502 254.627481343 254.769640017 14.8466172814 15.9142175839 15.9231025011
305120 2048 4560.1 4908.911 5259.213 237.634703139 254.592417748 274.06669152 14.8521689462 15.9120261093 17.12916822
335616 2048 4510.63 5400.175 5784.945 237.631150512 254.562701394 304.765218162 14.851946907 15.9101688371 19.0478261352
369152 2048 4957.643 5939.382 6366.171 237.512720284 254.5797849 304.993036409 14.8445450177 15.9112365563 19.0620647755
406048 2048 5451.172 6556.275 7000.894 237.565746318 253.676456219 305.103674586 14.8478591448 15.8547785137 19.0689796616
446624 2048 5980.361 7206.626 7698.364 237.63125568 253.845822442 305.896567782 14.85195348 15.8653639026 19.1185354864
491264 2048 6579.809 7963.161 8471.591 237.525317735 252.690777444 305.816984049 14.8453323585 15.7931735902 19.1135615031
540384 1024 3615.161 4348.415 4658.998 237.541727213 254.508006251 306.12922412 14.8463579508 15.9067503907 19.1330765075
594400 1024 3978.527 5025.785 5119.168 237.798642279 242.21712628 305.975352184 14.8624151425 15.1385703925 19.1234595115
653824 1024 4375.903 5635.494 5645.445 237.187954537 237.60677449 306.001196096 14.8242471585 14.8504234056 19.125074756
719200 1024 4807.165 6194.036 6277.041 234.652219095 237.796745127 306.401298894 14.6657636934 14.8622965704 19.1500811809
791104 1024 5289.928 6815.556 7047.864 229.88255619 237.718095486 306.276567847 14.3676597619 14.8573809679 19.1422854905
870208 1024 7494.56 7497.344 7729.529 230.568509931 237.70897854 237.797280161 14.4105318707 14.8568111587 14.86233001
957216 1024 8237.571 8246.216 10213.198 191.945595102 237.730659493 237.980148274 11.9965996938 14.8581662183 14.8737592671
1052928 512 4533.865 4540.222 4665.296 231.110367274 237.476993856 237.809963905 14.4443979546 14.842312116 14.8631227441
1158208 512 4952.212 4983.358 5128.037 231.278555907 237.99313475 239.489947522 14.4549097442 14.8745709219 14.9681217202
1274016 512 5475.486 5533.047 5607.204 232.663620585 235.781908955 238.260564268 14.5414762866 14.7363693097 14.8912852667
1401408 512 6031.191 6042.578 6191.189 231.787753855 237.488335608 237.936717972 14.4867346159 14.8430209755 14.8710448732
1541536 512 6604.01 6628.751 6748.345 233.914072858 238.134282612 239.026419403 14.6196295536 14.8833926633 14.9391512127
1695680 512 7296.384 7365.212 8887.142 195.380733199 235.753746124 237.977650299 12.2112958249 14.7346091328 14.8736031437
1865248 512 7747.926 7854.668 8024.781 238.014464445 243.169278702 246.51938493 14.8759040278 15.1980799188 15.4074615581
2051744 512 8097.374 8288.538 8828.859 237.96799292 253.480873949 259.465087817 14.8729995575 15.8425546218 16.2165679886
2256896 256 3910.987 4384.651 4852.762 238.11815869 263.539960649 295.457579378 14.8823849181 16.4712475406 18.4660987111
2482560 256 4157.922 4548.662 5342.09 237.935100307 279.438375505 305.698548458 14.8709437692 17.464898469 19.1061592786
2730816 256 4561.176 4582.897 5872.443 238.091334731 305.086016989 306.538882078 14.8807084207 19.0678760618 19.1586801299
3003872 256 5019.016 5050.893 6463.636 237.943854512 304.497138229 306.431074139 14.871490907 19.0310711393 19.1519421337
3304256 256 5520.81 5522.951 7162.773 236.190518951 306.317957918 306.43674968 14.7619074345 19.1448723699 19.152296855
3634656 256 6077.02 6078.955 8118.368 229.226350912 306.128910643 306.226385959 14.326646932 19.1330569152 19.1391491224
3998112 256 6687.846 6690.702 9012.669 227.128428216 305.951953024 306.082607763 14.1955267635 19.121997064 19.1301629852
4397920 128 3682.844 3687.886 4978.008 226.168282574 305.288048492 305.706003295 14.1355176609 19.0805030307 19.106625206
4837696 128 4062.377 4063.829 5511.545 224.701091255 304.749578784 304.85850427 14.0438182034 19.046848674 19.0536565169
5321440 128 4477.662 4479.632 6132.62 222.138113889 304.107265954 304.241061518 13.8836321181 19.0067041221 19.0150663449
5853568 128 4933.128 4934.444 6746.447 222.11890318 303.684347821 303.765361045 13.8824314487 18.9802717388 18.9853350653
6438912 128 6206.47 6429.1 7643.65 215.651092345 256.39070352 265.587600037 13.4781932715 16.02441897 16.5992250023
7082784 128 7407.088 7659.112 8148.339 222.522983396 236.736674434 244.791570453 13.9076864622 14.7960421521 15.2994731533
7791040 128 8272.609 8435.477 8828.103 225.926933567 236.442614923 241.09760778 14.1204333479 14.7776634327 15.0686004863
8570144 64 4592.658 4667.01 4721.054 232.358797845 235.049513929 238.854805213 14.5224248653 14.6905946205 14.9284253258
9427136 64 5064.529 5089.314 5145.931 234.490786604 237.099422044 238.259748932 14.6556741628 14.8187138777 14.8912343083
10369824 64 5496.167 5649.031 5712.535 232.355245438 234.967284124 241.50239103 14.5222028399 14.6854552577 15.0938994394
11406784 64 5521.939 6244.714 6640.522 219.872526889 233.808682351 264.412256637 13.7420329305 14.6130426469 16.5257660398
12547456 64 5562.017 6851.897 7198.417 223.114938743 234.398498401 288.757543891 13.9446836714 14.6499061501 18.0473464932
13802176 64 5928.829 7586.987 7914.029 223.233769803 232.856406371 297.981022559 13.9521106127 14.5535253982 18.62381391
15182368 64 6530.263 8377.659 8767.99 221.640661543 231.967319749 297.590327373 13.8525413464 14.4979574843 18.5993954608
16700576 64 7291.616 9688.511 9981.673 214.159863582 220.640068221 293.168719801 13.3849914739 13.7900042638 18.3230449876
18370624 32 4101.291 5494.131 5565.856 211.237936447 213.995613865 286.670693691 13.2023710279 13.3747258666 17.9169183557
20207680 32 4616.646 6056.625 6333.683 204.192650627 213.533365529 280.136601334 12.7620406642 13.3458353456 17.5085375833
22228448 32 5272.576 6968.413 7037.322 202.153698808 204.15274927 269.81510973 12.6346061755 12.7595468294 16.8634443581
24451264 32 6076.746 7837.821 7888.59 198.372699811 199.657646685 257.519550101 12.3982937382 12.4786029178 16.0949718813
26896384 32 8428.44 8877.85 9189.804 187.312871526 193.894757852 204.23335469 11.7070544704 12.1184223658 12.7645846681
29586016 32 10027.704 10368.742 10691.25 177.107917596 182.616659186 188.82737504 11.0692448498 11.4135411991 11.80171094
32544608 32 12007.05 12424.118 14757.704 141.136786047 167.646098661 173.469329436 8.82104912797 10.4778811663 10.8418330897
35799040 16 8251.842 8286.408 8640.459 132.581993619 138.246786786 138.82588639 8.28637460116 8.64042417414 8.67661789937
39378944 16 10506.944 11205.764 11221.741 112.29328925 112.453395235 119.932704314 7.01833057812 7.02833720218 7.49579401965
43316832 16 13237.359 13416.87 13776.134 100.61884009 103.313114311 104.714137012 6.2886775056 6.45706964441 6.54463356324
47648512 16 13384.546 14940.506 16670.085 91.4663832848 102.054936024 113.918872108 5.7166489553 6.37843350152 7.11992950676
52413344 16 15833.732 15967.729 19126.785 87.6899598129 105.038544179 105.927459679 5.48062248831 6.56490901117 6.62046622995
57654656 16 18845.292 19299.218 21967.851 83.9840452305 95.5970854363 97.8997296513 5.2490028269 5.97481783977 6.11873310321
63420096 16 25073.632 25127.792 25200.688 80.531256607 80.764878665 80.9393338787 5.03320353794 5.04780491656 5.05870836742
69762080 8 15671.572 17120.216 17123.89 65.1833946609 65.1973830237 71.2240788608 4.07396216631 4.07483643898 4.4515049288
76738272 8 17532.017 17550.903 17969.989 68.3257152801 69.9572182696 70.0325782253 4.270357205 4.37232614185 4.37703613908
84412096 8 18651.134 20056.427 20947.737 64.4744363556 67.3396879713 72.4134809176 4.02965227222 4.20873049821 4.52584255735
92853280 8 22377.553 22410.61 22433.251 66.2254650474 66.2923713366 66.3903010307 4.13909156546 4.14327320854 4.14939381442
102138592 8 24976.947 25151.702 25271.72 64.6658585961 64.9744288478 65.4290322993 4.04161616226 4.06090180299 4.0893145187
112352448 8 27687.119 27859.686 31511.697 57.046726744 64.524746187 64.926913053 3.5654204215 4.03279663669 4.05793206581
123587680 8 30731.494 31076.424 31107.903 63.5659330685 63.6303224592 64.3445086009 3.97287081678 3.9768951537 4.02153178755
135946432 4 20498.481 20703.385 20911.968 52.0071308449 52.5310936352 53.0561974812 3.25044567781 3.2831933522 3.31601234257
149541056 4 22985.203 23128.363 23171.103 51.6301898964 51.7255997755 52.0477651644 3.22688686853 3.23284998597 3.25298532277
164495136 4 25527.863 25597.829 25926.376 50.7576179563 51.4090897318 51.5499902205 3.17235112227 3.21306810824 3.22187438878
180944640 4 28219.721 28679.42 34250.517 42.2638034924 50.4737236667 51.2959401689 2.64148771827 3.15460772917 3.20599626056
199039104 4 31581.552 31632.002 31704.644 50.2233310678 50.3386675304 50.4190811142 3.13895819174 3.14616672065 3.15119256964
218943008 4 35140.156 35160.58 35336.081 49.5681471864 49.8155623144 49.8445158866 3.09800919915 3.11347264465 3.11528224291
240837280 4 39107.832 39354.642 39627.295 48.6204834319 48.9573311326 49.2663014406 3.0387802145 3.05983319579 3.07914384004
264920992 4 43163.51 43403.896 43836.636 48.3469565502 48.8289792234 49.1009173258 3.02168478439 3.05181120146 3.06880733286
291413088 2 32118.195 32172.523 32265.075 36.127371531 36.2313006039 36.2925859314 2.25796072069 2.26445628775 2.26828662071
320554368 2 35661.767 35800.786 35816.212 35.7999185397 35.8153441659 35.9549618503 2.23749490873 2.23845901037 2.24718511564
352609792 2 39505.409 39728.47 39974.232 35.2837089653 35.5019754851 35.7024317354 2.20523181033 2.21887346782 2.23140198346
387870752 2 44054.403 44061.089 44301.351 35.0211217712 35.2120894697 35.2174334992 2.1888201107 2.20075559186 2.2010895937
426657824 2 48861.472 48884.85 49296.005 34.6200730871 34.9112515636 34.9279550154 2.16375456794 2.18195322273 2.18299718846
469323584 2 54538.176 57605.361 63248.232 29.6813725323 32.5888824132 34.4216560525 1.85508578327 2.03680515083 2.15135350328
516255936 2 60101.467 60613.58 61933.373 33.3426655771 34.0686648767 34.3589573945 2.08391659857 2.1292915548 2.14743483716
567881504 1 34155.123 34365.035 34374.985 33.0403928322 33.0499592973 33.2530791354 2.06502455201 2.06562245608 2.07831744597
624669632 1 37717.374 38004.633 38201.429 32.7039929318 32.8733411003 33.1237074988 2.04399955824 2.05458381877 2.07023171868
687136576 1 41466.28 41898.315 42820.599 32.0937395574 32.8002009627 33.141944539 2.00585872234 2.05001256017 2.07137153369
755850208 1 46077.41 46234.095 47128.628 32.0760539857 32.6966585158 32.8078426283 2.00475337411 2.04354115723 2.05049016427
831435200 1 50790.959 51211.303 51803.294 32.09970393 32.4707691972 32.7394960194 2.00623149563 2.02942307482 2.04621850121
914578720 1 56535.26 71652.873 77557.921 23.5844052602 25.5280404458 32.3542766054 1.47402532876 1.59550252786 2.02214228784
1006036576 1 61442.414 66684.006 77174.629 26.0716919287 30.1732495195 32.747299805 1.62948074554 1.88582809497 2.04670623781

META_DATA
ERT_VERSION  1.1.0
CONFIG  {'ERT_WORKING_SET_MIN': ['1'], 'ERT_CFLAGS': ['-O3'], 'ERT_CC': ['gcc'], 'ERT_OPENMP_LDFLAGS': ['-fopenmp'], 'ERT_MEMORY_MAX': ['1073741824'], 'ERT_LDFLAGS': [], 'ERT_LDLIBS': [], 'ERT_SPEC_GBYTES_DRAM': ['300'], 'ERT_RUN': ['export', 'KMP_AFFINITY=scatter;', 'export', 'OMP_NUM_THREADS=ERT_OPENMP_THREADS;', 'ERT_CODE'], 'ERT_FLOPS': ['1,2,4,8,16'], 'ERT_OPENMP_CFLAGS': ['-fopenmp'], 'ERT_SPEC_GFLOPS': ['1000'], 'ERT_MPI': [False], 'ERT_TRIALS_MIN': ['1'], 'ERT_DRIVER': ['driver1'], 'ERT_RESULTS': ['Results.madonna.lbl.gov.02'], 'ERT_OPENMP': ['True'], 'ERT_OPENMP_THREADS': ['1,2,4,8,16,32,48,64,80,96,112,128,144,160'], 'ERT_KERNEL': ['kernel1'], 'ERT_GPU': [False], 'ERT_LD': ['gcc'], 'ERT_NUM_EXPERIMENTS': ['3'], 'ERT_ALIGN': ['32'], 'ERT_GNUPLOT': ['gnuplot']}
TIMESTAMP_DATA  1634099562.38
UNAME  ('Linux', 'pmemMachine0', '5.9.13-derrick-pmo', '#120 SMP Tue Sep 28 02:02:07 EDT 2021', 'x86_64', 'x86_64')
TIMESTAMP_DATA  1634099558.26
FLOPS          1
OPENMP_THREADS 4
TIMESTAMP_DATA  1634099566.56
HOSTNAME  ('pmemMachine0', ['pmemMachine0.local'], ['fe80::f035:4ef3:770d:269e'])
