128 8388608 21640.521 22490.749 23207.824 92.5327444744 95.482976045 99.234378322 5.78329652965 5.96768600281 6.20214864513
256 4194304 15195.503 15579.76 15695.763 136.819321749 137.838044232 141.323630287 8.55120760934 8.61487776448 8.83272689295
384 2097152 9690.519 9969.795 9997.134 161.107446994 161.549233058 166.205002642 10.0692154371 10.0968270662 10.3878126651
512 2097152 9309.912 9420.662 9483.536 226.443348557 227.954643527 230.666374505 14.1527092848 14.2471652204 14.4166484066
640 1048576 5880.818 6020.996 6128.462 219.007196259 222.9161554 228.229691856 13.6879497662 13.9322597125 14.264355741
768 1048576 5950.011 6158.541 6291.139 256.012899413 261.525048871 270.690715698 16.0008062133 16.3453155544 16.9181697311
896 1048576 6820.9 7083.693 7109.619 264.296608862 265.263922646 275.483908575 16.5185380539 16.5789951654 17.2177442859
1024 1048576 7276.706 7456.332 7662.538 280.257487532 288.008051144 295.117550166 17.5160929708 18.0005031965 18.4448468854
1152 524288 3849.905 3975.249 4080.454 296.035576433 303.870160586 313.763470008 18.5022235271 18.9918850366 19.6102168755
1280 524288 3705.34 4306.287 4333.631 309.711943633 311.678548132 362.227833343 19.3569964771 19.4799092583 22.639239584
1408 524288 3995.787 4289.741 4453.838 331.488259789 344.168799002 369.487915147 20.7180162368 21.5105499376 23.0929946967
1536 524288 3680.8 4057.764 4376.439 368.019007234 396.921244311 437.571380135 23.0011879521 24.8075777694 27.3482112584
1664 524288 4389.613 4537.03 5059.738 344.846010604 384.575474264 397.490727315 21.5528756627 24.0359671415 24.8431704572
1792 524288 4208.931 4353.537 4938.259 380.508230127 431.614154652 446.443097309 23.781764383 26.9758846657 27.9026935818
1920 524288 4910.118 4979.712 5623.687 357.997505907 404.293645898 410.023938325 22.3748441192 25.2683528686 25.6264961453
2048 524288 4730.227 4888.638 5557.373 386.420642991 439.280561989 453.991668476 24.1512901869 27.4550351243 28.3744792797
2176 262144 2718.075 2719.973 3094.649 368.652693084 419.434563505 419.727449758 23.0407933178 26.2146602191 26.2329656099
2304 262144 2630.553 2678.418 3016.382 400.466370639 450.997399211 459.203654897 25.0291481649 28.1873374507 28.7002284311
2432 262144 2981.643 2982.377 3314.937 384.64333289 427.53428423 427.639531627 24.0402083056 26.7208927644 26.7274707267
2560 262144 2893.666 2964.075 3316.712 404.671035652 452.814884914 463.832826594 25.2919397283 28.3009303071 28.9895516621
2816 262144 3155.051 3155.848 3464.86 426.10524177 467.828300983 467.946479471 26.6315776106 29.2392688114 29.2466549669
3072 262144 3416.598 3647.571 4086.724 394.108517238 441.557610805 471.408323719 24.6317823274 27.5973506753 29.4630202324
3328 262144 3681.657 3705.449 4149.332 420.508762374 470.882331399 473.925317866 26.2817976484 29.4301457124 29.6203323666
3584 262144 3945.072 3945.25 4380.784 428.929660079 476.281146188 476.302635795 26.8081037549 29.7675716368 29.7689147372
3840 262144 4207.958 4222.122 4670.917 431.021557437 476.837457563 478.44249396 26.9388473398 29.8023410977 29.9026558725
4224 131072 2408.889 2411.751 2661.291 416.07485089 459.12544703 459.670933779 26.0046781806 28.6953404394 28.7294333612
4608 131072 2496.671 2496.86 2730.225 442.439561575 483.791462877 483.82808628 27.6524725984 30.2369664298 30.2392553925
4992 131072 1416.054 2806.95 3002.131 435.897983133 466.208107733 924.133435589 27.2436239458 29.1380067333 57.7583397243
5376 131072 1458.479 3111.625 3119.56 451.757986383 452.91002097 966.271124918 28.2348741489 28.3068763106 60.3919453074
5888 131072 1583.398 3378.968 3530.455 437.196868959 456.797422172 974.804737659 27.3248043099 28.5498388857 60.9252961037
6400 131072 1708.729 3658.556 3951.184 424.612369356 458.57480383 981.853529729 26.5382730847 28.6609252394 61.3658456081
7040 131072 1938.433 4116.151 4631.58 398.458789441 448.35424162 952.054448103 24.9036743401 28.0221401013 59.5034030064
7680 131072 2038.647 4367.592 4897.71 411.062704815 460.955583763 987.550036863 25.6914190509 28.8097239852 61.7218773039
8448 65536 1119.275 2312.116 2766.542 400.245597573 478.910338409 989.297765071 25.0153498483 29.9318961505 61.8311103169
9216 65536 1216.935 2516.635 2923.774 413.150794829 479.989967556 992.624546093 25.8219246768 29.9993729722 62.0390341308
10112 65536 1368.329 2803.708 3265.361 405.896947994 472.731134626 968.626744007 25.3685592497 29.5456959141 60.5391715004
11008 65536 1720.736 3070.498 3709.38 388.970818843 469.904418111 838.501999145 24.3106761777 29.3690261319 52.4063749465
12032 65536 1580.516 3228.915 3915.563 402.766678508 488.417410802 997.812299274 25.1729174068 30.5260881751 62.3632687047
13184 65536 1756.388 3570.921 4213.681 410.10538007 483.923684674 983.867601008 25.6315862544 30.2452302921 61.491725063
14464 65536 1929.213 3944.059 4656.719 407.1161279 480.678764694 982.693672498 25.4447579938 30.0424227934 61.4183545311
15872 65536 2084.147 4266.34 5035.959 413.103995485 487.625173802 998.190043217 25.8189997178 30.4765733626 62.386877701
17408 32768 1136.313 2298.652 2724.147 418.791896326 496.31292079 1003.99334338 26.1744935204 31.0195575494 62.7495839615
19072 32768 1272.086 2621.03 3091.816 404.261635233 476.874584419 982.561392862 25.2663522021 29.8046615262 61.4100870539
20864 32768 1490.05 2839.452 3473.614 393.637031633 481.551758579 917.649141975 24.6023144771 30.0969849112 57.3530713734
22912 32768 1619.596 3192.327 3852.551 389.75754818 470.365608536 927.120610325 24.3598467613 29.3978505335 57.9450381453
25088 32768 1828.356 3358.124 4092.882 401.713796782 489.608831598 899.259864053 25.1071122989 30.6005519749 56.2037415033
27520 32768 2041.022 3642.606 4378.136 411.94488248 495.126489112 883.650798473 25.746555155 30.9454055695 55.2281749045
30208 32768 2252.354 3999.99 4840.683 408.973586579 494.929109323 878.952193128 25.5608491612 30.9330693327 54.9345120705
33152 16384 1173.266 2181.385 2625.21 413.804890275 497.997710629 925.898079378 25.8628056422 31.1248569143 57.8686299612
36352 16384 1341.231 2394.165 2959.211 402.533761871 497.535606777 888.12615873 25.1583601169 31.0959754236 55.5078849206
39936 16384 1458.778 2639.491 3243.498 403.460352989 495.786061782 897.067852682 25.2162720618 30.9866288614 56.0667407926
43904 16384 1577.448 2874.842 3455.976 416.277853781 500.426204988 912.008682378 26.0173658613 31.2766378117 57.0005426486
48256 16384 1742.226 3150.356 3878.858 407.659318284 501.928229064 907.60475851 25.4787073927 31.3705143165 56.7252974069
52992 16384 1930.601 3462.041 4239.751 409.562225706 501.565942171 899.430724422 25.5976391066 31.3478713857 56.2144202764
58240 16384 2054.454 4083.347 4556.801 418.804402474 467.363738619 928.912655139 26.1752751547 29.2102336637 58.0570409462
64000 16384 2295.769 4721.514 5098.5 411.327253114 444.169391428 913.48563379 25.7079533196 27.7605869643 57.0928521119
70400 8192 1262.874 2732.726 2756.058 418.5084639 422.081686931 913.340206545 26.1567789938 26.3801054332 57.083762909
77440 8192 1377.4 3016.838 3024.163 419.546486086 420.565161272 921.139073617 26.2216553803 26.2853225795 57.5711921011
85120 8192 1519.869 3399.227 3400.053 410.171864968 410.271535264 917.583081173 25.6357415605 25.641970954 57.3489425733
93568 8192 1661.898 3642.467 3822.941 401.004910094 420.873576068 922.45018166 25.0628068809 26.3045985043 57.6531363537
102912 8192 1812.132 4083.849 4122.751 408.976969019 412.87280896 930.456615743 25.5610605637 25.80455056 58.153538484
113152 8192 1970.41 4401.147 4524.607 409.733346565 421.227095573 940.861225836 25.6083341603 26.3266934733 58.8038266148
124416 8192 2172.366 4835.913 4934.733 413.078426736 421.519523614 938.346367049 25.817401671 26.3449702259 58.6466479405
136832 4096 1162.513 2652.864 2656.393 421.97361008 422.534944875 964.228136804 26.37335063 26.4084340547 60.2642585502
150400 4096 1314.811 2918.922 2976.204 413.975923693 422.099939635 937.075214613 25.8734952308 26.3812462272 58.5672009133
165376 4096 1405.073 3211.781 3335.184 406.202533953 421.809641442 964.192032727 25.3876583721 26.3631025901 60.2620020454
181888 4096 1588.825 3584.084 3621.432 411.446769123 415.734256228 937.816622976 25.7154230702 25.9833910143 58.613538936
200064 4096 1736.425 3876.885 3949.67 414.952208159 422.742559555 943.849741855 25.9345130099 26.4214099722 58.9906088659
220032 4096 1900.418 4337.662 4369.241 412.543538798 415.546933809 948.476674079 25.7839711749 25.9716833631 59.2797921299
241920 4096 2100.377 4767.781 4805.886 412.371129902 415.666877317 943.549010487 25.7731956189 25.9791798323 58.9718131554
266112 2048 1124.209 2578.336 2644.12 412.233465955 422.751244213 969.565936583 25.7645916222 26.4219527633 60.5978710364
292608 2048 1269.334 2830.796 2914.114 411.281908669 423.387050144 944.21355451 25.7051192918 26.461690634 59.0133471569
321792 2048 1400.388 3164.121 3197.848 412.17094496 416.564357684 941.210601633 25.76068406 26.0352723553 58.8256626021
353920 2048 1533.978 3424.946 3543.212 409.136207486 423.263993067 945.030711001 25.5710129679 26.4539995667 59.0644194376
389248 2048 1685.355 3759.266 3843.884 414.778335663 424.114656425 946.008293802 25.9236459789 26.5071660266 59.1255183626
428160 2048 1864.302 4135.701 4249.985 412.646952872 424.049843062 940.697032991 25.7904345545 26.5031151914 58.793564562
470912 2048 2036.625 4548.614 4720.426 408.618957696 424.053470354 947.084294851 25.538684856 26.5033418971 59.1927684282
517888 2048 2282.981 4938.879 5158.074 411.252193745 429.504194778 929.166404801 25.7032621091 26.8440121736 58.0729003001
569600 1024 1231.506 2642.303 2875.092 405.740338048 441.486385172 947.247354053 25.358771128 27.5928990733 59.2029596283
626560 1024 1355.195 2803.932 3163.877 405.57672754 457.641226677 946.871025941 25.3485454713 28.6025766673 59.1794391213
689152 1024 1528.628 3078.511 3479.366 405.643814419 458.462969923 923.300695787 25.3527384012 28.6539356202 57.7062934867
758016 1024 1711.341 3385.32 3783.765 410.283611165 458.573123959 907.134678594 25.6427256978 28.6608202474 56.6959174121
833792 1024 1860.578 3588.24 4216.851 404.94815112 475.889577063 917.782547144 25.309259445 29.7430985664 57.3614091965
917120 1024 2051.979 3950.768 4598.909 408.414639211 475.416870846 915.341609246 25.5259149507 29.7135544279 57.2088505779
1008768 1024 2259.766 4348.011 5034.924 410.325332418 475.149870596 914.234865026 25.6453332761 29.6968669123 57.1396790641
1109632 512 1254.443 2391.19 2787.455 407.63462298 475.187320121 905.790990902 25.4771639363 29.6992075076 56.6119369314
1220480 512 1366.54 2628.059 3097.871 403.429167967 475.549262783 914.551729185 25.214322998 29.7218289239 57.159483074
1342464 512 1858.886 2890.125 3336.006 412.074539434 475.648332166 739.519871579 25.7546587146 29.7280207603 46.2199919737
1476608 512 1600.776 3273.236 3710.432 407.512276738 461.94243006 944.571003064 25.4695172961 28.8714018788 59.0356876915
1624192 512 1761.509 3556.073 4045.232 411.143936368 467.699231146 944.174913668 25.696496023 29.2312019466 59.0109321042
1786496 512 1923.602 3969.777 4492.075 407.244292226 460.824853386 951.013725292 25.4527682641 28.8015533366 59.4383578308
1965056 512 2117.741 4353.676 4940.063 407.326251507 462.188124243 950.17159511 25.4578907192 28.8867577652 59.3857246944
2161536 256 1164.005 2398.806 2739.401 403.995775719 461.35720521 950.774637566 25.2497359824 28.8348253256 59.4234148479
2377600 256 1281.262 2651.859 2941.744 413.81275869 459.048237482 950.103257569 25.8632974181 28.6905148426 59.3814535981
2615296 256 1411.268 2902.502 3288.962 407.128921526 461.336995461 948.814507237 25.4455575954 28.8335622163 59.3009067023
2876800 256 1560.29 3207.935 3573.009 412.235625491 459.149452841 944.005024707 25.7647265932 28.6968408026 59.0003140442
3164416 256 1706.184 3527.296 3813.238 424.883259844 459.326632072 949.593356871 26.5552037402 28.7079145045 59.3495848045
3480832 256 1878.954 3847.692 4191.34 425.206731976 463.183119647 948.498996782 26.5754207485 28.9489449779 59.2811872989
3828864 256 2090.012 4422.28 4565.56 429.383989697 443.2958492 937.974694882 26.836499356 27.705990575 58.6234184301
4211712 128 1133.075 2452.486 2499.477 431.36955131 439.634832574 951.568318073 26.9605969569 27.4771770359 59.4730198795
4632832 128 1260.338 2679.028 2799.335 423.673833964 442.699737367 941.021370458 26.4796146228 27.6687335855 58.8138356536
5096064 128 1371.334 2966.126 3068.344 425.178006117 439.830399653 951.330882192 26.5736253823 27.4893999783 59.458180137
5605632 128 1518.66 3247.397 3363.805 426.612657987 441.90525273 944.939480858 26.6632911242 27.6190782956 59.0587175536
6166144 128 1654.754 3433.829 3667.967 430.356342901 459.700487124 953.938086265 26.8972714313 28.7312804452 59.6211303916
6782720 128 1789.974 3729.965 4087.271 424.82534679 465.520807836 970.056727081 26.5515841744 29.0950504897 60.6285454426
7460992 128 2008.125 4010.925 4408.389 433.268015141 476.202858942 951.142957734 27.0792509463 29.7626786838 59.4464348584
8206976 128 2211.339 4320.189 4755.541 441.797443445 486.318042104 950.096686216 27.6123402153 30.3948776315 59.3810428885
9027584 64 1180.772 2345.048 2614.875 441.906688465 492.753560695 978.623097431 27.6191680291 30.7970975434 61.1639435894
9930240 64 1341.195 2547.682 2965.011 428.690052077 498.912627243 947.715074989 26.7931282548 31.1820392027 59.2321921868
10923264 64 1476.07 2755.278 3314.422 421.846642341 507.454344716 947.230003997 26.3654151463 31.7158965447 59.2018752498
12015488 64 1626.335 3034.996 3501.278 439.263167335 506.749420428 945.673839646 27.4539479584 31.6718387767 59.1046149778
13217024 64 1788.2 3341.11 3946.466 428.682034002 506.352401447 946.079337882 26.7926271251 31.6470250905 59.1299586176
14538624 64 1961.957 3968.049 4414.982 421.506559257 468.982079606 948.514096894 26.3441599535 29.3113799754 59.2821310559
15992448 64 2234.068 4719.832 5853.423 349.715601282 433.708942183 916.280679012 21.8572250801 27.1068088864 57.2675424383
17591680 32 1238.865 2661.28 2815.155 399.93091677 423.05489088 908.789512982 24.9956822981 26.44093068 56.7993445614
19350784 32 1461.55 2966.163 3099.702 399.53846402 417.5260011 847.3539571 24.9711540013 26.0953750687 52.9596223188
21285760 32 1601.178 3267.008 3425.766 397.659571611 416.983564166 850.803995558 24.8537232257 26.0614727604 53.1752497224
23414272 32 1787.173 3596.356 3915.207 382.741808543 416.675492638 838.482568839 23.9213630339 26.0422182898 52.4051605524
25755648 32 1995.116 4068.865 4312.089 382.265178664 405.115793225 826.198312279 23.8915736665 25.3197370766 51.6373945174
28331136 32 2238.863 4546.202 4764.825 380.537103461 398.836810155 809.872110978 23.7835689663 24.9273006347 50.6170069361
31164160 32 2527.243 5062.717 6027.504 330.900857138 393.95965447 789.202399611 20.6813035711 24.6224784044 49.3251499757
34280576 16 1492.51 2503.565 2778.435 394.818821387 438.166547304 734.988999739 24.6761763367 27.3854092065 45.9368124837
37708544 16 1702.568 3650.568 5242.764 230.159779841 330.544016164 708.737276866 14.3849862401 20.6590010103 44.2960798042
41479296 16 2581.556 5386.015 6601.109 201.077950993 246.441473334 514.161796994 12.567371937 15.4025920834 32.1351123121
45627136 16 4186.932 5653.825 10352.46 141.035884418 258.244348207 348.720340335 8.81474277611 16.1402717629 21.7950212709
50189824 16 6458.54 8105.331 13644.182 117.711297607 198.150373871 248.674525202 7.35695610041 12.384398367 15.5421578251
55208704 16 9191.452 12490.076 14512.687 121.733385968 141.446579508 192.208861886 7.60833662298 8.84041121928 12.0130538679
60729472 16 12294.023 15457.883 16554.377 117.391497367 125.718580222 158.072187111 7.33696858541 7.85741126388 9.87951169442
66802304 16 15659.941 18624.227 27761.914 77.0002287306 114.779192071 136.50586091 4.81251429566 7.17369950441 8.53161630686
73482496 8 10648.421 12576.043 16043.959 73.2811605913 93.4888610034 110.412608217 4.58007253696 5.84305381271 6.90078801355
80830720 8 12709.679 14248.186 18115.67 71.3907639077 90.768854365 101.756426736 4.46192274423 5.67305339781 6.35977667099
88913792 8 14933.188 16406.163 20345.043 69.924682489 86.7125769749 95.2657042823 4.37029265556 5.41953606093 5.95410651764
97805056 8 17306.604 19569.228 22848.843 68.4884086253 79.9664093034 90.4210263319 4.28052553908 4.99790058146 5.65131414574
107585536 8 19853.849 22007.694 25537.637 67.4051626625 78.2166716786 86.702008059 4.2128226664 4.88854197991 5.41887550369
118344064 8 24220.084 28532.112 30237.034 62.6220489748 66.3639980104 78.1791270418 3.91387806092 4.14774987565 4.88619544011
130178432 8 24101.393 26368.357 32061.088 64.9651974381 78.9906975243 86.420519843 4.06032483988 4.93691859527 5.40128249019
143196160 4 16241.619 18781.765 21293.623 53.7987020809 60.9936968118 70.5329487165 3.36241888006 3.81210605074 4.40830929478
157515776 4 18606.1 21917.82 23621.431 53.3467344972 57.4932273374 67.7265094781 3.33417090607 3.59332670859 4.23290684238
173267328 4 21253.803 24511.992 24631.646 56.2747054744 56.54940749 65.2183811057 3.51716909215 3.53433796813 4.07614881911
190594048 4 24224.194 27700.108 27753.734 54.9386393917 55.0449978029 62.9433690962 3.43366496198 3.44031236268 3.93396056851
209653376 4 28021.199 30919.746 31125.756 53.8855026686 54.2445273645 59.8556474332 3.36784391679 3.39028296028 3.74097796458
230618624 4 28799.107 33959.946 35983.384 51.2722481021 54.3272062918 64.0627152779 3.20451550638 3.39545039324 4.00391970487
253680384 4 32049.564 37828.98 40418.479 50.2107729487 53.647840148 63.3220181092 3.13817330929 3.35299000925 3.95762613183
279048320 2 23793.419 27999.394 30157.953 37.0115730335 39.8649085048 46.9118490285 2.31322331459 2.49155678155 2.93199056428
306953088 2 26529.531 30996.054 34896.662 35.1842348704 39.6118922751 46.280967123 2.1990146794 2.47574326719 2.89256044519
337648384 2 29483.074 29610.965 34483.379 39.1665078994 45.6112638004 45.809115291 2.44790674371 2.85070398753 2.86306970569
371413120 2 32727.825 35288.897 38299.649 38.7902374771 42.0997142529 45.3941708623 2.42438984232 2.63123214081 2.83713567889
408554368 2 36342.449 37991.831 41956.468 38.9503108794 43.014970034 44.9671807203 2.43439442996 2.68843562712 2.81044879502
449409792 2 40412.817 41963.051 47320.102 37.9889115201 42.8386193368 44.4819070148 2.37430697001 2.67741370855 2.78011918842
494350720 2 44961.748 46743.482 51293.613 38.5506647777 42.3032858357 43.9796708971 2.40941654861 2.64395536473 2.74872943107
543785728 1 26733.404 27205.525 29871.069 36.408856208 39.9761245556 40.6821165011 2.275553513 2.49850778472 2.54263228132
598164224 1 29767.078 34869.273 35319.286 33.8718185866 34.3089587213 40.1896500557 2.11698866166 2.14430992008 2.51185312848
657980544 1 32960.636 35587.853 37613.266 34.9866211565 36.9778162229 39.9252334815 2.18666382228 2.31111351393 2.4953270926
723778560 1 36503.193 37999.876 39413.412 36.7275261528 38.0937327269 39.6556301253 2.29547038455 2.38085829543 2.47847688283
796156416 1 40658.302 42042.05 43354.143 36.7280430846 37.8742909064 39.1632890129 2.29550269279 2.36714318165 2.44770556331
875772032 1 45617.953 46399.509 48131.453 36.3908412239 37.7491939408 38.3959373188 2.2744275765 2.3593246213 2.39974608243
963349120 1 50095.312 51808.566 53673.204 35.8968367158 37.188796926 38.4606495714 2.24355229474 2.32429980787 2.40379059821
1059683968 1 57133.147 60317.037 79451.198 26.6750909911 35.1371360632 37.0952423818 1.66719318694 2.19607100395 2.31845264886

META_DATA
ERT_VERSION  1.1.0
CONFIG  {'ERT_WORKING_SET_MIN': ['1'], 'ERT_CFLAGS': ['-O3'], 'ERT_CC': ['gcc'], 'ERT_OPENMP_LDFLAGS': ['-fopenmp'], 'ERT_MEMORY_MAX': ['1073741824'], 'ERT_LDFLAGS': [], 'ERT_LDLIBS': [], 'ERT_SPEC_GBYTES_DRAM': ['300'], 'ERT_RUN': ['export', 'KMP_AFFINITY=scatter;', 'export', 'OMP_NUM_THREADS=ERT_OPENMP_THREADS;', 'ERT_CODE'], 'ERT_FLOPS': ['1,2,4,8,16'], 'ERT_OPENMP_CFLAGS': ['-fopenmp'], 'ERT_SPEC_GFLOPS': ['1000'], 'ERT_MPI': [False], 'ERT_TRIALS_MIN': ['1'], 'ERT_DRIVER': ['driver1'], 'ERT_RESULTS': ['Results.madonna.lbl.gov.02'], 'ERT_OPENMP': ['True'], 'ERT_OPENMP_THREADS': ['1,2,4,8,16,32,48,64,80,96,112,128,144,160'], 'ERT_KERNEL': ['kernel1'], 'ERT_GPU': [False], 'ERT_LD': ['gcc'], 'ERT_NUM_EXPERIMENTS': ['3'], 'ERT_ALIGN': ['32'], 'ERT_GNUPLOT': ['gnuplot']}
TIMESTAMP_DATA  1634099583.56
UNAME  ('Linux', 'pmemMachine0', '5.9.13-derrick-pmo', '#120 SMP Tue Sep 28 02:02:07 EDT 2021', 'x86_64', 'x86_64')
FLOPS          1
TIMESTAMP_DATA  1634099580.84
HOSTNAME  ('pmemMachine0', ['pmemMachine0.local'], ['fe80::f035:4ef3:770d:269e'])
TIMESTAMP_DATA  1634099586.41
OPENMP_THREADS 16
