512 2097152 4962.612 4967.842 6530.736 328.827202325 432.27696211 432.732530369 20.5517001453 27.0173101318 27.0457831481
1024 1048576 3335.926 3400.636 3415.909 628.671211089 631.494710989 643.744390013 39.2919506931 39.4684194368 40.2340243758
1536 524288 2093.016 2171.886 2265.373 710.97021815 741.573331197 769.517641528 44.4356386343 46.3483331998 48.0948525955
2048 524288 2224.658 2261.288 2294.916 935.756972368 949.6727741 965.309565785 58.484810773 59.3545483813 60.3318478616
2560 262144 1273.113 1318.991 1323.448 1014.15188205 1017.57880077 1054.2483503 63.3844926283 63.5986750478 65.890521894
3072 262144 1367.541 1368.563 1451.516 1109.60729058 1176.86415313 1177.74365522 69.3504556615 73.5540095706 73.6089784511
3584 262144 1628.471 1633.103 1644.812 1142.40909721 1150.59992664 1153.87267689 71.4005685756 71.9124954152 72.1170423053
4096 262144 1610.031 1656.565 1680.199 1278.1126807 1296.34735009 1333.815093 79.8820425438 81.0217093806 83.3634433126
4608 131072 941.843 957.629 984.717 1226.70731997 1261.40661154 1282.54873901 76.6692074982 78.8379132211 80.1592961884
5120 131072 911.743 918.633 932.669 1439.07139618 1461.05929136 1472.10044936 89.941962261 91.31620571 92.0062780849
5632 131072 1123.994 1129.275 1163.668 1268.74246606 1307.38306258 1313.52570209 79.296404129 81.7114414115 82.0953563809
6144 131072 1062.865 1078.14 1086.853 1481.90485374 1493.88088374 1515.35024298 92.6190533586 93.367555234 94.709390186
6656 131072 1277.731 1320.48 1320.75 1321.09064092 1321.36076578 1365.56948528 82.5681650577 82.5850478614 85.3480928302
7168 131072 1220.859 1267.902 1275.246 1473.47899307 1482.01374554 1539.11974438 92.092437067 92.6258590964 96.1949840235
7680 131072 1428.663 1445.729 1486.94 1353.96580898 1392.56106781 1409.19581455 84.6228630611 87.035066738 88.0747384093
8192 131072 1376.447 1407.838 1432.389 1499.23215551 1525.37695956 1560.16442914 93.7020097194 95.3360599728 97.5102768214
8704 65536 799.398 811.384 843.761 1352.10170653 1406.05519458 1427.1372808 84.5063566579 87.8784496613 89.1960800502
9216 65536 772.141 793.883 794.112 1521.1450677 1521.58385052 1564.42871444 95.0715667311 95.0989906573 97.7767946528
9728 65536 873.044 898.937 905.173 1408.6460997 1418.4179937 1460.48585867 88.040381231 88.6511246061 91.2803661671
10240 65536 841.279 842.856 874.897 1534.09747662 1592.41588124 1595.40090743 95.8810922886 99.5259925776 99.7125567142
11264 65536 917.514 951.551 961.699 1535.19449225 1551.56687135 1609.12531907 95.9496557655 96.9729294594 100.570332442
12288 65536 998.177 1015.836 1032.661 1559.67227967 1585.50468383 1613.55424539 97.4795174796 99.0940427392 100.847140337
13312 65536 1045.33 1070.939 1111.356 1570.00138929 1629.25289302 1669.16711852 98.1250868309 101.828305814 104.322944907
14336 65536 1146.189 1192.459 1212.537 1549.68317833 1575.77593192 1639.38773797 96.8551986455 98.4859957449 102.461733623
15360 65536 1223.649 1271.6 1289.488 1561.29093097 1583.25410506 1645.29691112 97.5806831859 98.9533815665 102.831056945
16896 32768 674.366 703.29 726.726 1523.67777677 1574.45187049 1641.98114377 95.229861048 98.4032419059 102.623821486
18432 32768 719.643 729.97 756.359 1597.07169743 1654.8071181 1678.55388297 99.8169810897 103.425444881 104.909617685
19968 32768 813.061 830.319 857.362 1526.33642265 1576.04829951 1609.50143716 95.3960264159 98.5030187193 100.593839823
21504 32768 843.663 846.757 893.773 1576.78308027 1664.3336211 1670.4373002 98.5489425167 104.020851319 104.402331263
23552 32768 916.509 960.756 964.876 1599.69143393 1606.55137413 1684.11207309 99.9807146203 100.409460883 105.257004568
25600 32768 986.518 993.209 1035.881 1619.60842993 1689.19290905 1700.64976007 101.22552687 105.574556815 106.290610004
28160 32768 1125.405 1156.723 1163.356 1586.35341203 1595.45004292 1639.8485523 99.1470882516 99.7156276827 102.490534519
30720 32768 1169.433 1182.209 1225.224 1643.18191612 1702.96954261 1721.57440401 102.698869758 106.435596413 107.59840025
33792 16384 624.515 652.416 655.61 1688.95571453 1697.22424956 1773.04989632 105.559732158 106.076515597 110.81561852
36864 16384 710.348 715.703 720.679 1676.14090601 1687.79445105 1700.51798837 104.758806625 105.487153191 106.282374273
40448 16384 792.505 795.358 827.236 1602.20307627 1666.41947903 1672.4185513 100.137692267 104.151217439 104.526159456
44032 16384 932.813 943.057 970.914 1486.0642405 1529.96115399 1546.76293748 92.8790150312 95.6225721245 96.6726835925
48128 16384 919.734 925.211 963.559 1636.70133744 1704.53907703 1714.68957764 102.29383359 106.533692315 107.168098602
52736 16384 1025.737 1061.321 1074.963 1607.546723 1628.20979515 1684.69427153 100.471670188 101.763112197 105.293391971
57856 16384 1119.175 1126.992 1157.107 1638.41840729 1682.19952582 1693.9490321 102.401150455 105.137470364 105.871814506
63488 16384 1221.948 1256.977 1270.069 1638.00138733 1655.06193351 1702.50680389 102.375086708 103.441370844 106.406675243
69632 8192 659.26 688.76 691.859 1648.96415021 1656.38348336 1730.5019082 103.060259388 103.52396771 108.156369263
76288 8192 707.773 732.868 760.426 1643.68734367 1705.49483945 1765.96534765 102.73045898 106.593427466 110.372834228
83456 8192 814.683 838.832 840.056 1627.68089746 1630.05596353 1678.37441557 101.730056091 101.878497721 104.898400973
91648 8192 898.122 923.022 975.05 1539.98341829 1626.7876952 1671.88960074 96.2489636429 101.67423095 104.493100047
100352 8192 974.025 995.602 1023.075 1607.08371136 1651.43015783 1688.01331383 100.44273196 103.214384865 105.500832114
110080 8192 1057.828 1058.531 1097.602 1643.17368226 1703.82418654 1704.95649576 102.698355141 106.489011659 106.559780985
120832 8192 1162.841 1186.284 1212.88 1632.24019524 1668.83434995 1702.47823047 102.015012202 104.302146872 106.404889404
132608 4096 634.488 637.951 664.315 1635.25546766 1702.83412989 1712.12810329 102.203466729 106.427133118 107.008006456
145408 4096 674.875 697.399 729.356 1633.197418 1708.0356238 1765.04143138 102.074838625 106.752226487 110.315089461
159744 4096 761.301 765.809 769.425 1700.78025539 1708.8110064 1718.9296323 106.298765962 106.8006879 107.433102019
175616 4096 806.769 828.05 836.707 1719.41464814 1737.39058269 1783.21957338 107.463415509 108.586911418 111.451223337
193024 4096 915.052 915.657 956.758 1652.71950483 1726.9049524 1728.04672084 103.294969052 107.931559525 108.002920053
211968 4096 1007.996 1043.787 1050.485 1652.99062433 1663.59789497 1722.66740741 103.311914021 103.974868436 107.666712963
232960 4096 1062.811 1106.572 1153.576 1654.34121376 1724.61287652 1795.62341752 103.39632586 107.788304783 112.226463595
256000 4096 1210.053 1262.69 1263.252 1660.12165427 1660.86054376 1733.1075581 103.757603392 103.803783985 108.319222381
281600 2048 671.118 692.039 696.301 1656.51578843 1666.71762719 1718.6748083 103.532236777 104.169851699 107.417175519
309760 2048 735.192 735.249 757.642 1674.63915675 1725.64255103 1725.77634142 104.664947297 107.852659439 107.861021339
340480 2048 771.033 774.67 838.805 1662.61059483 1800.25827772 1808.7501832 103.913162177 112.516142357 113.04688645
374272 2048 850.272 882.875 883.9 1734.3795814 1736.39316098 1802.97376839 108.398723838 108.524572561 112.685860525
411648 2048 964.154 968.554 987.452 1707.53637443 1740.85307376 1748.79760702 106.721023402 108.80331711 109.299850439
452608 2048 1026.028 1074.185 1105.486 1676.98403055 1725.85017292 1806.85358294 104.81150191 107.865635808 112.928348934
497664 2048 1161.343 1168.359 1227.042 1661.25670026 1744.69640239 1755.23660452 103.828543766 109.043525149 109.702287782
547328 1024 622.696 647.047 672.496 1666.81696843 1732.3745323 1800.12035407 104.176060527 108.273408269 112.50752213
601600 1024 684.278 708.293 708.903 1738.00477639 1739.50159044 1800.55006883 108.625298525 108.718849403 112.534379302
661504 1024 753.909 773.455 777.4 1742.68097762 1751.56950566 1796.9810574 108.917561101 109.473094104 112.311316087
727552 1024 822.987 854.786 885.628 1682.45188273 1743.15734699 1810.51036772 105.153242671 108.947334187 113.156897983
800256 1024 907.996 936.564 951.843 1721.84308547 1749.93304035 1804.99064754 107.615192842 109.370815022 112.811915471
880128 1024 973.545 1020.347 1031.918 1746.74939675 1766.55798861 1851.48313021 109.171837297 110.409874288 115.717695638
967680 1024 1129.613 1136.313 1181.045 1678.01281069 1744.06931893 1754.41380367 104.875800668 109.004332433 109.650862729
1064448 512 628.531 631.977 651.637 1672.7023665 1724.73800787 1734.19410021 104.543897906 107.796125492 108.387131263
1170432 512 683.801 714.998 717.986 1669.28375762 1676.25974898 1752.73561753 104.330234851 104.766234311 109.545976095
1287168 512 786.947 799.488 816.182 1614.90945892 1648.6301633 1674.90317899 100.931841182 103.039385207 104.681448687
1415680 512 845.051 861.654 897.395 1615.40494431 1682.41117664 1715.46607246 100.962809019 105.15069854 107.216629529
1556992 512 946.687 946.732 947.215 1683.20793906 1684.06667146 1684.1467222 105.200496191 105.254166966 105.259170138
1712640 512 1040.046 1043.096 1096.361 1599.60392608 1681.28663134 1686.21710963 99.9752453799 105.080414458 105.388569352
1883648 512 1138.659 1194.71 1201.327 1605.60409614 1614.49686702 1693.97119945 100.350256009 100.906054189 105.873199966
2071552 512 1258.072 1259.491 1309.682 1619.68267717 1684.22739662 1686.12706427 101.230167323 105.264212289 105.382941517
2278400 256 709.761 719.278 729.167 1599.82665151 1621.8218825 1643.56846882 99.9891657192 101.363867656 102.723029301
2506240 256 759.602 782.076 794.587 1614.92055621 1640.75470926 1689.29897499 100.932534763 102.547169329 105.581185937
2756608 256 838.987 875.794 882.653 1599.02396072 1611.54711724 1682.2469192 99.9389975449 100.721694828 105.14043245
3032064 256 920.889 924.148 964.032 1610.33738299 1679.83566269 1685.78055336 100.646086437 104.989728918 105.361284585
3335168 256 1000.285 1027.527 1052.727 1622.07867377 1661.85999589 1707.11948695 101.379917111 103.866249743 106.694967934
3668480 256 1096.926 1113.227 1159.824 1619.43688008 1687.22260599 1712.2957793 101.214805005 105.451412874 107.018486206
4035072 256 1174.275 1204.714 1222.487 1689.962236 1714.89404456 1759.34671521 105.62263975 107.180877785 109.9591697
4438528 128 647.325 662.457 679.175 1673.00499577 1715.2255437 1755.32100259 104.562812235 107.201596481 109.707562662
4881920 128 736.857 738.215 765.234 1633.18869784 1692.96413646 1696.0842063 102.074293615 105.810258529 106.005262894
5369856 128 817.741 819.455 822.827 1670.68306704 1677.55781098 1681.07400265 104.41769169 104.847363187 105.067125166
5906432 128 896.693 898.032 934.838 1617.44237183 1683.73353288 1686.24779272 101.09014824 105.233345805 105.390487045
6496768 128 1001.46 1007.303 1027.63 1618.45470451 1651.11451867 1660.74791604 101.153419032 103.194657417 103.796744753
7145984 128 1073.389 1128.387 1130.156 1618.68972425 1621.22738387 1704.29537102 101.168107766 101.326711492 106.518460689
7860224 128 1190.015 1194.832 1240.376 1622.26401027 1684.10064679 1690.91763045 101.391500642 105.256290424 105.682351903
8646144 64 647.43 681.187 694.655 1593.17421166 1624.67344797 1709.38392104 99.5733882287 101.542090498 106.836495065
9510400 64 728.068 751.718 754.477 1613.47688531 1619.3987639 1672.00206574 100.842305332 101.212422744 104.500129109
10461184 64 769.615 822.79 832.117 1609.18663121 1627.4280825 1739.87195156 100.57416445 101.714255156 108.741996973
11507200 64 872.892 873.944 889.961 1655.04061414 1685.37297584 1687.40416913 103.440038384 105.33581099 105.462760571
12657664 64 936.961 957.262 995.462 1627.56689055 1692.51572924 1729.18722551 101.722930659 105.782233077 108.074201594
13923328 64 1058.817 1098.749 1103.771 1614.63381807 1622.01374836 1683.1860312 100.914613629 101.375859273 105.19912695
15315456 64 1158.982 1168.34 1207.662 1623.28397184 1677.91770204 1691.46575874 101.45524824 104.869856377 105.716609921
16846848 32 618.654 647.755 671.217 1606.33337952 1664.51555295 1742.81306191 100.39583622 104.032222059 108.925816369
18531328 32 679.152 699.276 749.311 1582.79404947 1696.04704294 1746.30273046 98.9246280917 106.002940184 109.143920654
20384256 32 772.708 805.39 809.074 1612.45125168 1619.82689629 1688.33813549 100.77820323 101.239181018 105.521133468
22422528 32 821.251 850.576 871.265 1647.07843423 1687.14117492 1747.38513804 102.942402139 105.446323433 109.211571127
24664576 32 927.705 929.385 934.611 1688.97312786 1698.4703476 1701.54614236 105.560820491 106.154396725 106.346633898
27130880 32 1027.768 1067.303 1071.704 1620.20139889 1626.88226305 1689.463303 101.262587431 101.680141441 105.591456438
29843968 32 1123.716 1155.55 1936.559 986.292672725 1652.90463589 1699.73013822 61.6432920453 103.306539743 106.233133639
32827904 32 1349.379 1357.408 1410.415 1489.6224558 1547.7924515 1557.0020402 93.1014034876 96.7370282185 97.3126275124
36110336 16 785.832 854.827 874.247 1321.74402886 1351.77147189 1470.45520162 82.6090018038 84.485716993 91.9034501013
39720960 16 884.883 953.736 963.835 1318.76381331 1332.72805053 1436.42800235 82.4227383318 83.2955031581 89.7767501466
43693056 16 1034.831 1056.05 1077.462 1297.65856429 1323.96931206 1351.11703457 81.1036602683 82.7480820037 84.4448146606
48061952 16 1199.015 1210.918 1223.208 1257.33519074 1270.09629389 1282.70494031 78.5834494215 79.3810183679 80.1690587691
52868096 16 1311.998 1350.671 1351.122 1252.12902462 1252.54712065 1289.46772175 78.2580640386 78.2841950408 80.5917326093
58154496 16 1508.859 1570.837 1590.66 1169.91932405 1184.68298875 1233.34511177 73.1199577534 74.0426867969 77.0840694856
63969792 16 1697.203 1717.914 1795.643 1140.00018044 1191.58080323 1206.12168609 71.2500112773 74.4738002019 75.3826053807
70366720 8 1624.008 1697.612 1878.675 599.288072711 663.206622008 693.264762243 37.4555045444 41.4504138755 43.3290476402
77403136 8 2994.645 3473.991 4560.45 271.563151882 356.492050785 413.554920867 16.9726969926 22.2807531741 25.8471825542
85143040 8 4860.353 4867.789 5446.228 250.134338849 279.857783482 280.285946309 15.6333961781 17.4911114676 17.5178716443
93657088 8 6998.59 7029.212 7613.936 196.811925921 213.183697974 214.116473175 12.3007453701 13.3239811233 13.3822795735
103022592 8 9346.815 9452.343 9858.146 167.20806042 174.386548605 176.355418611 10.4505037763 10.8991592878 11.0222136632
113324544 8 11065.168 11677.969 12229.169 148.26785892 155.266100124 163.864905079 9.2667411825 9.70413125776 10.2415565674
124656640 8 13651.145 14076.167 14702.579 135.656896657 141.693846059 146.105417531 8.47855604109 8.85586537869 9.13158859568
137122304 4 10309.139 10328.117 10523.856 104.237309214 106.212820014 106.408346226 6.5148318259 6.63830125085 6.6505216391
150834176 4 11915.08 11956.817 12161.607 99.2198981598 100.919283786 101.272791118 6.20124363499 6.30745523662 6.32954944491
165917184 4 13637.771 13727.395 13989.63 94.8800984729 96.6925969567 97.3280363778 5.93000615456 6.04328730979 6.08300227361
182508544 4 15668.459 15679.895 15943.448 91.5779542794 93.1172276345 93.1851914729 5.72362214246 5.81982672716 5.82407446706
200759296 4 17819.438 18017.339 18123.621 88.6177418961 89.1404867278 90.1304725772 5.5386088685 5.57128042049 5.63315453607
220834816 4 20025.254 20316.278 20334.319 86.8816176239 86.958769121 88.2225278141 5.43010110149 5.43492307006 5.51390798838
242917888 4 22570.347 22924.287 23004.309 84.4773517866 84.7722375837 86.1016050839 5.27983448666 5.29826484898 5.38135031774
267209216 4 25419.169 25593.827 25744.013 83.035761674 83.5230201408 84.0969163075 5.18973510462 5.2201887588 5.25605726922
293929984 2 19188.536 19303.654 19339.988 60.792175052 60.9066001701 61.271997822 3.79951094075 3.80666251063 3.82949986388
323322880 2 21472.2 21529.416 21610.082 59.8466734185 60.0709057784 60.2309740036 3.74041708865 3.75443161115 3.76443587522
355655168 2 23997.643 24017.394 24138.471 58.9358237313 59.2329322657 59.2816832886 3.68348898321 3.7020582666 3.70510520554
391220224 2 26804.436 26859.184 26927.558 58.1144749925 58.2624139289 58.3814147778 3.63215468703 3.64140087056 3.64883842361
430342144 2 29797.149 29808.078 30000.563 57.3778757419 57.7483920969 57.7695730555 3.58611723387 3.60927450606 3.61059831597
473376256 2 33225.483 33262.529 33593.469 56.3652721903 56.9260690911 56.9895409496 3.52282951189 3.5578793182 3.56184630935
520713728 2 37132.986 37141.987 37469.247 55.5883845758 56.0781767545 56.0917700505 3.47427403598 3.50488604716 3.50573562816
572784640 1 20424.791 20514.17 20655.635 55.4603758248 55.8428286399 56.0871971713 3.46627348905 3.49017678999 3.50544982321
630063104 1 22732.164 22801.225 22854.496 55.1369064538 55.2657240126 55.4336229494 3.44605665336 3.45410775079 3.46460143434
693069312 1 25277.007 25316.417 25323.455 54.7373422781 54.7525593373 54.837925392 3.42108389238 3.42203495858 3.427370337
762376192 1 28129.879 28167.735 28183.609 54.1006790152 54.131167593 54.2040150262 3.38129243845 3.38319797456 3.38775093913
838613504 1 31067.836 31158.408 31572.228 53.1234922033 53.8290341406 53.9859618159 3.32021826271 3.36431463379 3.3741226135
922474496 1 34411.827 34796.583 34885.52 52.8858102731 53.0209817441 53.6138052769 3.30536314207 3.31381135901 3.35086282981
1014721536 1 38092.552 38423.008 38487.878 52.7294092961 52.8184329556 53.2766371757 3.29558808101 3.30115205972 3.32978982348

META_DATA
ERT_VERSION  1.1.0
CONFIG  {'ERT_WORKING_SET_MIN': ['1'], 'ERT_CFLAGS': ['-O3'], 'ERT_CC': ['gcc'], 'ERT_OPENMP_LDFLAGS': ['-fopenmp'], 'ERT_MEMORY_MAX': ['1073741824'], 'ERT_LDFLAGS': [], 'ERT_LDLIBS': [], 'ERT_SPEC_GBYTES_DRAM': ['300'], 'ERT_RUN': ['export', 'KMP_AFFINITY=scatter;', 'export', 'OMP_NUM_THREADS=ERT_OPENMP_THREADS;', 'ERT_CODE'], 'ERT_FLOPS': ['1,2,4,8,16'], 'ERT_OPENMP_CFLAGS': ['-fopenmp'], 'ERT_SPEC_GFLOPS': ['1000'], 'ERT_MPI': [False], 'ERT_TRIALS_MIN': ['1'], 'ERT_DRIVER': ['driver1'], 'ERT_RESULTS': ['Results.madonna.lbl.gov.02'], 'ERT_OPENMP': ['True'], 'ERT_OPENMP_THREADS': ['1,2,4,8,16,32,48,64,80,96,112,128,144,160'], 'ERT_KERNEL': ['kernel1'], 'ERT_GPU': [False], 'ERT_LD': ['gcc'], 'ERT_NUM_EXPERIMENTS': ['3'], 'ERT_ALIGN': ['32'], 'ERT_GNUPLOT': ['gnuplot']}
TIMESTAMP_DATA  1634099601.89
TIMESTAMP_DATA  1634099600.62
UNAME  ('Linux', 'pmemMachine0', '5.9.13-derrick-pmo', '#120 SMP Tue Sep 28 02:02:07 EDT 2021', 'x86_64', 'x86_64')
FLOPS          1
OPENMP_THREADS 64
TIMESTAMP_DATA  1634099603.16
HOSTNAME  ('pmemMachine0', ['pmemMachine0.local'], ['fe80::f035:4ef3:770d:269e'])
