8 134217728 263502.31 286836.473 289019.564 7.43023627286 7.48678724689 8.1497716206 0.464389767054 0.467924202931 0.509360726287
16 67108864 134715.971 145951.53 146118.901 14.6968231577 14.7136768487 15.9408244773 0.918551447359 0.919604803047 0.996301529831
24 33554432 67943.995 69417.165 70230.308 22.9333001928 23.2019376764 23.7050049235 1.43333126205 1.45012110477 1.48156280772
32 33554432 63518.41 65059.503 72995.147 29.4195400141 33.0079934364 33.808838225 1.83872125088 2.06299958978 2.11305238906
40 16777216 36401.904 36490.344 36498.298 36.7736950364 36.7817108 36.871073557 2.29835593978 2.298856925 2.30444209731
48 16777216 29556.404 36500.49 36759.095 43.8153533432 44.1257839552 54.4928515661 2.73845958395 2.7578614972 3.40580322288
56 16777216 43351.264 44908.964 44929.694 41.8219672718 41.8412723126 43.3447152083 2.61387295449 2.61507951954 2.70904470052
64 16777216 33461.65 35038.938 42107.068 51.0005505014 61.288491335 64.1774583142 3.18753440634 3.83053070844 4.01109114464
72 8388608 22166.913 26654.244 26671.062 45.2910181079 45.3195953335 54.4938103019 2.83068863175 2.83247470834 3.40586314387
80 8388608 25249.908 25259.608 25270.094 53.1132681976 53.1353170643 53.1557295179 3.31957926235 3.32095731652 3.32223309487
88 8388608 30883.247 32973.062 34393.235 42.9269014095 44.7757932824 47.805692452 2.6829313381 2.79848708015 2.98785577825
96 8388608 23866.219 29477.723 29481.919 54.6305257809 54.6383021511 67.4850396705 3.41440786131 3.41489388444 4.21781497941
104 8388608 33668.228 35100.684 35105.572 49.7023795539 49.7093009356 51.8242440321 3.10639872212 3.10683130847 3.23901525201
112 8388608 27276.015 29944.03 33677.321 55.7956552423 62.7520140743 68.8901290016 3.48722845264 3.92200087964 4.3056330626
120 8388608 31926.285 39282.221 39305.051 51.2215572497 51.2513261406 63.0598242169 3.20134732811 3.20320788379 3.94123901356
128 8388608 37881.277 37893.972 41260.622 52.0468074379 56.6708511845 56.6898430589 3.25292546487 3.54192819903 3.54311519118
136 4194304 19179.719 21744.793 21758.568 52.4322505047 52.4654655485 59.4821377727 3.27701565655 3.27909159678 3.71763361079
144 4194304 17054.512 21052.788 21057.765 57.3640912034 57.377652404 70.829323759 3.58525570021 3.58610327525 4.42683273494
152 4194304 19021.753 23856.741 23863.274 53.4322497408 53.4468817849 67.0321192794 3.3395156088 3.34043011156 4.18950745496
160 4194304 19359.474 21322.033 23165.318 57.9390828997 62.9479037013 69.3292224778 3.62119268123 3.93424398133 4.33307640487
176 4194304 20456.401 23730.849 25276.459 58.4098828083 62.2141672217 72.1727643098 3.65061767552 3.88838545136 4.51079776936
192 4194304 21026.462 25462.365 30515.329 52.7804480168 63.2546401719 76.5993221304 3.29877800105 3.95341501074 4.78745763315
208 4194304 24322.294 29467.248 29479.971 59.18698034 59.2125353545 71.7379069589 3.69918627125 3.70078345966 4.48361918493
224 4194304 31298.863 31574.105 31592.36 59.477930487 59.5123184648 60.0356694107 3.71737065544 3.71951990405 3.75222933817
240 4194304 29388.907 33674.558 33691.041 59.7567145521 59.7859642285 68.5042802034 3.73479465951 3.73662276428 4.28151751271
264 2097152 15629.028 19299.515 19300.597 57.3710883658 57.3743047947 70.8486961569 3.58569302286 3.58589404967 4.42804350981
288 2097152 16063.009 22538.856 23005.296 52.5078900093 53.5945370076 75.2013244841 3.28174312558 3.34965856297 4.70008278026
312 2097152 18183.222 22475.015 25518.497 51.2813449789 58.2256718405 71.9686999367 3.20508406118 3.63910449003 4.49804374604
336 2097152 18756.428 22820.68 23152.868 60.8687504287 61.7547831178 75.1361689976 3.80429690179 3.85967394486 4.69601056235
368 2097152 19401.462 21189.859 25266.682 61.0885066745 72.8416301402 79.5560598474 3.81803166716 4.55260188376 4.97225374047
400 2097152 22687.204 27361.685 27378.814 61.2780962682 61.316457667 73.9501262474 3.82988101676 3.83227860419 4.62188289046
440 2097152 27316.848 30874.749 30890.522 59.7430422186 59.7735631794 67.5588105919 3.73394013866 3.73584769871 4.22242566199
480 2097152 27201.319 32645.861 35609.914 56.5366689737 61.6698674297 74.0135402993 3.53354181086 3.85436671436 4.6258462687
528 1048576 14489.421 17898.956 18048.732 61.3503627845 61.8637341753 76.4210147528 3.83439767403 3.86648338596 4.77631342205
576 1048576 14957.793 19470.432 19477.008 62.0197697716 62.040716508 80.7578733039 3.87623561073 3.87754478175 5.04736708149
632 1048576 18419.63 21755.463 21760.684 60.90801484 60.9226318925 71.9558462358 3.8067509275 3.80766449328 4.49724038974
688 1048576 22174.469 27318.364 27379.788 52.6972880871 52.8157753517 65.0676494666 3.29358050544 3.30098595948 4.06672809166
752 1048576 20360.323 21723.331 25259.676 62.4338294759 72.5974439187 77.4574305133 3.90211434224 4.53734024492 4.84108940708
824 1048576 25993.103 28063.924 28075.466 61.550296191 61.5756103102 66.4812218841 3.84689351194 3.84847564439 4.15507636776
904 1048576 24531.942 30703.469 30718.615 61.7158491032 61.7462934889 77.2798748668 3.85724056895 3.85914334305 4.82999217918
992 1048576 27941.865 33157.44 33164.004 62.7299039042 62.7423222058 74.4536838897 3.92061899402 3.92139513786 4.65335524311
1088 524288 14703.532 18155.323 18160.863 62.8191891542 62.8383580948 77.5902475677 3.92619932214 3.92739738092 4.84939047298
1192 524288 15516.155 20095.564 20097.501 62.1919407791 62.197935425 80.5549178904 3.88699629869 3.88737096406 5.03468236815
1304 524288 20000.492 23594.853 23796.29 57.4603479786 57.9509058183 68.3654734094 3.59127174866 3.62193161364 4.27284208808
1432 524288 20812.427 25734.73 25932.507 57.9026482862 58.347642738 72.1473200603 3.61891551789 3.64672767113 4.50920750377
1568 524288 23732.059 25618.141 28243.098 58.2148306818 64.1798000878 69.2804264476 3.63842691761 4.01123750548 4.33002665298
1720 524288 25332.722 30429.949 30447.467 59.2348361852 59.268936665 71.1945096149 3.70217726158 3.70430854156 4.44965685093
1888 524288 27199.01 33514.511 33514.636 59.0700578696 59.0702781849 72.7861597904 3.69187861685 3.69189238655 4.5491349869
2072 262144 15900.069 18114.55 18117.741 59.9591712896 59.9697335015 68.3220139485 3.7474482056 3.74810834385 4.27012587178
2272 262144 15384.235 19913.555 20547.74 57.9714526269 59.8176636969 77.4287662662 3.62321578918 3.73860398106 4.83929789164
2496 262144 16712.677 21749.897 24764.733 52.8421949068 60.1668526522 78.3012109909 3.30263718167 3.76042829076 4.89382568693
2744 262144 20199.382 23644.195 26626.114 54.031402104 60.8456440154 71.2222914543 3.3769626315 3.80285275096 4.45139321589
3016 262144 21293.201 25870.505 25882.291 61.0939969727 61.1218299759 74.260915867 3.81837481079 3.82011437349 4.64130724169
3312 262144 28079.033 28450.676 28460.843 61.0116100918 61.0334129143 61.8412270821 3.81322563074 3.81458830715 3.86507669263
3640 262144 25160.776 31003.302 31030.614 61.5008236705 61.5550021091 75.8485477554 3.8438014794 3.84718763182 4.74053423472
4000 262144 26426.113 34121.545 37096.703 56.5320319706 61.4612263308 79.3590794076 3.53325199816 3.84132664567 4.95994246297
4400 131072 18701.466 18705.764 19433.442 59.3530266023 61.6619347919 61.6761060336 3.70956416264 3.85387092449 3.8547566271
4840 131072 16551.545 20432.484 20723.152 61.2250954874 62.0960701597 76.6561043093 3.82656846796 3.88100438498 4.79100651933
5320 131072 18135.651 18147.358 22407.504 62.2383501527 76.8489870537 76.8985949277 3.88989688454 4.80306169085 4.80616218298
5848 131072 19907.498 24572.83 24582.239 62.3628348907 62.386713781 77.0070710041 3.89767718067 3.89916961131 4.81294193776
6432 131072 21465.862 27052.016 27060.134 62.3097508682 62.3284493104 78.5484509311 3.89435942926 3.8955280819 4.90927818319
7072 131072 28098.133 29689.327 32715.783 56.6662998101 62.4427211839 65.9788452137 3.54164373813 3.902670074 4.12367782585
7776 131072 26379.742 32580.241 32597.604 62.533177101 62.5665029304 77.2726186632 3.90832356881 3.91040643315 4.82953866645
8552 65536 13917.913 17845.667 17853.177 62.7858976584 62.8123198757 80.538493379 3.92411860365 3.92576999223 5.03365583619
9400 65536 16855.239 18646.156 19596.08 62.8736359517 66.07671844 73.0975573826 3.92960224698 4.1297949025 4.56859733641
10336 65536 21551.047 21553.651 21557.627 62.8436604827 62.8552532469 62.8628480092 3.92772878017 3.92845332793 3.92892800057
11368 65536 22111.807 23632.52 23645.172 63.0160988467 63.0498353963 67.386012188 3.93850617792 3.94061471227 4.21162576175
12504 65536 21031.763 25976.8 25978.085 63.0887260551 63.0918468788 77.9261485592 3.94304537844 3.94324042992 4.87038428495
13752 65536 28378.556 28547.764 31556.715 57.1194480794 63.1398712698 63.5163446653 3.56996550496 3.94624195436 3.96977154158
15120 65536 31374.794 31384.222 31405.159 63.1045568023 63.1466550294 63.1656303464 3.94403480014 3.94666593934 3.94785189665
16632 32768 14143.368 15232.315 17234.545 63.2447652085 71.5580495808 77.0675522266 3.95279782553 4.4723780988 4.81672201416
18288 32768 14572.237 15047.754 18951.098 63.2428985381 79.6479240689 82.2469719646 3.95268115863 4.97799525431 5.14043574779
20112 32768 19315.453 20823.138 20970.755 62.8522927286 63.2978579886 68.2386290397 3.92826829554 3.95611612428 4.26491431498
22120 32768 22865.055 22873.27 25852.126 56.0749363515 63.3777470384 63.4005175146 3.50468352197 3.9611091899 3.96253234466
24328 32768 21360.105 25152.998 28102.407 56.7339234678 63.3864721812 74.6419461889 3.54587021674 3.96165451132 4.66512163681
26760 32768 22384.818 27645.655 27791.789 63.1029315889 63.4364915572 78.3452141536 3.94393322431 3.96478072232 4.8965758846
29432 32768 30384.995 30393.875 30398.318 63.4527065609 63.4619821263 63.4805288597 3.96579416006 3.9663738829 3.96753305373
32368 32768 27278.903 32323.279 33420.135 63.4727911183 65.626672591 77.7622636805 3.96704944489 4.10166703694 4.86014148003
35600 16384 14876.23 18368.788 18417.474 63.3388053107 63.5066831845 78.4164267425 3.95867533192 3.96916769903 4.90102667141
39160 16384 18245.246 20194.197 20198.258 63.5299776842 63.5427533959 70.3303687985 3.97062360526 3.97142208725 4.39564804991
43072 16384 22207.92 22218.592 22219.762 63.5192805395 63.5226253761 63.5531511281 3.96995503372 3.97016408601 3.9720719455
47376 16384 23464.719 24426.086 24436.848 63.5277007902 63.555690748 66.1596146964 3.97048129939 3.97223067175 4.13497591853
52112 16384 21748.76 26861.533 26872.968 63.5436329921 63.5706836241 78.5150976883 3.97147706201 3.9731677265 4.90719360552
57320 16384 23609.635 29512.878 29535.335 63.5937178298 63.6421076928 79.5548834194 3.97460736437 3.9776317308 4.97218021371
63048 16384 25121.104 32455.197 35489.057 58.2139126436 63.6556562575 82.2398913678 3.63836954022 3.97847851609 5.13999321049
69352 8192 15389.784 17855.656 20886.719 54.4012282638 63.6360359989 73.8323012201 3.40007676648 3.97725224993 4.61451882626
76280 8192 15899.351 19631.114 19647.46 63.6098264101 63.6627916276 78.605190866 3.97561415063 3.97892447673 4.91282442912
83904 8192 17455.308 21601.568 24643.24 55.7833765365 63.6381181218 78.7544474151 3.48646103353 3.97738238261 4.92215296344
92288 8192 23749.531 23754.609 23766.29 63.6214820235 63.6527670062 63.6663769066 3.97634262647 3.97829793789 3.97914855666
101512 8192 26120.299 26121.321 26122.587 63.6679900042 63.6710757469 63.6735669833 3.97924937526 3.97944223418 3.97959793646
111656 8192 23686.969 28249.547 28732.008 63.6701724432 64.7575659886 77.2311520313 3.9793857777 4.04734787429 4.82694700196
122816 8192 24767.15 29967.893 34610.017 58.1397386774 67.1457731112 81.2454135417 3.63373366734 4.19661081945 5.07783834636
135096 4096 17369.879 17371.807 17386.686 63.6525230858 63.7070416451 63.7141129193 3.97828269286 3.98169010282 3.98213205745
148600 4096 16918.53 19106.464 22325.778 54.5258131654 63.7130554351 71.9525396119 3.40786332284 3.98206596469 4.49703372574
163456 4096 17019.844 21021.01 21024.914 63.6878491869 63.6996772277 78.6747253383 3.98049057418 3.98122982673 4.91717033364
179800 4096 18428.651 23121.256 23128.007 63.6856258302 63.7042209126 79.9256331893 3.98035161439 3.98151380704 4.99535207433
197776 4096 25426.632 25437.078 25443.538 63.6775039698 63.6936755079 63.7198427224 3.97984399811 3.98085471924 3.98249017015
217552 4096 26172.016 27970.159 27983.678 63.6866241814 63.7174062543 68.0950976035 3.98041401134 3.98233789089 4.25594360022
239304 4096 25063.642 27437.908 30755.729 63.7402666671 71.447807464 78.2160217577 3.98376666669 4.4654879665 4.88850135986
263232 2048 13701.096 14969.705 16921.942 63.7159890987 72.0253520026 78.694308251 3.98224931867 4.50158450016 4.91839426569
289552 2048 15075.57 18604.564 18616.786 63.7062160998 63.7480669797 78.6706566982 3.98163850624 3.98425418623 4.91691604364
318504 2048 20462.198 20470.152 20470.635 63.7299421342 63.7314458632 63.7562193465 3.98312138339 3.98321536645 3.98476370916
350352 2048 18774.813 22509.221 22518.331 63.7277155221 63.7535075958 76.4344119965 3.98298222013 3.98459422474 4.77715074978
385384 2048 20726.942 24772.316 24775.165 63.714322952 63.7216505715 76.158502494 3.9821451845 3.98260316072 4.75990640588
423920 2048 27232.11 27245.404 30344.899 57.2213576984 63.7309808289 63.7620926179 3.57633485615 3.98318630181 3.98513078862
466312 2048 26050.566 29955.39 29972.022 63.7265631261 63.7619457467 73.3194799683 3.98291019538 3.98512160917 4.58246749802
512936 2048 26520.944 30662.08 32971.997 63.7203095706 68.5206566547 79.2198745263 3.98251934816 4.28254104092 4.9512421579
564224 1024 14679.705 18129.696 18135.301 63.7172083331 63.7369072267 78.716210714 3.98232552082 3.98355670167 4.91976316963
620640 1024 16810.884 19946.408 19949.22 63.71530917 63.7242916118 75.6099869584 3.98220682312 3.98276822574 4.7256241849
682704 1024 18868.739 21924.977 22329.143 62.6167243409 63.7710038191 74.1002242916 3.91354527131 3.98568773869 4.63126401823
750968 1024 19539.829 24125.413 24271.835 63.364902736 63.7494771178 78.7101291419 3.960306421 3.98434231986 4.91938307137
826064 1024 26535.174 26549.429 26557.168 63.7032936644 63.7218627941 63.7560949101 3.98145585403 3.98261642463 3.98475593188
908664 1024 28214.359 29192.889 29206.618 63.7165135655 63.7464785345 65.957333002 3.98228209785 3.98415490841 4.12233331262
999528 1024 26013.759 32121.953 32128.732 63.7134806316 63.7269266909 78.690409333 3.98209253948 3.98293291818 4.91815058331
1099480 512 13597.227 16069.537 17684.458 63.6642366987 70.0622251904 82.8012594038 3.97901479367 4.3788890744 5.17507871274
1209424 512 15753.124 19445.579 19542.868 63.3709533319 63.6880072329 78.6161637527 3.96068458325 3.98050045206 4.91351023454
1330360 512 18235.569 21396.211 21854.069 62.3356977595 63.6696207567 74.7050251078 3.89598110997 3.97935129729 4.66906406924
1463392 512 22845.687 23530.913 26620.622 56.2914498392 63.6827567209 65.5928363196 3.51821561495 3.98017229506 4.09955226998
1609728 512 20577.751 25900.103 29046.591 56.7488787927 63.6430469794 80.1040634616 3.54680492454 3.97769043621 5.00650396635
1770696 512 28501.361 28510.919 30494.229 59.4601917628 63.5964313883 63.6177586046 3.71626198518 3.97477696177 3.97610991279
1947760 512 28141.757 31346.976 33553.118 59.4432457812 63.6267511099 70.8735506458 3.71520286133 3.97667194437 4.42959691536
2142536 256 14016.888 17254.803 18499.785 59.2968205847 63.5752510185 78.2611969219 3.70605128654 3.97345318866 4.89132480762
2356784 256 15253.805 16944.179 20373.062 59.2288683949 71.2146282213 79.1063874227 3.70180427468 4.45091426383 4.94414921392
2592456 256 17312.048 20883.553 22424.53 59.1913173654 63.5589869214 76.67131422 3.69945733534 3.97243668259 4.79195713875
2851696 256 18640.376 22640.069 22968.49 63.5683212958 64.4904550423 78.328267198 3.97302008099 4.03065344015 4.89551669988
3136864 256 19973.78 25640.01 28505.289 56.3430305162 62.6393814979 80.4091347757 3.52143940726 3.91496134362 5.02557092348
3450544 256 21496.428 27792.84 27990.202 63.1177484178 63.5659590024 82.1847484615 3.94485927611 3.97287243765 5.13654677884
3795592 256 30576.223 30956.515 32865.229 59.1306728458 62.7765465202 63.5573302824 3.69566705286 3.92353415751 3.97233314265
4175144 256 28607.807 34040.0 36077.112 59.252906053 62.7988756757 74.7234392346 3.70330662831 3.92492972973 4.67021495216
4592656 128 18119.861 18968.938 19881.341 59.1368527908 61.9813263136 64.8857039245 3.69605329942 3.8738328946 4.05535649528
5051920 128 17839.004 20688.016 21883.554 59.0987880671 62.5140429126 72.4979668147 3.69367425419 3.90712768204 4.53112292592
5557112 128 18225.217 22945.16 24052.371 59.1467956319 62.0009044173 78.0578180221 3.69667472699 3.87505652608 4.87861362638
6112816 128 19040.918 23740.771 24708.8 63.3329379007 65.9153359425 82.1851601903 3.95830861879 4.11970849641 5.13657251189
6724096 128 21076.188 27192.73 27263.354 63.1385476637 63.3025288744 81.673620296 3.94615922898 3.95640805465 5.1046012685
7396504 128 23317.67 29883.101 29924.401 63.2762882706 63.3637393924 81.2047268874 3.95476801691 3.96023371202 5.07529543046
8136152 128 27346.056 33066.795 37074.487 56.1802759941 62.9893194064 76.1665562303 3.51126724963 3.9368324629 4.76040976439
8949760 64 14817.781 19678.93 21675.674 52.850457153 58.2129861735 77.3104474955 3.30315357206 3.63831163585 4.83190296847
9844736 64 20085.346 20142.617 21701.878 58.0653069748 62.5602029766 62.7385860318 3.62908168593 3.91001268604 3.92116162699
10829208 64 19617.382 22229.012 24188.859 57.304837074 62.3571854656 70.6586956404 3.58155231712 3.8973240916 4.41616847753
11912128 64 20137.269 24673.769 26848.488 56.7909963496 61.7964926234 75.7179329531 3.54943727185 3.86228078896 4.73237080957
13103336 64 20836.201 22707.572 27335.849 61.3563166814 73.8620143096 80.4958162959 3.83476979259 4.61637589435 5.03098851849
14413664 64 23341.041 30207.606 30360.541 60.7679880276 61.0756440613 79.0431323093 3.79799925173 3.81722775383 4.94019576933
15855024 64 27563.109 36876.39 37606.569 53.9651216786 55.0336698359 73.6289607968 3.37282010491 3.43960436474 4.6018100498
17440520 32 15474.02 19230.42 22641.839 49.2978189625 58.0431046228 72.1333745206 3.08111368516 3.62769403892 4.50833590754
19184568 32 21559.417 21653.169 23350.86 52.5810335037 56.70358699 56.9501648398 3.28631459398 3.54397418687 3.55938530249
21103024 32 24201.254 24206.055 28297.772 47.7279107345 55.7956897974 55.8067584432 2.9829944209 3.48723061234 3.4879224027
23213320 32 25127.282 27201.277 27596.223 53.8353556572 54.6170122822 59.1250768786 3.36470972857 3.41356326764 3.69531730491
25534648 32 24340.158 25649.411 30565.021 53.4669180172 63.7136451983 67.1407914443 3.34168237607 3.9821028249 4.19629946527
28088112 32 33322.169 34218.64 35893.797 50.0821679022 52.5339162515 53.9472435903 3.13013549388 3.28336976572 3.37170272439
30896920 32 33842.824 38070.599 40773.104 48.4977273253 51.9404194297 58.4290152618 3.03110795783 3.24627621436 3.65181345387
33986608 16 22292.628 22340.547 25359.593 42.8859980521 48.6815052469 48.7861483177 2.68037487826 3.04259407793 3.04913426986
37385264 16 25223.063 27583.017 29081.083 41.1376855532 43.3719214979 47.4299433023 2.57110534707 2.71074509362 2.96437145639
41123784 16 26272.898 27821.969 28571.46 46.0585874156 47.2993513867 50.088158832 2.87866171347 2.95620946167 3.130509927
45236160 16 29764.573 32050.722 32423.152 44.645786443 45.1645713317 48.6335590973 2.79036165269 2.82278570823 3.03959744358
49759776 16 34555.513 35573.228 37444.249 42.5248970009 44.761550231 46.0798493138 2.65780606255 2.79759688944 2.87999058211
54735752 16 39827.192 43523.211 45023.274 38.9030807489 40.2439071878 43.9785979388 2.4314425468 2.51524419924 2.74866237118
60209320 16 42232.79 45078.027 48297.529 39.8922735778 42.7414056964 45.6209083037 2.49326709861 2.67133785602 2.85130676898
66230248 16 47734.413 50476.754 50885.939 41.6493824748 41.987009228 44.399162005 2.60308640467 2.62418807675 2.77494762531
72853272 8 29618.875 30537.799 31654.303 36.8244517025 38.1708043857 39.3550515339 2.30152823141 2.38567527411 2.45969072087
80138592 8 33883.967 34239.338 37749.718 33.9662794832 37.4486642236 37.8414213424 2.1228924677 2.34054151397 2.3650888339
88152448 8 37004.287 37767.215 37894.506 37.2201492216 37.3455963856 38.1155612592 2.32625932635 2.3340997741 2.3822225787
96967688 8 40410.08 41871.97 42101.006 36.8514473977 37.0530215798 38.3934653928 2.30321546236 2.31581384874 2.39959158705
106664456 8 45132.543 48077.891 49971.186 34.1523072116 35.4972162984 37.8137632528 2.13451920072 2.21857601865 2.3633602033
117330896 8 51384.77 51729.312 54575.08 34.3983799199 36.2907269287 36.5340612792 2.14989874499 2.26817043304 2.28337882995
129063984 8 53326.871 57103.176 57269.779 36.0578263101 36.1630278498 38.723887325 2.25361414438 2.26018924061 2.42024295781
141970376 4 36763.027 38296.064 38727.685 29.3269016209 29.6574344559 30.8941646182 1.83293135131 1.8535896535 1.93088528864
156167408 4 40098.817 43058.103 43633.402 28.6326347875 29.0151952119 31.1565117744 1.78953967422 1.81344970075 1.9472819859
171784144 4 45666.816 45985.088 47683.032 28.8210102076 29.8851913038 30.0934742637 1.80131313797 1.86782445648 1.88084214148
188962552 4 50456.008 51190.343 54509.266 27.7329072088 29.5309686829 29.9607613825 1.73330670055 1.84568554268 1.8725475864
207858800 4 54968.212 55769.896 60484.364 27.4925665086 29.8166308218 30.2514915348 1.71828540679 1.86353942636 1.89071822092
228644680 4 61474.655 61662.886 62131.419 29.4401362377 29.6638311739 29.7546597049 1.84000851485 1.85398944837 1.85966623156
251509144 4 68662.744 70852.321 71599.615 28.1017314409 28.3981261814 29.3037102042 1.75635821505 1.77488288633 1.83148188776
276660056 2 49406.784 49715.459 53704.1 20.6062521111 22.2594791692 22.3985480213 1.28789075694 1.39121744808 1.39990925133
304326056 2 53235.873 53964.848 74813.483 16.2711876949 22.5573548173 22.8662395374 1.01694923093 1.40983467608 1.42913997109
334758656 2 60647.023 61073.539 63623.671 21.0461704418 21.9249554869 22.0791484522 1.31538565261 1.37030971793 1.37994677826
368234520 2 67256.522 67625.023 70522.101 20.8861911247 21.7809623518 21.9003010593 1.30538694529 1.36131014699 1.3687688162
405057968 2 72864.394 74149.178 74458.671 21.7601502987 21.8509755024 22.2362635995 1.36000939367 1.3656859689 1.38976647497
445563760 2 83565.604 83826.754 85089.195 20.9457268928 21.2611720597 21.3276151274 1.3091079308 1.32882325373 1.33297594546
490120136 2 90088.63 93241.996 93482.21 20.9716965827 21.0257247603 21.7616867301 1.31073103642 1.31410779752 1.36010542063
539132144 1 49666.215 53030.644 106050.134 10.167495762 20.3328529821 21.7102166533 0.635468485122 1.27080331138 1.35688854083
593045352 1 54616.099 55240.409 100131.412 11.8453408407 21.471432335 21.7168696724 0.740333802543 1.34196452094 1.35730435453
652349880 1 60728.695 61781.131 111142.341 11.7389983715 21.1180944551 21.4840737151 0.733687398217 1.31988090344 1.34275460719
717584864 1 63675.32 67982.989 107948.387 13.2949622304 21.110718271 22.5388695023 0.830935139401 1.31941989194 1.4086793439
789343344 1 72154.639 74538.589 129068.393 12.2313964814 21.1794549532 21.8792126172 0.764462280087 1.32371593457 1.36745078858
868277672 1 79545.366 83223.686 148512.595 11.6929836422 20.8661190998 21.8310057685 0.730811477639 1.30413244374 1.36443786053
955105432 1 88412.089 90440.032 142801.793 13.3766588211 21.1212979668 21.6057655192 0.836041176318 1.32008112293 1.35036034495
1050615968 1 94911.325 98993.742 173459.355 12.1136847073 21.2259067447 22.1388958167 0.757105294206 1.32661917154 1.38368098854

META_DATA
ERT_VERSION  1.1.0
CONFIG  {'ERT_WORKING_SET_MIN': ['1'], 'ERT_CFLAGS': ['-O3'], 'ERT_CC': ['gcc'], 'ERT_OPENMP_LDFLAGS': ['-fopenmp'], 'ERT_MEMORY_MAX': ['1073741824'], 'ERT_LDFLAGS': [], 'ERT_LDLIBS': [], 'ERT_SPEC_GBYTES_DRAM': ['300'], 'ERT_RUN': ['export', 'KMP_AFFINITY=scatter;', 'export', 'OMP_NUM_THREADS=ERT_OPENMP_THREADS;', 'ERT_CODE'], 'ERT_FLOPS': ['1,2,4,8,16'], 'ERT_OPENMP_CFLAGS': ['-fopenmp'], 'ERT_SPEC_GFLOPS': ['1000'], 'ERT_MPI': [False], 'ERT_TRIALS_MIN': ['1'], 'ERT_DRIVER': ['driver1'], 'ERT_RESULTS': ['Results.madonna.lbl.gov.02'], 'ERT_OPENMP': ['True'], 'ERT_OPENMP_THREADS': ['1,2,4,8,16,32,48,64,80,96,112,128,144,160'], 'ERT_KERNEL': ['kernel1'], 'ERT_GPU': [False], 'ERT_LD': ['gcc'], 'ERT_NUM_EXPERIMENTS': ['3'], 'ERT_ALIGN': ['32'], 'ERT_GNUPLOT': ['gnuplot']}
TIMESTAMP_DATA  1634099526.26
UNAME  ('Linux', 'pmemMachine0', '5.9.13-derrick-pmo', '#120 SMP Tue Sep 28 02:02:07 EDT 2021', 'x86_64', 'x86_64')
OPENMP_THREADS 1
FLOPS          1
TIMESTAMP_DATA  1634099500.98
TIMESTAMP_DATA  1634099513.13
HOSTNAME  ('pmemMachine0', ['pmemMachine0.local'], ['fe80::f035:4ef3:770d:269e'])
