64 16777216 39232.391 39592.882 40596.79 52.8978682305 54.2391343979 54.7375164567 3.3061167644 3.38994589987 3.42109477855
128 8388608 25427.461 27197.161 27242.716 78.8278102668 78.9598461398 84.4552921741 4.92673814167 4.93499038374 5.27845576088
192 4194304 13531.61 17368.027 17406.978 92.5268438898 92.7343523821 119.025950053 5.78292774312 5.79589702388 7.43912187833
256 4194304 13336.172 16481.959 16880.189 127.219170828 130.292985682 161.026990954 7.95119817675 8.14331160513 10.0641869346
320 2097152 9331.139 9685.943 10561.822 127.07819541 138.569603393 143.838526036 7.94238721312 8.66060021208 8.98990787727
384 2097152 4023.411 9117.367 11057.394 145.659342156 176.653274569 400.310268079 9.10370888475 11.0408296606 25.0193917549
448 2097152 4951.404 9716.927 12258.454 153.2859031 193.378852388 379.498055905 9.58036894375 12.0861782743 23.7186284941
512 2097152 4642.966 9036.697 11365.768 188.943118318 237.640328983 462.524095158 11.8089448949 14.8525205614 28.9077559474
576 1048576 2936.126 5554.419 5649.904 213.801783535 217.477210848 411.412709128 13.3626114709 13.592325678 25.7132943205
640 1048576 2784.489 5259.03 6349.436 211.385275795 255.213847421 482.019243028 13.2115797372 15.9508654638 30.1262026893
704 1048576 3402.545 6427.346 6595.578 223.846190281 229.705232611 433.90903221 13.9903868926 14.3565770382 27.1193145131
768 1048576 3251.733 6137.845 6669.713 241.481565399 262.406876681 495.30903552 15.0925978374 16.4004297925 30.95681472
832 1048576 3868.422 7301.859 7415.065 235.308856227 238.957019575 451.044499282 14.7068035142 14.9348137235 28.1902812051
896 1048576 3712.344 7014.545 7279.592 258.125481758 267.878842035 506.162196176 16.1328426099 16.7424276272 31.635137261
960 1048576 4331.908 4333.539 8184.362 245.989353843 464.577778116 464.752695579 15.3743346152 29.0361111323 29.0470434737
1024 1048576 7324.028 7886.268 9995.498 214.845088059 272.306704261 293.210737043 13.4278180037 17.0191690163 18.3256710652
1088 524288 4793.551 5935.741 5966.0 191.225391887 192.200213587 237.996985533 11.951586993 12.0125133492 14.8748115958
1152 524288 5640.931 5873.923 6100.567 198.007751083 205.647835697 214.141876935 12.3754844427 12.8529897311 13.3838673084
1216 524288 6173.252 6383.311 6387.994 199.603884412 199.750320171 206.547281076 12.4752427757 12.4843950107 12.9092050673
1280 524288 6204.129 6404.28 6661.362 201.486915138 209.575046688 216.336133565 12.5929321961 13.098440418 13.5210083478
1408 524288 6739.559 6764.069 7031.116 209.980180671 218.270246504 219.06403787 13.1237612919 13.6418904065 13.6915023668
1536 524288 7334.072 8058.082 8459.578 190.389252986 199.875446291 219.606889052 11.8993283116 12.4922153932 13.7254305657
1664 524288 7888.187 8466.405 8733.928 199.776144708 206.088707545 221.195372777 12.4860090443 12.8805442215 13.8247107986
1792 524288 8433.684 8459.895 8775.673 214.12012412 222.112472082 222.802774209 13.3825077575 13.8820295051 13.925173388
1920 524288 9043.399 9216.358 9508.447 211.734463052 218.444847737 222.622701929 13.2334039407 13.6528029836 13.9139188705
2112 262144 5152.334 5201.332 5423.272 204.174943835 212.887055854 214.911582984 12.7609339897 13.3054409909 13.4319739365
2304 262144 5478.479 5700.113 5762.438 209.626472684 211.918527229 220.49177372 13.1016545427 13.2449079518 13.7807358575
2496 262144 6271.343 6475.24 6477.03 202.040572299 202.096423916 208.667082633 12.6275357687 12.6310264948 13.0416926646
2688 262144 6141.663 6434.234 6678.664 211.013182277 219.029358273 229.463281199 13.1883238923 13.6893348921 14.341455075
2944 262144 6585.105 6875.096 7236.583 213.291808026 224.506519182 234.393205879 13.3307380016 14.0316574489 14.6495753674
3200 262144 7127.941 7634.341 7833.242 214.179722776 219.759845676 235.372543067 13.3862326735 13.7349903548 14.7107839417
3520 262144 8392.424 8609.857 8806.579 209.558531184 214.346621552 219.899966923 13.097408199 13.396663847 13.7437479327
3840 262144 8544.458 8725.805 9267.01 217.250863008 230.725522745 235.622425671 13.578178938 14.4203451716 14.7264016044
4224 131072 4813.983 4877.496 5111.401 216.632632814 227.021458552 230.016652738 13.5395395509 14.1888411595 14.3760407962
4608 131072 5316.712 5432.548 5555.705 217.426870577 222.355983233 227.200486316 13.5891794111 13.8972489521 14.2000303947
5056 131072 5662.723 5845.09 6231.127 212.706315246 226.754432182 234.057018858 13.2941447029 14.1721520113 14.6285636786
5504 131072 6515.34 6660.118 7147.123 201.877115589 216.638890782 221.452844518 12.6173197243 13.5399306739 13.8408027824
6016 131072 6445.614 6581.07 7191.639 219.29052668 239.635546195 244.671540058 13.7056579175 14.9772216372 15.2919712536
6592 131072 7188.438 7402.011 7974.374 216.700802847 233.4572656 240.393427334 13.5438001779 14.5910791 15.0245892084
7232 131072 7450.069 7686.501 8486.47 223.393873778 246.643486809 254.470852283 13.9621171111 15.4152179256 15.9044282677
7936 131072 7566.892 7788.73 8597.17 241.983674163 267.100642082 274.931211388 15.1239796352 16.6937901301 17.1832007117
8704 65536 2430.062 4151.075 4684.863 243.518473859 274.832588667 469.473901489 15.2199046162 17.1770367917 29.3421188431
9536 65536 2699.13 4080.413 4133.063 302.415567341 306.317667354 463.076099336 18.9009729588 19.1448542096 28.9422562085
10432 65536 2961.318 3074.743 4355.17 313.958606438 444.701590995 461.734641129 19.6224129024 27.7938494372 28.8584150706
11456 65536 3020.27 3233.931 4666.623 321.766046239 464.314430951 497.16112533 20.11037789 29.0196519344 31.0725703331
12544 65536 3201.768 3335.448 5137.226 320.049608096 492.937430894 513.518521017 20.003100506 30.8085894309 32.0949075636
13760 65536 3353.205 3514.825 5778.261 312.126904617 513.12674742 537.858770937 19.5079315386 32.0704217137 33.6161731836
15104 65536 3690.876 3808.037 5590.525 354.119065383 519.87716716 536.379842617 22.1324415864 32.4923229475 33.5237401636
16576 32768 1995.192 1997.867 2114.764 513.686035889 543.74226913 544.47127695 32.105377243 33.9838918206 34.0294548094
18176 32768 2193.764 2194.947 2265.037 525.899725258 542.692983475 542.985633824 32.8687328286 33.9183114672 33.936602114
19968 32768 2401.027 2417.163 2532.587 516.713877154 541.38791964 545.026294165 32.2946173221 33.8367449775 34.0641433853
21952 32768 2605.385 2606.858 2704.394 531.966226815 551.869826435 552.181835698 33.2478891759 34.4918641522 34.5113647311
24128 32768 2852.425 2854.021 2974.473 531.607652179 554.043788746 554.353789495 33.2254782612 34.6277367966 34.6471118434
26496 32768 3136.748 3137.908 3236.098 536.5850651 553.375642626 553.580286335 33.5365665688 34.5859776641 34.5987678959
29120 32768 3416.805 3419.487 3562.44 535.702585868 558.097843331 558.53591879 33.4814116168 34.8811152082 34.9084949244
32000 32768 3759.92 3768.797 3775.716 555.431605555 556.451302631 557.765058831 34.7144753472 34.7782064144 34.8603161769
35200 16384 2061.063 2064.11 2134.756 540.311679649 558.804327289 559.630443126 33.769479978 34.9252704555 34.9769026954
38720 16384 2252.504 2334.801 2542.784 498.971583902 543.419743267 563.274009724 31.1857239939 33.9637339542 35.2046256078
42560 16384 2466.085 2469.223 2546.971 547.554754255 564.795516646 565.514197605 34.2221721409 35.2997197904 35.3446373503
46784 16384 2706.354 2709.416 2796.206 548.249346436 565.811271506 566.451436878 34.2655841522 35.3632044692 35.4032148049
51456 16384 2978.731 2983.185 3009.441 560.273555122 565.204708391 566.049840687 35.0170971951 35.3252942744 35.3781150429
56576 16384 3269.307 3270.452 3329.729 556.766742278 566.858149271 567.056678373 34.7979213924 35.4286343294 35.4410423983
62208 16384 3592.34 3593.518 4159.16 490.106594601 567.252409477 567.438422866 30.6316621626 35.4532755923 35.4649014292
68416 8192 1965.514 1967.739 2391.788 468.656814065 569.652654138 570.297511999 29.2910508791 35.6032908836 35.6435945
75200 8192 2156.412 2159.106 2644.239 465.947593996 570.642108354 571.355010082 29.1217246247 35.6651317721 35.7096881301
82688 8192 2372.312 2376.639 2888.331 469.046031082 570.031961943 571.071676913 29.3153769426 35.6269976214 35.691979807
90944 8192 2615.175 2683.019 3184.764 467.860882627 555.354433196 569.761677899 29.2413051642 34.7096520748 35.6101048687
100032 8192 2859.421 2862.451 3668.078 446.807371054 572.55977063 573.166486502 27.9254606909 35.7849856644 35.8229054064
110016 8192 3433.761 5684.975 6154.459 292.877431469 317.064216465 524.935236902 18.3048394668 19.8165135291 32.8084523064
120960 8192 4528.015 7395.013 7522.633 263.446141796 267.992583651 437.67713667 16.4653838623 16.7495364782 27.3548210419
133056 4096 2485.816 4363.617 4373.753 249.212690337 249.79157245 438.485693229 15.5757931461 15.6119732781 27.4053558268
146304 4096 2738.932 4669.975 4782.171 250.623068058 256.644279252 437.587485925 15.6639417537 16.0402674533 27.3492178703
160896 4096 3004.051 5168.555 5246.715 251.216243307 255.015189352 438.760870571 15.7010152067 15.9384493345 27.4225544107
176960 4096 3299.671 5654.702 5794.265 250.188129124 256.362991365 439.333594167 15.6367580703 16.0226869603 27.4583496355
194624 4096 3632.67 6283.541 6337.969 251.556895908 253.735880453 438.894754547 15.7223059942 15.8584925283 27.4309221592
214080 4096 3992.696 6534.678 6973.017 251.504242712 268.374870193 439.237888384 15.7190151695 16.773429387 27.452368024
235456 4096 4383.891 7593.709 7665.04 251.643246741 254.007040828 439.987114643 15.7277029213 15.8754400518 27.4991946652
258944 4096 4825.568 8423.362 8685.432 244.233015468 251.831661515 439.58954635 15.2645634667 15.7394788447 27.4743466469
284800 2048 2647.996 4635.639 4785.058 243.788225764 251.646170032 440.537221355 15.2367641103 15.727885627 27.5335763347
313280 2048 2975.962 5132.847 5327.241 240.874193602 249.996713325 431.186581011 15.0546371001 15.6247945828 26.9491613132
344576 2048 3278.515 5685.804 5836.338 241.82686061 248.229326231 430.494689211 15.1141787881 15.5143328894 26.9059180757
379008 2048 3524.292 6256.507 6405.547 242.35506632 248.128351491 440.490392964 15.147191645 15.5080219682 27.5306495603
416896 2048 3987.756 6914.87 6988.731 244.33706434 246.946944194 428.212261733 15.2710665212 15.4341840121 26.7632663583
458560 2048 4335.303 7480.005 7620.073 246.488683245 251.104345518 433.248093617 15.4055427028 15.6940215949 27.078005851
504384 2048 4749.452 8333.949 8344.988 247.568584161 247.896509086 434.988471091 15.4730365101 15.4935318179 27.1867794432
554816 1024 2600.092 4542.064 4621.031 245.889535907 250.164499664 437.008831995 15.3680959942 15.635281229 27.3130519997
610240 1024 2930.342 4954.807 5065.154 246.739096185 252.234147566 426.493399064 15.4211935116 15.7646342229 26.6558374415
671232 1024 3185.532 5558.051 5582.175 246.262995338 247.331867952 431.539578318 15.3914372086 15.458241747 26.9712236449
738304 1024 3493.762 6112.052 6132.263 246.57236521 247.387717251 432.784657913 15.4107728256 15.4617323282 27.0490411196
812096 1024 3870.955 6664.202 6749.346 246.419817268 249.568156547 429.654338012 15.4012385793 15.5980097842 26.8533961258
893248 1024 4241.526 7435.185 10839.087 168.775460885 246.042553615 431.300410277 10.5484663053 15.3776596009 26.9562756423
982528 1024 4638.962 7993.891 8026.657 250.691831481 251.719387217 433.76456716 15.6682394676 15.7324617011 27.1102854475
1080768 512 2571.016 4388.263 4389.158 252.145498522 252.196924387 430.454898764 15.7590936576 15.7623077742 26.9034311727
1188800 512 2847.216 4732.107 4840.763 251.47506705 257.249297195 427.5514046 15.7171916906 16.0780810747 26.7219627875
1307648 512 3117.3 5238.808 5247.737 255.163616622 255.598516304 429.548504154 15.9477260389 15.974907269 26.8467815096
1438400 512 3389.275 5634.774 5650.271 260.681585007 261.398522816 434.583089304 16.2925990629 16.337407676 27.1614430815
1582208 512 3739.609 5967.145 6170.711 262.559856068 271.516946882 433.248767986 16.4099910043 16.9698091801 27.0780479991
1740416 512 4139.044 6241.125 6540.99 272.464257551 285.555245889 430.579134699 17.029016097 17.8472028681 26.9111959187
1914432 512 4445.883 6417.123 6765.377 289.766315757 305.491786272 440.942410765 18.1103947348 19.093236642 27.5589006728
2105856 256 2527.914 3261.163 3467.19 310.971787528 330.617718894 426.516990689 19.4357367205 20.6636074308 26.657311918
2316416 256 2744.699 3587.405 3637.484 326.050916513 330.602480623 432.107488654 20.378182282 20.6626550389 27.0067180408
2548032 256 3731.111 3944.762 4875.333 267.59041567 330.71510626 349.652525481 16.7244009794 20.6696941412 21.8532828426
2802816 256 3251.5 4131.422 4361.355 329.035768012 347.34815083 441.347621713 20.5647355008 21.7092594269 27.5842263571
3083072 256 3580.33 4541.18 4794.479 329.239707589 347.604116992 440.890326869 20.5774817243 21.725257312 27.5556454293
3391360 256 3993.759 5272.398 5275.648 329.130434783 329.333316643 434.77243369 20.5706521739 20.5833322902 27.1732771056
3730496 256 3305.418 4384.109 5797.053 329.48016035 435.667532901 577.843392878 20.5925100219 27.2292208063 36.1152120549
4103488 256 3649.658 4846.808 5497.779 382.151748188 433.478251253 575.66650245 23.8844842617 27.0923907033 35.9791564031
4513792 128 1996.994 1997.173 2675.942 431.822046965 578.583203358 578.635064502 26.9888779353 36.1614502099 36.1646915314
4965120 128 2201.965 2227.6 2912.981 436.347068518 570.600969653 577.243834484 27.2716917824 35.6625606033 36.0777396553
5461632 128 2417.124 2434.579 3196.111 437.462213296 574.299618948 578.446861642 27.341388331 35.8937261843 36.1529288526
6007744 128 2661.734 2669.303 3507.051 438.540090806 576.173804173 577.812232176 27.4087556754 36.0108627608 36.113264511
6608512 128 2927.983 2947.547 3852.865 439.096379448 573.961694928 577.796753601 27.4435237155 35.872605933 36.1122971001
7269312 128 3232.475 3238.677 4238.076 439.101109088 574.600020934 575.70247937 27.443819318 35.9125013084 35.9814049606
7996224 128 3541.811 3567.943 4643.312 440.856299124 573.729273141 577.9623317 27.5535186953 35.8580795713 36.1226457312
8795840 64 1956.12 1971.93 2555.083 440.638335428 570.947001161 575.561581089 27.5398959642 35.6841875726 35.9725988181
9675392 64 2163.817 2392.787 2820.898 439.026925468 517.576439524 572.345154881 27.4391828418 32.3485274703 35.7715721801
10642880 64 2420.768 2449.967 3108.551 438.239115266 556.04366916 562.750598157 27.3899447041 34.7527293225 35.1719123848
11707136 64 2759.026 2799.223 3301.359 453.908044536 535.331914606 543.131310832 28.3692527835 33.4582446629 33.945706927
12877824 64 3059.569 3200.504 3514.108 469.069667751 515.031842485 538.756103229 29.3168542344 32.1894901553 33.6722564518
14165568 64 3362.683 3563.088 3875.459 467.86527841 508.882380677 539.210120014 29.2415799006 31.8051487923 33.7006325009
15582080 64 3734.422 4088.964 4279.693 466.03955938 487.777891906 534.086999273 29.1274724612 30.4861182441 33.3804374546
17140288 32 2038.822 2360.198 2394.853 458.056687404 464.782375038 538.04522023 28.6285429628 29.0488984399 33.6278262644
18854272 32 2233.956 2554.348 2630.448 458.733040151 472.399770117 540.150928666 28.6708150095 29.5249856323 33.7594330417
20739648 32 2465.678 2853.21 2897.114 458.158523275 465.208474665 538.325552647 28.6349077047 29.0755296666 33.6453470404
22813568 32 2718.306 3177.504 3240.807 450.526165859 459.501656646 537.124353182 28.1578853662 28.7188535404 33.5702720739
25094912 32 3015.52 3712.187 4253.119 377.622720643 432.649100921 532.602790895 23.6014200402 27.0405688076 33.2876744309
27604352 32 4286.114 7472.479 11496.779 153.667260021 236.424689584 412.186546601 9.60420375133 14.776543099 25.7616591626
30364736 32 5119.167 7864.111 9345.811 207.937342623 247.115421438 379.620962551 12.996083914 15.4447138399 23.7263101594
33401152 32 7162.607 9210.095 12083.863 176.903174755 232.101159434 298.449116083 11.0564484222 14.5063224646 18.6530697552
36741248 16 5200.558 5281.686 9190.608 127.926241224 222.60314907 226.075728028 7.99539007648 13.9126968169 14.1297330017
40415360 16 6516.222 8012.1 12146.091 106.478003499 161.417296339 198.472599614 6.6548752187 10.0885810212 12.4045374759
44456896 16 8606.478 9474.753 15130.848 94.0212122942 150.148576116 165.296497824 5.87632576839 9.38428600724 10.331031114
48902528 16 11594.18 14789.573 17126.127 91.3738929999 105.809741498 134.971243848 5.71086831249 6.61310884364 8.43570274051
53792768 16 13838.452 17637.354 20160.353 85.3838509673 97.5978922916 124.390255211 5.33649068546 6.09986826822 7.77439095066
59172032 16 15838.039 21868.731 23025.195 82.2362209745 86.5850434577 119.554259464 5.1397638109 5.41156521611 7.47214121647
65089216 16 18725.457 25042.482 26304.61 79.1821248063 83.1728624982 111.231192488 4.94888280039 5.19830390614 6.95194953052
71598080 8 11995.306 15819.28 16844.06 68.0102825566 72.4160189339 95.5014636559 4.25064265979 4.52600118337 5.96884147849
78757888 8 13731.588 18158.423 18528.368 68.0106422757 69.3962360057 91.7684253271 4.25066514223 4.33726475036 5.73552658294
86633664 8 15913.529 20143.381 20423.411 67.8700841892 68.8136030391 87.1044143634 4.24188026182 4.30085018995 5.44402589771
95297024 8 18308.395 22876.002 22889.587 66.6133637099 66.652922307 83.2815975404 4.16333523187 4.16580764419 5.20509984627
104826688 8 19881.95 25539.201 26129.446 64.1891530345 65.6726499784 84.3592810564 4.01182206465 4.10454062365 5.27245506603
115309312 8 21079.428 28434.081 29520.802 62.4965741784 64.8851282375 87.5236743616 3.90603588615 4.05532051484 5.4702296476
126840192 8 21667.377 32754.264 33073.247 61.3620752749 61.9596603361 93.6635326002 3.83512970468 3.87247877101 5.85397078751
139524160 4 16324.232 19264.041 21770.93 51.269894304 57.9418035915 68.3764651225 3.204368394 3.62136272447 4.27352907016
153476544 4 18301.878 21407.07 24217.051 50.7003248249 57.3554602288 67.0866865138 3.16877030155 3.5847162643 4.19291790711
168824192 4 20220.91 23891.248 27036.759 49.9539732554 56.5308909773 66.791926575 3.12212332847 3.53318068608 4.17449541094
185706560 4 22482.275 26715.235 30524.563 48.6707206914 55.6106835669 66.0810562988 3.04192004321 3.47566772293 4.13006601867
204277184 4 25138.019 29771.979 33720.866 48.4630932076 54.8911267202 65.0097954019 3.02894332548 3.43069542001 4.06311221262
224704896 4 28025.22 33005.452 38069.603 47.2198033691 54.4649159175 64.1436237789 2.95123771057 3.40405724485 4.00897648618
247175360 4 30886.137 38315.677 40315.422 49.0482991844 51.6081936905 64.022343746 3.06551869902 3.22551210566 4.00139648412
271892864 2 22877.635 28530.903 29685.67 36.6362442215 38.1190688567 47.5386313314 2.28976526385 2.38244180354 2.97116445821
299082112 2 24978.261 31959.773 32767.571 36.5095248592 37.4323199354 47.8947853095 2.2818453037 2.33951999596 2.99342408184
328990272 2 27336.689 35604.121 36117.949 36.4351001215 36.9609205631 48.1390079098 2.2771937576 2.31005753519 3.00868799437
361889280 2 30029.119 39672.222 39925.237 36.2566944812 36.4879264892 48.205114509 2.26604340508 2.28049540558 3.01281965681
398078208 2 34116.074 43005.804 44099.5 36.1072763183 37.0255333908 46.6733901445 2.2567047699 2.31409583692 2.91708688403
437886016 2 37959.411 46606.471 49221.12 35.5852135018 37.5815638133 46.1425511581 2.22407584387 2.34884773833 2.88390944738
481674560 2 42229.132 54575.302 56318.145 34.2109677085 35.3034828832 45.6248601084 2.13818548178 2.2064676802 2.85155375678
529841984 2 46507.987 60170.986 62349.609 33.9916796591 35.2224232456 45.5699778191 2.1244799787 2.20140145285 2.84812361369
582826176 1 30529.897 33435.193 35841.053 32.5228266033 34.8630364419 38.1806840685 2.03267666271 2.17893977762 2.38629275428
641108736 1 33351.987 39455.597 39846.223 32.1791471177 32.4977333888 38.445009948 2.01119669485 2.0311083368 2.40281312175
705219584 1 36146.506 44479.422 44701.325 31.5525136671 31.709925727 39.0200692703 1.97203210419 1.98187035794 2.43875432939
775741504 1 39505.891 48036.843 48199.524 32.1887620301 32.297772108 39.2721938103 2.01179762688 2.01861075675 2.45451211314
853315648 1 43500.237 51150.896 51760.69 32.9715715923 33.3646412763 39.2326896058 2.06072322452 2.08529007977 2.45204310036
938647168 1 48844.331 54600.869 55556.248 33.7908768785 34.3821329291 38.4342317228 2.11192980491 2.14888330807 2.40213948268
1032511872 1 54281.729 61601.816 64880.596 31.8280637249 33.5221244776 38.0427039087 1.98925398281 2.09513277985 2.37766899429

META_DATA
ERT_VERSION  1.1.0
OPENMP_THREADS 8
CONFIG  {'ERT_WORKING_SET_MIN': ['1'], 'ERT_CFLAGS': ['-O3'], 'ERT_CC': ['gcc'], 'ERT_OPENMP_LDFLAGS': ['-fopenmp'], 'ERT_MEMORY_MAX': ['1073741824'], 'ERT_LDFLAGS': [], 'ERT_LDLIBS': [], 'ERT_SPEC_GBYTES_DRAM': ['300'], 'ERT_RUN': ['export', 'KMP_AFFINITY=scatter;', 'export', 'OMP_NUM_THREADS=ERT_OPENMP_THREADS;', 'ERT_CODE'], 'ERT_FLOPS': ['1,2,4,8,16'], 'ERT_OPENMP_CFLAGS': ['-fopenmp'], 'ERT_SPEC_GFLOPS': ['1000'], 'ERT_MPI': [False], 'ERT_TRIALS_MIN': ['1'], 'ERT_DRIVER': ['driver1'], 'ERT_RESULTS': ['Results.madonna.lbl.gov.02'], 'ERT_OPENMP': ['True'], 'ERT_OPENMP_THREADS': ['1,2,4,8,16,32,48,64,80,96,112,128,144,160'], 'ERT_KERNEL': ['kernel1'], 'ERT_GPU': [False], 'ERT_LD': ['gcc'], 'ERT_NUM_EXPERIMENTS': ['3'], 'ERT_ALIGN': ['32'], 'ERT_GNUPLOT': ['gnuplot']}
UNAME  ('Linux', 'pmemMachine0', '5.9.13-derrick-pmo', '#120 SMP Tue Sep 28 02:02:07 EDT 2021', 'x86_64', 'x86_64')
FLOPS          1
TIMESTAMP_DATA  1634099577.76
TIMESTAMP_DATA  1634099574.09
HOSTNAME  ('pmemMachine0', ['pmemMachine0.local'], ['fe80::f035:4ef3:770d:269e'])
TIMESTAMP_DATA  1634099570.75
