1152 524288 3590.647 5384.963 5905.658 204.542754084 224.320863857 336.418353572 12.7839221303 14.0200539911 21.0261470983
2304 262144 1583.144 3396.246 4033.759 299.462499371 355.674928141 763.013062615 18.7164062107 22.2296830088 47.6883164134
3456 262144 2268.109 3987.41 4564.531 396.96067964 454.415103538 798.876653635 24.8100424775 28.4009439711 49.9297908522
4608 131072 2268.675 2944.915 3365.771 358.895347307 410.184861702 532.451564019 22.4309592067 25.6365538564 33.2782227512
5760 131072 2215.868 2360.464 3230.122 467.458950467 639.6833165 681.425716694 29.2161844042 39.9802072813 42.5891072934
6912 131072 2741.919 4205.054 5842.216 310.145898063 430.895614658 660.828904136 19.384118629 26.9309759161 41.3018065085
8064 131072 6443.417 6958.41 7718.295 273.885516944 303.794863482 328.075804499 17.117844809 18.9871789676 20.5047377812
9216 65536 2277.443 2407.353 2823.785 427.780284972 501.779154117 530.401661864 26.7362678108 31.3611971323 33.1501038665
10368 65536 1247.414 3613.217 4140.191 328.234735064 376.106526677 1089.41738348 20.5146709415 23.5066579173 68.0885864677
11520 65536 3331.915 4098.32 4240.427 356.084290568 368.431318199 453.177659094 22.2552681605 23.0269573874 28.3236036934
12672 65536 3361.705 4976.561 5032.377 330.051660279 333.753446205 494.077970554 20.6282287674 20.8595903878 30.8798731596
13824 65536 2998.028 4656.655 5643.692 321.055672067 389.107487671 604.377053183 20.0659795042 24.3192179794 37.7735658239
14976 65536 3416.663 3539.739 3669.412 534.945182498 554.54209251 574.517964458 33.4340739061 34.6588807819 35.9073727786
16128 65536 5137.35 5366.351 5543.729 381.319003148 393.923024416 411.482421093 23.8324376967 24.620189026 25.7176513183
17280 32768 2432.343 2856.885 3205.69 353.266248452 396.397502875 465.584862003 22.0791405282 24.7748439297 29.0990538752
18432 32768 2037.935 3130.668 3191.853 378.450872268 385.847222382 592.737036265 23.6531795167 24.1154513989 37.0460647665
19584 32768 2395.243 2973.746 3577.471 358.760986183 431.596048889 535.835831271 22.4225616364 26.9747530556 33.4897394544
20736 32768 3114.421 4184.99 4188.501 324.448888994 324.721085594 436.342580531 20.2780555621 20.2950678496 27.2714112832
21888 32768 1834.003 3941.438 4807.408 298.38365456 363.941274225 782.142650803 18.64897841 22.7463296391 48.8839156752
23040 32768 2295.506 2861.781 2889.474 522.568965839 527.625782686 657.785011235 32.660560365 32.9766114179 41.1115632022
25344 32768 3320.774 4771.689 4871.997 340.916544899 348.083117739 500.167847616 21.3072840562 21.7551948587 31.260490476
27648 32768 2904.103 4220.472 4313.978 420.015894379 429.321490108 623.923920054 26.2509933987 26.8325931318 38.9952450034
29952 32768 3961.606 5440.529 6565.909 298.958494856 360.798420889 495.489524198 18.6849059285 22.5499013056 30.9680952624
32256 32768 3395.589 4120.028 5836.613 362.184235275 513.086128541 622.551556151 22.6365147047 32.0678830338 38.9094722595
34560 16384 1301.863 2013.413 2864.966 395.279413438 562.458909325 869.878074728 24.7049633399 35.1536818328 54.3673796705
38016 16384 2623.073 3130.503 3359.647 370.785468831 397.925920531 474.90416317 23.1740918019 24.8703700332 29.6815101982
41472 16384 1790.617 1834.569 2247.901 604.543748145 740.748642324 758.930857911 37.7839842591 46.2967901453 47.4331786194
44928 16384 3628.078 3684.631 4398.783 334.683639543 399.551733674 405.779783125 20.9177274714 24.9719833546 25.3612364453
48384 16384 1330.422 3400.003 3593.774 441.164890168 466.307503846 1191.68723307 27.5728056355 29.1442189904 74.4804520671
52992 16384 4098.163 4829.076 4887.616 355.273789103 359.580560753 423.712247658 22.2046118189 22.4737850471 26.4820154786
57600 16384 1597.4 2152.487 4403.362 428.635392684 876.8632749 1181.56804808 26.7897120428 54.8039546813 73.8480030049
63360 16384 3267.578 4012.833 4312.367 481.448002918 517.385218872 635.388192723 30.0905001824 32.3365761795 39.7117620452
69120 8192 2035.322 2618.162 2917.033 388.223952214 432.540874094 556.404382206 24.2639970134 27.0338046309 34.7752738879
76032 8192 2099.945 2445.898 2772.798 449.260381752 509.305084676 593.209959308 28.0787738595 31.8315677923 37.0756224568
82944 8192 2281.355 3381.763 3459.373 392.832601746 401.847940261 595.6786629 24.5520376091 25.1154962663 37.2299164312
91008 8192 3453.598 3637.527 3953.554 377.14802226 409.914502903 431.745406385 23.5717513913 25.6196564314 26.9840878991
99072 8192 2333.644 3194.366 4233.871 383.38335013 508.14328978 695.562668513 23.9614593832 31.7589556112 43.4726667821
108288 8192 3610.026 3995.57 4850.874 365.746583399 444.039421659 491.461998335 22.8591614624 27.7524638537 30.7163748959
118656 8192 3779.212 4126.185 4279.389 454.284456029 471.151900363 514.408798448 28.3927785018 29.4469937727 32.150549903
130176 8192 3061.008 4009.458 4186.641 509.430730746 531.943116501 696.765112669 31.8394206716 33.2464447813 43.5478195418
142848 4096 2199.598 2660.959 2710.958 431.659515197 439.770329419 532.011220232 26.9787196998 27.4856455887 33.2507012645
156672 4096 2216.101 3049.093 3526.595 363.936608542 420.930756786 579.15096108 22.7460380339 26.3081722991 36.1969350675
171648 4096 3321.342 3390.357 3937.038 357.156932699 414.747006289 423.365138549 22.3223082937 25.921687893 26.4603211593
187776 4096 2681.951 3025.194 3627.978 423.999536932 508.483420237 573.560438651 26.4999710583 31.7802137648 35.8475274157
206208 4096 3540.326 4152.518 4772.78 353.935428828 406.802796761 477.147001717 22.1209643017 25.4251747976 29.8216876073
225792 4096 2818.74 2975.236 3100.012 596.671259337 621.694569439 656.21095383 37.2919537086 38.8559105899 41.0131846144
247680 4096 2069.797 4858.037 4887.269 415.159173764 417.657288324 980.286743096 25.9474483602 26.1035805203 61.2679214435
271872 2048 3107.82 3161.977 3253.62 342.261146661 352.18083876 358.317956638 21.3913216663 22.0113024225 22.3948722899
298368 2048 1014.213 2228.251 3002.163 407.078272565 548.463942348 1204.98882187 25.4423920353 34.2789963967 75.3118013672
327168 2048 2992.771 3178.495 3472.955 385.861644623 421.608380067 447.772358126 24.1163527889 26.3505237542 27.9857723829
359424 2048 2166.682 2411.811 4030.791 365.238660104 610.412965195 679.472439426 22.8274162565 38.1508103247 42.4670274641
395136 2048 1389.069 2826.886 3804.674 425.391782844 572.530005101 1165.15238336 26.5869864277 35.7831253188 72.8220239599
434304 2048 3015.268 4051.029 4251.116 418.456984942 439.12526521 589.967188323 26.1535615589 27.4453290756 36.8729492702
476928 2048 2878.432 3729.725 4342.493 449.856128265 523.764376194 678.66709653 28.1160080166 32.7352735121 42.4166935331
524160 2048 3255.014 4872.058 5399.922 397.590809645 440.667857402 659.585292106 24.8494256028 27.5417410876 41.2240807566
576000 1024 1256.868 1500.637 2710.907 435.148826574 786.09817031 938.561567324 27.1968016608 49.1311356444 58.6600979578
633600 1024 2333.374 2549.032 2981.597 435.207306688 509.061008257 556.110079224 27.200456668 31.8163130161 34.7568799515
696960 1024 3016.112 3200.478 3943.476 361.958353493 445.987780575 473.249693645 22.6223970933 27.874236286 29.5781058528
766080 1024 2512.274 3175.45 3829.331 409.714344359 494.081733298 624.506658111 25.6071465225 30.8801083311 39.031666132
842112 1024 2834.507 3296.343 3963.847 435.093830816 523.199611206 608.446328056 27.193364426 32.6999757003 38.0278955035
926208 1024 4382.967 4453.421 4467.707 424.574392188 425.936372061 432.783085978 26.5358995118 26.6210232538 27.0489428736
1018368 1024 3170.064 3892.893 4231.805 492.843518073 535.750061458 657.910270581 30.8027198796 33.4843788411 41.1193919113
1119744 512 1838.428 2158.111 2824.82 405.908290086 531.306246991 623.694730498 25.3692681304 33.2066404369 38.9809206561
1231488 512 1530.044 2205.469 3531.032 357.131771108 571.780293443 824.187874336 22.3207356943 35.7362683402 51.511742146
1353600 512 2587.039 2685.059 3965.461 349.53978869 516.221952665 535.781022242 21.8462367931 32.2638720415 33.4863138901
1488384 512 1745.919 3412.312 3588.343 424.737884868 446.648845709 872.952992665 26.5461178042 27.9155528568 54.5595620415
1636992 512 1986.922 2656.154 3748.974 447.130283646 631.092853803 843.65657434 27.9456427279 39.4433033627 52.7285358962
1800576 512 3617.106 4147.574 4964.806 371.371977878 444.546576866 509.741717273 23.2107486174 27.7841610541 31.8588573296
1980288 512 2998.933 3002.087 3381.993 599.59169401 675.468403148 676.178798259 37.4744808756 42.2167751967 42.2611748912
2177280 256 908.342 2709.121 2831.951 393.639353223 411.486736842 1227.25510876 24.6024595765 25.7179210526 76.7034442974
2395008 256 1698.419 2851.69 3544.775 345.930022639 430.006100242 721.991508574 21.6206264149 26.8753812651 45.1244692858
2633472 256 1054.085 2451.842 3069.489 439.271052608 549.928447265 1279.1545881 27.454440788 34.3705279541 79.9471617564
2896128 256 2514.912 3308.922 3449.037 429.922188715 448.127074618 589.610108028 26.8701367947 28.0079421636 36.8506317517
3185280 256 2735.594 2922.972 3693.444 441.556271058 557.946966307 596.164255368 27.5972669411 34.8716853942 37.2602659605
3503232 256 1458.423 3019.078 3856.089 465.148699628 594.106804793 1229.85909026 29.0717937268 37.1316752995 76.8661931415
3853440 256 4301.803 4647.39 5199.525 379.450292094 424.531033548 458.635897553 23.7156432559 26.5331895967 28.664743597
4238208 128 1729.844 1743.627 2648.423 409.67067874 622.255360808 627.213348718 25.6044174212 38.8909600505 39.2008342949
4660992 128 2113.395 2879.053 2989.421 399.145504096 414.446678126 564.595805327 24.946594006 25.9029173829 35.287237833
5126400 128 2226.264 2243.169 2494.922 526.011795158 585.046601482 589.489117194 32.8757371974 36.5654125926 36.8430698246
5639040 128 2888.685 3354.645 3747.993 385.164604096 430.326976476 499.740968641 24.072787756 26.8954360297 31.2338105401
6202368 128 2686.291 3157.621 3347.23 474.364237892 502.848887818 591.077514685 29.6477648683 31.4280554886 36.9423446678
6822144 128 1210.405 2576.886 2720.054 642.071394171 677.74393745 1442.87975017 40.1294621357 42.3589960906 90.1799843854
7504128 128 2757.97 4472.993 5203.573 369.180324366 429.479046357 696.547376512 23.0737702728 26.8424403973 43.534211032
8254080 128 3115.448 4533.252 4617.912 457.575735527 466.121115702 678.247391707 28.5984834705 29.1325697314 42.3904619817
9078912 64 2013.413 2181.915 2849.667 407.802292689 532.605869615 577.179513592 25.4876432931 33.2878668509 36.0737195995
9986688 64 1934.489 2004.191 3054.526 418.492448255 637.811498006 660.792624822 26.155778016 39.8632186254 41.2995390514
10984320 64 2330.769 2445.659 2584.636 543.981032532 574.893294609 603.231362696 33.9988145333 35.9308309131 37.7019601685
12082176 64 1465.627 3647.633 3877.996 398.793224129 423.978653554 1055.19243846 24.9245765081 26.4986658471 65.9495274036
13289472 64 2734.527 2738.136 2888.024 589.002174497 621.244677401 622.064589598 36.8126359061 38.8277923376 38.8790368499
14617728 64 3503.731 3740.748 4936.235 379.047833825 500.185840907 534.021928053 23.690489614 31.2616150567 33.3763705033
16078464 64 3875.82 4416.707 4641.936 443.358846826 465.967833501 530.995606607 27.7099279266 29.1229895938 33.1872254129
17685504 32 2356.907 2559.059 3151.071 359.202396899 442.300179871 480.236282552 22.4501498062 27.6437612419 30.0147676595
19453824 32 1672.795 2601.834 2897.286 429.727937111 478.525815252 744.29008695 26.8579960694 29.9078634532 46.5181304344
21398400 32 1139.099 1571.056 2515.799 544.358909436 871.705146093 1202.26389453 34.0224318397 54.4815716308 75.1414934084
23537664 32 2419.661 2699.963 3052.09 493.566865984 557.937459143 622.570887409 30.847929124 34.8710911964 38.9106804631
25891200 32 2490.065 2675.734 3744.596 442.514172423 619.283082698 665.45925508 27.6571357765 38.7051926686 41.5912034425
28479744 32 3736.238 4177.256 4256.446 428.221952305 436.339936073 487.844622318 26.7638720191 27.2712460046 30.4902888949
31327488 32 2880.11 4002.953 5199.734 385.588807427 500.870040692 696.139811327 24.0993004642 31.3043775433 43.5087382079
34459776 16 1573.98 2320.044 2962.288 372.250379436 475.298240895 700.58884611 23.2656487148 29.706140056 43.7868028819
37905408 16 2837.244 2846.515 2961.9 409.52532361 426.125650488 427.518061894 25.5953327256 26.6328531555 26.7198788684
41695488 16 1901.654 2886.831 3154.505 422.968299622 462.186950327 701.629011376 26.4355187264 28.8866843954 43.851813211
45864576 16 2032.01 2183.129 3310.168 443.381251949 672.276549851 722.273232907 27.7113282468 42.0172843657 45.1420770567
50450688 16 1792.111 3602.97 4373.524 369.135282212 448.080893263 900.849342479 23.0709551382 28.0050558289 56.303083905
55495296 16 2834.172 3107.384 4254.194 417.434999908 571.49340796 626.584932742 26.0896874943 35.7183379975 39.1615582964
61044480 16 2955.784 3931.947 4098.484 476.620955456 496.808161453 660.881634111 29.788809716 31.0505100908 41.305102132
67148928 8 2110.98 2332.674 2437.881 440.703565104 460.579938731 508.949799619 27.543972819 28.7862461707 31.8093624762
73862784 8 1462.599 2373.137 3241.615 364.572765119 497.992549103 808.016786556 22.7857978199 31.1245343189 50.5010491597
81248256 8 1541.751 2825.163 3659.905 355.192852273 460.140563925 843.17901918 22.1995532671 28.7587852453 52.6986886988
89372160 8 2200.378 2918.55 3956.288 361.438439264 489.953764712 649.86768637 22.589902454 30.6221102945 40.6167303981
98309376 8 1447.872 1698.932 2197.577 715.765598202 925.846364657 1086.38748177 44.7353498876 57.8653977911 67.8992176104
108139392 8 1846.368 4000.169 5967.666 289.934167227 432.539293215 937.099360474 18.1208854517 27.0337058259 58.5687100296
118953216 8 3912.751 6960.943 10408.529 182.854989019 273.418623885 486.422840605 11.4284368137 17.0886639928 30.4014275378
130847616 8 4230.812 7375.133 9786.938 213.913877456 283.867674793 494.836890885 13.369617341 17.7417296746 30.9273056803
143932032 4 2086.537 3121.232 7278.086 158.208663102 368.91081983 551.850389425 9.88804144386 23.0569262394 34.4906493391
158325120 4 2958.941 9923.211 11941.89 106.063693435 127.640232582 428.05887647 6.62898083972 7.97751453637 26.7536797794
174157056 4 10728.644 19782.11 19796.585 70.3786258084 70.4301233792 129.863237889 4.39866411303 4.4018827112 8.11645236807
191571840 4 5719.702 13285.158 23504.545 65.2033349295 115.359916683 267.946602813 4.07520843309 7.20999479269 16.7466626758
210728448 4 11389.325 18085.692 19904.351 84.6964356688 93.2133304051 148.01821741 5.2935272293 5.82583315032 9.25113858811
231800832 4 11649.094 18045.647 28998.654 63.9480251739 102.761993294 159.188916838 3.99675157337 6.42262458088 9.94930730235
254980224 4 26514.287 30622.592 36856.771 55.3451031291 66.6123165537 76.9336845452 3.45906894557 4.16326978461 4.80835528408
280477440 2 10330.806 11698.038 25724.27 43.612890084 95.9058057428 108.598473343 2.72580563025 5.99411285893 6.78740458392
308525184 2 14914.85 18210.27 28469.834 43.3476618093 67.7694913914 82.7430873257 2.70922886308 4.23559321196 5.17144295786
339376896 2 15867.886 29706.283 34726.271 39.091660144 45.6976587747 85.5506262145 2.443228759 2.85610367342 5.34691413841
373313664 2 18821.314 24799.664 26052.831 57.3164066508 60.2126970753 79.3384912446 3.58227541567 3.7632935672 4.95865570278
410644224 2 24265.785 29956.879 40116.637 40.9450297641 54.8313759921 67.6910677318 2.55906436026 3.42696099951 4.23069173324
451708416 2 32062.344 39824.852 43242.349 41.7838925448 45.3695010342 56.3537607855 2.61149328405 2.83559381464 3.5221100491
496878336 2 29783.782 32852.814 47634.423 41.7243081542 60.4975069715 66.7313957643 2.60776925964 3.78109418572 4.17071223527
546565248 1 11085.001 14424.561 23032.335 47.4606893309 75.7825833313 98.6134774368 2.96629308318 4.73641145821 6.1633423398
601220736 1 15284.088 16356.943 26902.827 44.695729263 73.5126039138 78.6727655585 2.79348307893 4.59453774461 4.91704784741
661342464 1 16044.24 17269.459 31521.873 41.9608608917 76.5909880559 82.4398617822 2.62255380573 4.78693675349 5.15249136139
727476480 1 20794.788 21372.175 33826.292 43.0124874462 68.0769720443 69.9671937026 2.68828046538 4.25481075277 4.37294960641
800224128 1 23162.38 36009.587 37071.683 43.1717183166 44.4450600336 69.0968827901 2.69823239479 2.7778162521 4.31855517438
880245504 1 29220.542 39936.542 41266.146 42.6618712588 44.0822094211 60.2484036059 2.66636695368 2.75513808882 3.76552522537
968269824 1 32384.14 43095.881 44527.665 43.4907073614 44.935608765 59.7990142088 2.71816921009 2.80847554781 3.73743838805
1065096576 1 38149.855 38520.644 48512.939 43.9097938799 55.3000399474 55.8375163418 2.7443621175 3.45625249671 3.48984477136

META_DATA
ERT_VERSION  1.1.0
HOSTNAME  ('pmemMachine1', ['pmemMachine1.local'], ['fe80::5210:541c:37bc:6d9c'])
CONFIG  {'ERT_WORKING_SET_MIN': ['1'], 'ERT_CFLAGS': ['-O3'], 'ERT_CC': ['gcc'], 'ERT_OPENMP_LDFLAGS': ['-fopenmp'], 'ERT_MEMORY_MAX': ['1073741824'], 'ERT_LDFLAGS': [], 'ERT_LDLIBS': [], 'ERT_SPEC_GBYTES_DRAM': ['300'], 'ERT_RUN': ['export', 'KMP_AFFINITY=scatter;', 'export', 'OMP_NUM_THREADS=ERT_OPENMP_THREADS;', 'ERT_CODE'], 'ERT_FLOPS': ['1,2,4,8,16'], 'ERT_OPENMP_CFLAGS': ['-fopenmp'], 'ERT_SPEC_GFLOPS': ['1000'], 'ERT_MPI': [False], 'ERT_TRIALS_MIN': ['1'], 'ERT_DRIVER': ['driver1'], 'ERT_RESULTS': ['Results.madonna.lbl.gov.02'], 'ERT_OPENMP': ['True'], 'ERT_OPENMP_THREADS': ['1,2,4,8,16,32,48,64,80,96,112,128,144,160'], 'ERT_KERNEL': ['kernel1'], 'ERT_GPU': [False], 'ERT_LD': ['gcc'], 'ERT_NUM_EXPERIMENTS': ['3'], 'ERT_ALIGN': ['32'], 'ERT_GNUPLOT': ['gnuplot']}
FLOPS          1
TIMESTAMP_DATA  1634056389.46
TIMESTAMP_DATA  1634056392.75
OPENMP_THREADS 144
UNAME  ('Linux', 'pmemMachine1', '5.9.13-derrick-pmo', '#95 SMP Sat Sep 18 09:17:02 EDT 2021', 'x86_64', 'x86_64')
TIMESTAMP_DATA  1634056386.16
