        1152            1         267.334         2304          144
        1152            2           2.472         4608          288
        1152            4         246.866         9216          576
        1152            8         229.671        18432         1152
        1152           16         247.794        36864         2304
        1152           32         256.171        73728         4608
        1152           64         371.451       147456         9216
        1152          128         308.084       294912        18432
        1152          256         312.845       589824        36864
        1152          512         371.388      1179648        73728
        1152         1024         416.650      2359296       147456
        1152         2048         325.937      4718592       294912
        1152         4096         389.800      9437184       589824
        1152         8192         418.961     18874368      1179648
        1152        16384         395.511     37748736      2359296
        1152        32768         589.296     75497472      4718592
        1152        65536        1085.719    150994944      9437184
        1152       131072        1991.098    301989888     18874368
        1152       262144        2459.015    603979776     37748736
        1152       524288        5905.658   1207959552     75497472
        2304            1         411.398         4608          288
        2304            2         332.389         9216          576
        2304            4         293.531        18432         1152
        2304            8         332.151        36864         2304
        2304           16         380.438        73728         4608
        2304           32         318.929       147456         9216
        2304           64         352.893       294912        18432
        2304          128         241.078       589824        36864
        2304          256         272.576      1179648        73728
        2304          512         465.581      2359296       147456
        2304         1024         358.866      4718592       294912
        2304         2048          24.493      9437184       589824
        2304         4096         632.449     18874368      1179648
        2304         8192         710.681     37748736      2359296
        2304        16384         883.078     75497472      4718592
        2304        32768        1031.783    150994944      9437184
        2304        65536        2975.941    301989888     18874368
        2304       131072        2581.592    603979776     37748736
        2304       262144        4033.759   1207959552     75497472
        3456            1         418.467         6912          432
        3456            2         412.075        13824          864
        3456            4         421.682        27648         1728
        3456            8         285.001        55296         3456
        3456           16         407.603       110592         6912
        3456           32         428.608       221184        13824
        3456           64         372.878       442368        27648
        3456          128         427.859       884736        55296
        3456          256         367.783      1769472       110592
        3456          512         531.334      3538944       221184
        3456         1024         506.576      7077888       442368
        3456         2048         534.524     14155776       884736
        3456         4096         609.150     28311552      1769472
        3456         8192         465.101     56623104      3538944
        3456        16384         794.594    113246208      7077888
        3456        32768        1088.472    226492416     14155776
        3456        65536        1580.720    452984832     28311552
        3456       131072        1892.782    905969664     56623104
        3456       262144        4564.531   1811939328    113246208
        4608            1         374.485         9216          576
        4608            2         406.017        18432         1152
        4608            4         394.198        36864         2304
        4608            8         493.839        73728         4608
        4608           16         602.065       147456         9216
        4608           32         401.207       294912        18432
        4608           64         554.232       589824        36864
        4608          128         517.141      1179648        73728
        4608          256         527.153      2359296       147456
        4608          512         547.608      4718592       294912
        4608         1024         421.390      9437184       589824
        4608         2048         565.560     18874368      1179648
        4608         4096         670.911     37748736      2359296
        4608         8192         515.077     75497472      4718592
        4608        16384         667.339    150994944      9437184
        4608        32768        1099.013    301989888     18874368
        4608        65536        1704.581    603979776     37748736
        4608       131072        2268.675   1207959552     75497472
        5760            1         414.486        11520          720
        5760            2         412.058        23040         1440
        5760            4         487.716        46080         2880
        5760            8         523.103        92160         5760
        5760           16         388.231       184320        11520
        5760           32         404.660       368640        23040
        5760           64         542.350       737280        46080
        5760          128           7.996      1474560        92160
        5760          256         503.744      2949120       184320
        5760          512         419.548      5898240       368640
        5760         1024         483.149     11796480       737280
        5760         2048         455.774     23592960      1474560
        5760         4096         505.078     47185920      2949120
        5760         8192         600.604     94371840      5898240
        5760        16384         879.511    188743680     11796480
        5760        32768        1314.949    377487360     23592960
        5760        65536        2607.946    754974720     47185920
        5760       131072        2215.868   1509949440     94371840
        6912            1         400.208        13824          864
        6912            2         454.409        27648         1728
        6912            4         480.813        55296         3456
        6912            8         493.117       110592         6912
        6912           16         426.540       221184        13824
        6912           32         444.942       442368        27648
        6912           64         535.653       884736        55296
        6912          128         385.142      1769472       110592
        6912          256         375.259      3538944       221184
        6912          512         394.517      7077888       442368
        6912         1024         484.056     14155776       884736
        6912         2048         434.196     28311552      1769472
        6912         4096         476.539     56623104      3538944
        6912         8192         610.268    113246208      7077888
        6912        16384         645.606    226492416     14155776
        6912        32768        1241.637    452984832     28311552
        6912        65536        2232.105    905969664     56623104
        6912       131072        2741.919   1811939328    113246208
        8064            1         550.780        16128         1008
        8064            2         584.755        32256         2016
        8064            4         519.024        64512         4032
        8064            8         596.899       129024         8064
        8064           16         468.602       258048        16128
        8064           32         444.753       516096        32256
        8064           64         427.270      1032192        64512
        8064          128         428.519      2064384       129024
        8064          256         472.849      4128768       258048
        8064          512         524.067      8257536       516096
        8064         1024         482.517     16515072      1032192
        8064         2048         425.443     33030144      2064384
        8064         4096         440.927     66060288      4128768
        8064         8192         539.564    132120576      8257536
        8064        16384         875.115    264241152     16515072
        8064        32768        1387.201    528482304     33030144
        8064        65536        2769.660   1056964608     66060288
        8064       131072        7718.295   2113929216    132120576
        9216            1         443.952        18432         1152
        9216            2         496.835        36864         2304
        9216            4         514.509        73728         4608
        9216            8         459.315       147456         9216
        9216           16         457.592       294912        18432
        9216           32         479.566       589824        36864
        9216           64         501.346      1179648        73728
        9216          128         563.094      2359296       147456
        9216          256         430.697      4718592       294912
        9216          512         578.180      9437184       589824
        9216         1024         471.522     18874368      1179648
        9216         2048         498.717     37748736      2359296
        9216         4096         593.787     75497472      4718592
        9216         8192         630.995    150994944      9437184
        9216        16384         755.933    301989888     18874368
        9216        32768        1362.443    603979776     37748736
        9216        65536        2823.785   1207959552     75497472
       10368            1         503.377        20736         1296
       10368            2         525.701        41472         2592
       10368            4         507.094        82944         5184
       10368            8         500.297       165888        10368
       10368           16         481.774       331776        20736
       10368           32         513.490       663552        41472
       10368           64         507.851      1327104        82944
       10368          128         480.886      2654208       165888
       10368          256         506.402      5308416       331776
       10368          512         505.578     10616832       663552
       10368         1024         542.393     21233664      1327104
       10368         2048         595.909     42467328      2654208
       10368         4096         656.172     84934656      5308416
       10368         8192         810.494    169869312     10616832
       10368        16384         661.538    339738624     21233664
       10368        32768        1806.233    679477248     42467328
       10368        65536        1247.414   1358954496     84934656
       11520            1         582.656        23040         1440
       11520            2         488.959        46080         2880
       11520            4         467.690        92160         5760
       11520            8         539.270       184320        11520
       11520           16         446.138       368640        23040
       11520           32         528.854       737280        46080
       11520           64         426.552      1474560        92160
       11520          128         466.331      2949120       184320
       11520          256         429.162      5898240       368640
       11520          512         440.572     11796480       737280
       11520         1024         548.917     23592960      1474560
       11520         2048         467.405     47185920      2949120
       11520         4096         496.651     94371840      5898240
       11520         8192         712.848    188743680     11796480
       11520        16384        1180.103    377487360     23592960
       11520        32768        1285.548    754974720     47185920
       11520        65536        4240.427   1509949440     94371840
       12672            1         501.007        25344         1584
       12672            2         582.616        50688         3168
       12672            4         605.519       101376         6336
       12672            8         461.938       202752        12672
       12672           16         537.453       405504        25344
       12672           32         519.517       811008        50688
       12672           64         496.414      1622016       101376
       12672          128         506.769      3244032       202752
       12672          256         541.490      6488064       405504
       12672          512         533.294     12976128       811008
       12672         1024         609.699     25952256      1622016
       12672         2048         565.064     51904512      3244032
       12672         4096         647.030    103809024      6488064
       12672         8192         803.271    207618048     12976128
       12672        16384        1597.312    415236096     25952256
       12672        32768        2354.946    830472192     51904512
       12672        65536        4976.561   1660944384    103809024
       13824            1         449.418        27648         1728
       13824            2         451.437        55296         3456
       13824            4           7.506       110592         6912
       13824            8         665.346       221184        13824
       13824           16         646.480       442368        27648
       13824           32           3.002       884736        55296
       13824           64         478.687      1769472       110592
       13824          128         475.978      3538944       221184
       13824          256         507.518      7077888       442368
       13824          512         534.589     14155776       884736
       13824         1024         623.092     28311552      1769472
       13824         2048         568.880     56623104      3538944
       13824         4096         589.123    113246208      7077888
       13824         8192         696.106    226492416     14155776
       13824        16384        1213.827    452984832     28311552
       13824        32768        2226.325    905969664     56623104
       13824        65536        5643.692   1811939328    113246208
       14976            1         513.801        29952         1872
       14976            2         680.105        59904         3744
       14976            4         515.083       119808         7488
       14976            8           7.319       239616        14976
       14976           16         612.488       479232        29952
       14976           32         536.127       958464        59904
       14976           64         521.274      1916928       119808
       14976          128         501.131      3833856       239616
       14976          256         554.070      7667712       479232
       14976          512         481.651     15335424       958464
       14976         1024         571.303     30670848      1916928
       14976         2048         619.427     61341696      3833856
       14976         4096         668.788    122683392      7667712
       14976         8192         805.017    245366784     15335424
       14976        16384        1557.368    490733568     30670848
       14976        32768        1365.391    981467136     61341696
       14976        65536        3539.739   1962934272    122683392
       16128            1         570.056        32256         2016
       16128            2         594.548        64512         4032
       16128            4         694.201       129024         8064
       16128            8         488.271       258048        16128
       16128           16         504.506       516096        32256
       16128           32         538.603      1032192        64512
       16128           64         598.524      2064384       129024
       16128          128         615.236      4128768       258048
       16128          256         632.338      8257536       516096
       16128          512         487.015     16515072      1032192
       16128         1024         587.042     33030144      2064384
       16128         2048         557.076     66060288      4128768
       16128         4096         635.650    132120576      8257536
       16128         8192         883.175    264241152     16515072
       16128        16384        1240.493    528482304     33030144
       16128        32768        2211.853   1056964608     66060288
       16128        65536        5543.729   2113929216    132120576
       17280            1         517.090        34560         2160
       17280            2         499.110        69120         4320
       17280            4         499.662       138240         8640
       17280            8         559.636       276480        17280
       17280           16         464.536       552960        34560
       17280           32         574.648      1105920        69120
       17280           64         495.470      2211840       138240
       17280          128         549.932      4423680       276480
       17280          256         546.919      8847360       552960
       17280          512         483.878     17694720      1105920
       17280         1024         509.266     35389440      2211840
       17280         2048         604.931     70778880      4423680
       17280         4096         636.406    141557760      8847360
       17280         8192        1010.137    283115520     17694720
       17280        16384        1496.122    566231040     35389440
       17280        32768        2432.343   1132462080     70778880
       18432            1         452.030        36864         2304
       18432            2           4.640        73728         4608
       18432            4         510.014       147456         9216
       18432            8         606.851       294912        18432
       18432           16         577.033       589824        36864
       18432           32         466.568      1179648        73728
       18432           64         498.322      2359296       147456
       18432          128         476.194      4718592       294912
       18432          256         607.139      9437184       589824
       18432          512         603.463     18874368      1179648
       18432         1024         535.252     37748736      2359296
       18432         2048         584.459     75497472      4718592
       18432         4096         794.485    150994944      9437184
       18432         8192         913.245    301989888     18874368
       18432        16384        1594.697    603979776     37748736
       18432        32768        3191.853   1207959552     75497472
       19584            1         521.267        39168         2448
       19584            2         622.869        78336         4896
       19584            4         607.567       156672         9792
       19584            8         500.079       313344        19584
       19584           16         577.376       626688        39168
       19584           32         580.336      1253376        78336
       19584           64         476.355      2506752       156672
       19584          128         463.543      5013504       313344
       19584          256         443.730     10027008       626688
       19584          512         523.307     20054016      1253376
       19584         1024         530.410     40108032      2506752
       19584         2048         688.020     80216064      5013504
       19584         4096         734.207    160432128     10027008
       19584         8192        1291.674    320864256     20054016
       19584        16384        2125.990    641728512     40108032
       19584        32768        3577.471   1283457024     80216064
       20736            1         560.284        41472         2592
       20736            2         528.238        82944         5184
       20736            4         553.040       165888        10368
       20736            8         549.319       331776        20736
       20736           16         648.745       663552        41472
       20736           32         511.698      1327104        82944
       20736           64         480.077      2654208       165888
       20736          128         565.208      5308416       331776
       20736          256         598.827     10616832       663552
       20736          512         650.076     21233664      1327104
       20736         1024         622.598     42467328      2654208
       20736         2048         646.630     84934656      5308416
       20736         4096         697.253    169869312     10616832
       20736         8192        1050.459    339738624     21233664
       20736        16384        1804.621    679477248     42467328
       20736        32768        4188.501   1358954496     84934656
       21888            1         570.124        43776         2736
       21888            2         534.192        87552         5472
       21888            4         536.186       175104        10944
       21888            8         556.392       350208        21888
       21888           16         563.461       700416        43776
       21888           32         477.585      1400832        87552
       21888           64         522.381      2801664       175104
       21888          128         481.598      5603328       350208
       21888          256         482.066     11206656       700416
       21888          512         486.486     22413312      1400832
       21888         1024         560.398     44826624      2801664
       21888         2048         642.421     89653248      5603328
       21888         4096         739.370    179306496     11206656
       21888         8192         787.678    358612992     22413312
       21888        16384        1702.851    717225984     44826624
       21888        32768        1834.003   1434451968     89653248
       23040            1         510.294        46080         2880
       23040            2         475.206        92160         5760
       23040            4         745.906       184320        11520
       23040            8         585.310       368640        23040
       23040           16         531.678       737280        46080
       23040           32         555.352      1474560        92160
       23040           64         508.638      2949120       184320
       23040          128         460.289      5898240       368640
       23040          256         616.915     11796480       737280
       23040          512         560.198     23592960      1474560
       23040         1024         517.372     47185920      2949120
       23040         2048         620.627     94371840      5898240
       23040         4096         700.828    188743680     11796480
       23040         8192        1177.872    377487360     23592960
       23040        16384        1700.428    754974720     47185920
       23040        32768        2889.474   1509949440     94371840
       25344            1         593.629        50688         3168
       25344            2         579.005       101376         6336
       25344            4         486.959       202752        12672
       25344            8         599.837       405504        25344
       25344           16         455.180       811008        50688
       25344           32         520.586      1622016       101376
       25344           64         567.668      3244032       202752
       25344          128           7.600      6488064       405504
       25344          256         521.657     12976128       811008
       25344          512         520.749     25952256      1622016
       25344         1024         677.833     51904512      3244032
       25344         2048         701.075    103809024      6488064
       25344         4096         837.736    207618048     12976128
       25344         8192        1123.387    415236096     25952256
       25344        16384        2135.647    830472192     51904512
       25344        32768        4871.997   1660944384    103809024
       27648            1         617.936        55296         3456
       27648            2         510.794       110592         6912
       27648            4         448.114       221184        13824
       27648            8         532.538       442368        27648
       27648           16         454.235       884736        55296
       27648           32         707.730      1769472       110592
       27648           64         611.796      3538944       221184
       27648          128         612.325      7077888       442368
       27648          256         503.889     14155776       884736
       27648          512         590.396     28311552      1769472
       27648         1024         682.030     56623104      3538944
       27648         2048         663.474    113246208      7077888
       27648         4096         764.250    226492416     14155776
       27648         8192        1558.905    452984832     28311552
       27648        16384        2534.816    905969664     56623104
       27648        32768        4220.472   1811939328    113246208
       29952            1         571.660        59904         3744
       29952            2         475.802       119808         7488
       29952            4         581.423       239616        14976
       29952            8         541.928       479232        29952
       29952           16         530.200       958464        59904
       29952           32         532.365      1916928       119808
       29952           64         567.089      3833856       239616
       29952          128         605.216      7667712       479232
       29952          256         564.371     15335424       958464
       29952          512         667.511     30670848      1916928
       29952         1024         508.197     61341696      3833856
       29952         2048         602.903    122683392      7667712
       29952         4096         720.695    245366784     15335424
       29952         8192        1152.155    490733568     30670848
       29952        16384        1815.481    981467136     61341696
       29952        32768        3961.606   1962934272    122683392
       32256            1         514.219        64512         4032
       32256            2         508.335       129024         8064
       32256            4           3.199       258048        16128
       32256            8         571.766       516096        32256
       32256           16         551.997      1032192        64512
       32256           32         555.905      2064384       129024
       32256           64         568.148      4128768       258048
       32256          128         485.939      8257536       516096
       32256          256         527.365     16515072      1032192
       32256          512         523.725     33030144      2064384
       32256         1024         586.339     66060288      4128768
       32256         2048         716.120    132120576      8257536
       32256         4096         816.155    264241152     16515072
       32256         8192        1580.300    528482304     33030144
       32256        16384        1688.772   1056964608     66060288
       32256        32768        4120.028   2113929216    132120576
       34560            1         463.637        69120         4320
       34560            2         505.053       138240         8640
       34560            4         612.703       276480        17280
       34560            8         505.904       552960        34560
       34560           16         481.151      1105920        69120
       34560           32         509.564      2211840       138240
       34560           64         550.673      4423680       276480
       34560          128         594.285      8847360       552960
       34560          256         534.314     17694720      1105920
       34560          512         666.152     35389440      2211840
       34560         1024         529.952     70778880      4423680
       34560         2048         637.772    141557760      8847360
       34560         4096         691.799    283115520     17694720
       34560         8192        1007.919    566231040     35389440
       34560        16384        1301.863   1132462080     70778880
       38016            1         670.017        76032         4752
       38016            2         619.127       152064         9504
       38016            4         633.210       304128        19008
       38016            8         581.901       608256        38016
       38016           16         518.261      1216512        76032
       38016           32         465.052      2433024       152064
       38016           64         567.689      4866048       304128
       38016          128         549.079      9732096       608256
       38016          256         482.372     19464192      1216512
       38016          512         525.150     38928384      2433024
       38016         1024         578.648     77856768      4866048
       38016         2048         719.239    155713536      9732096
       38016         4096        1199.195    311427072     19464192
       38016         8192        2020.621    622854144     38928384
       38016        16384        3130.503   1245708288     77856768
       41472            1         639.986        82944         5184
       41472            2         494.008       165888        10368
       41472            4         568.799       331776        20736
       41472            8         449.824       663552        41472
       41472           16         568.509      1327104        82944
       41472           32         635.521      2654208       165888
       41472           64         502.856      5308416       331776
       41472          128         574.100     10616832       663552
       41472          256         640.580     21233664      1327104
       41472          512         611.885     42467328      2654208
       41472         1024         582.537     84934656      5308416
       41472         2048         687.481    169869312     10616832
       41472         4096         681.664    339738624     21233664
       41472         8192        1310.702    679477248     42467328
       41472        16384        1834.569   1358954496     84934656
       44928            1         447.835        89856         5616
       44928            2         529.316       179712        11232
       44928            4         592.836       359424        22464
       44928            8         607.898       718848        44928
       44928           16         605.792      1437696        89856
       44928           32         646.381      2875392       179712
       44928           64         480.556      5750784       359424
       44928          128         604.507     11501568       718848
       44928          256         526.585     23003136      1437696
       44928          512         602.842     46006272      2875392
       44928         1024         708.467     92012544      5750784
       44928         2048         702.350    184025088     11501568
       44928         4096        1095.904    368050176     23003136
       44928         8192        1902.901    736100352     46006272
       44928        16384        4398.783   1472200704     92012544
       48384            1         492.954        96768         6048
       48384            2         582.291       193536        12096
       48384            4         597.179       387072        24192
       48384            8         605.167       774144        48384
       48384           16         545.845      1548288        96768
       48384           32         631.770      3096576       193536
       48384           64         552.853      6193152       387072
       48384          128         542.360     12386304       774144
       48384          256         575.088     24772608      1548288
       48384          512         594.496     49545216      3096576
       48384         1024         557.471     99090432      6193152
       48384         2048         747.872    198180864     12386304
       48384         4096        1079.597    396361728     24772608
       48384         8192        1733.863    792723456     49545216
       48384        16384        3593.774   1585446912     99090432
       52992            1         540.945       105984         6624
       52992            2         577.528       211968        13248
       52992            4         602.071       423936        26496
       52992            8         551.423       847872        52992
       52992           16         541.176      1695744       105984
       52992           32         481.685      3391488       211968
       52992           64         516.202      6782976       423936
       52992          128          14.511     13565952       847872
       52992          256         548.798     27131904      1695744
       52992          512         589.519     54263808      3391488
       52992         1024         617.573    108527616      6782976
       52992         2048         771.648    217055232     13565952
       52992         4096        1314.365    434110464     27131904
       52992         8192        2351.869    868220928     54263808
       52992        16384        4829.076   1736441856    108527616
       57600            1         518.173       115200         7200
       57600            2         514.994       230400        14400
       57600            4         490.636       460800        28800
       57600            8         630.866       921600        57600
       57600           16         543.476      1843200       115200
       57600           32         504.782      3686400       230400
       57600           64         633.490      7372800       460800
       57600          128         561.224     14745600       921600
       57600          256         552.415     29491200      1843200
       57600          512         572.849     58982400      3686400
       57600         1024         556.520    117964800      7372800
       57600         2048         635.786    235929600     14745600
       57600         4096         929.898    471859200     29491200
       57600         8192        1911.629    943718400     58982400
       57600        16384        1597.400   1887436800    117964800
       63360            1         673.692       126720         7920
       63360            2         514.265       253440        15840
       63360            4         515.349       506880        31680
       63360            8         548.584      1013760        63360
       63360           16         590.337      2027520       126720
       63360           32         560.163      4055040       253440
       63360           64         459.255      8110080       506880
       63360          128         442.347     16220160      1013760
       63360          256         614.237     32440320      2027520
       63360          512         665.617     64880640      4055040
       63360         1024         656.210    129761280      8110080
       63360         2048         848.912    259522560     16220160
       63360         4096        1327.377    519045120     32440320
       63360         8192        2070.025   1038090240     64880640
       63360        16384        4012.833   2076180480    129761280
       69120            1         545.427       138240         8640
       69120            2         515.681       276480        17280
       69120            4         486.411       552960        34560
       69120            8         549.775      1105920        69120
       69120           16         520.838      2211840       138240
       69120           32         507.626      4423680       276480
       69120           64         575.558      8847360       552960
       69120          128         559.313     17694720      1105920
       69120          256         549.292     35389440      2211840
       69120          512         583.212     70778880      4423680
       69120         1024         695.727    141557760      8847360
       69120         2048         919.282    283115520     17694720
       69120         4096        1217.078    566231040     35389440
       69120         8192        2035.322   1132462080     70778880
       76032            1          23.403       152064         9504
       76032            2         557.416       304128        19008
       76032            4         552.482       608256        38016
       76032            8         501.050      1216512        76032
       76032           16         500.570      2433024       152064
       76032           32         640.455      4866048       304128
       76032           64         599.187      9732096       608256
       76032          128         581.281     19464192      1216512
       76032          256         631.676     38928384      2433024
       76032          512         608.204     77856768      4866048
       76032         1024         734.275    155713536      9732096
       76032         2048         784.894    311427072     19464192
       76032         4096        1523.523    622854144     38928384
       76032         8192        2772.798   1245708288     77856768
       82944            1         618.866       165888        10368
       82944            2         616.318       331776        20736
       82944            4         526.453       663552        41472
       82944            8         504.691      1327104        82944
       82944           16         613.231      2654208       165888
       82944           32         536.632      5308416       331776
       82944           64         625.384     10616832       663552
       82944          128         634.449     21233664      1327104
       82944          256         529.129     42467328      2654208
       82944          512         590.489     84934656      5308416
       82944         1024         624.595    169869312     10616832
       82944         2048         879.302    339738624     21233664
       82944         4096        1509.565    679477248     42467328
       82944         8192        2281.355   1358954496     84934656
       91008            1         623.766       182016        11376
       91008            2         510.889       364032        22752
       91008            4         560.860       728064        45504
       91008            8         576.685      1456128        91008
       91008           16         578.518      2912256       182016
       91008           32         482.631      5824512       364032
       91008           64         497.458     11649024       728064
       91008          128         547.575     23298048      1456128
       91008          256         586.032     46596096      2912256
       91008          512         575.564     93192192      5824512
       91008         1024         653.582    186384384     11649024
       91008         2048        1039.636    372768768     23298048
       91008         4096        2276.527    745537536     46596096
       91008         8192        3453.598   1491075072     93192192
       99072            1         603.199       198144        12384
       99072            2         570.299       396288        24768
       99072            4         512.398       792576        49536
       99072            8         497.662      1585152        99072
       99072           16         483.618      3170304       198144
       99072           32         570.760      6340608       396288
       99072           64         511.289     12681216       792576
       99072          128         625.562     25362432      1585152
       99072          256         578.504     50724864      3170304
       99072          512         532.740    101449728      6340608
       99072         1024         686.414    202899456     12681216
       99072         2048        1171.823    405798912     25362432
       99072         4096        1483.078    811597824     50724864
       99072         8192        2333.644   1623195648    101449728
      108288            1           7.612       216576        13536
      108288            2         585.545       433152        27072
      108288            4         556.205       866304        54144
      108288            8         521.191      1732608       108288
      108288           16         583.043      3465216       216576
      108288           32         528.265      6930432       433152
      108288           64         583.004     13860864       866304
      108288          128         545.222     27721728      1732608
      108288          256         559.594     55443456      3465216
      108288          512         606.951    110886912      6930432
      108288         1024         749.731    221773824     13860864
      108288         2048        1101.830    443547648     27721728
      108288         4096        2018.667    887095296     55443456
      108288         8192        3995.570   1774190592    110886912
      118656            1         530.697       237312        14832
      118656            2         559.216       474624        29664
      118656            4         485.946       949248        59328
      118656            8         595.533      1898496       118656
      118656           16         468.238      3796992       237312
      118656           32         535.209      7593984       474624
      118656           64         626.168     15187968       949248
      118656          128         646.163     30375936      1898496
      118656          256         570.164     60751872      3796992
      118656          512         653.956    121503744      7593984
      118656         1024         800.894    243007488     15187968
      118656         2048        1235.823    486014976     30375936
      118656         4096        2331.038    972029952     60751872
      118656         8192        4279.389   1944059904    121503744
      130176            1         492.126       260352        16272
      130176            2         487.721       520704        32544
      130176            4         516.879      1041408        65088
      130176            8         556.017      2082816       130176
      130176           16         522.215      4165632       260352
      130176           32         553.844      8331264       520704
      130176           64         502.891     16662528      1041408
      130176          128         616.614     33325056      2082816
      130176          256         698.124     66650112      4165632
      130176          512         703.140    133300224      8331264
      130176         1024         982.606    266600448     16662528
      130176         2048        1382.995    533200896     33325056
      130176         4096        1897.939   1066401792     66650112
      130176         8192        4186.641   2132803584    133300224
      142848            1         616.579       285696        17856
      142848            2         560.308       571392        35712
      142848            4          12.223      1142784        71424
      142848            8         564.766      2285568       142848
      142848           16         481.134      4571136       285696
      142848           32         508.459      9142272       571392
      142848           64         594.514     18284544      1142784
      142848          128         580.020     36569088      2285568
      142848          256         685.707     73138176      4571136
      142848          512         578.259    146276352      9142272
      142848         1024         915.087    292552704     18284544
      142848         2048        1370.596    585105408     36569088
      142848         4096        2660.959   1170210816     73138176
      156672            1         590.100       313344        19584
      156672            2         579.244       626688        39168
      156672            4         616.078      1253376        78336
      156672            8         497.892      2506752       156672
      156672           16         465.138      5013504       313344
      156672           32         495.024     10027008       626688
      156672           64         547.872     20054016      1253376
      156672          128         661.292     40108032      2506752
      156672          256         675.441     80216064      5013504
      156672          512         673.237    160432128     10027008
      156672         1024         781.527    320864256     20054016
      156672         2048        1209.922    641728512     40108032
      156672         4096        2216.101   1283457024     80216064
      171648            1         564.224       343296        21456
      171648            2         478.028       686592        42912
      171648            4         458.074      1373184        85824
      171648            8         522.783      2746368       171648
      171648           16         559.751      5492736       343296
      171648           32         583.749     10985472       686592
      171648           64         546.714     21970944      1373184
      171648          128         606.463     43941888      2746368
      171648          256         642.229     87883776      5492736
      171648          512         856.963    175767552     10985472
      171648         1024         987.076    351535104     21970944
      171648         2048        2161.597    703070208     43941888
      171648         4096        3937.038   1406140416     87883776
      187776            1         470.945       375552        23472
      187776            2         507.015       751104        46944
      187776            4         520.252      1502208        93888
      187776            8         552.819      3004416       187776
      187776           16         504.957      6008832       375552
      187776           32         639.198     12017664       751104
      187776           64         587.010     24035328      1502208
      187776          128         576.723     48070656      3004416
      187776          256         662.730     96141312      6008832
      187776          512         741.635    192282624     12017664
      187776         1024        1113.005    384565248     24035328
      187776         2048        1879.388    769130496     48070656
      187776         4096        3627.978   1538260992     96141312
      206208            1         577.028       412416        25776
      206208            2         570.175       824832        51552
      206208            4         570.369      1649664       103104
      206208            8         524.992      3299328       206208
      206208           16         582.759      6598656       412416
      206208           32         586.278     13197312       824832
      206208           64         503.717     26394624      1649664
      206208          128         556.179     52789248      3299328
      206208          256         567.024    105578496      6598656
      206208          512         802.605    211156992     13197312
      206208         1024         955.109    422313984     26394624
      206208         2048        1543.018    844627968     52789248
      206208         4096        3540.326   1689255936    105578496
      225792            1         452.646       451584        28224
      225792            2         469.814       903168        56448
      225792            4         533.630      1806336       112896
      225792            8         641.821      3612672       225792
      225792           16         509.994      7225344       451584
      225792           32         534.081     14450688       903168
      225792           64         606.385     28901376      1806336
      225792          128         599.378     57802752      3612672
      225792          256         615.046    115605504      7225344
      225792          512         714.843    231211008     14450688
      225792         1024         997.171    462422016     28901376
      225792         2048        1950.849    924844032     57802752
      225792         4096        2975.236   1849688064    115605504
      247680            1         500.105       495360        30960
      247680            2         532.452       990720        61920
      247680            4         618.990      1981440       123840
      247680            8         579.549      3962880       247680
      247680           16         727.149      7925760       495360
      247680           32         487.627     15851520       990720
      247680           64         572.028     31703040      1981440
      247680          128         617.870     63406080      3962880
      247680          256         711.839    126812160      7925760
      247680          512         849.401    253624320     15851520
      247680         1024        1417.336    507248640     31703040
      247680         2048        2641.991   1014497280     63406080
      247680         4096        2069.797   2028994560    126812160
      271872            1           6.608       543744        33984
      271872            2         582.128      1087488        67968
      271872            4         568.597      2174976       135936
      271872            8         565.977      4349952       271872
      271872           16         591.376      8699904       543744
      271872           32         617.855     17399808      1087488
      271872           64         529.238     34799616      2174976
      271872          128         611.121     69599232      4349952
      271872          256         635.722    139198464      8699904
      271872          512         883.042    278396928     17399808
      271872         1024        1701.518    556793856     34799616
      271872         2048        3253.620   1113587712     69599232
      298368            1         560.140       596736        37296
      298368            2         565.193      1193472        74592
      298368            4         563.671      2386944       149184
      298368            8         513.062      4773888       298368
      298368           16         587.499      9547776       596736
      298368           32         639.182     19095552      1193472
      298368           64         573.962     38191104      2386944
      298368          128         653.332     76382208      4773888
      298368          256         672.903    152764416      9547776
      298368          512         879.883    305528832     19095552
      298368         1024        1187.434    611057664     38191104
      298368         2048        2228.251   1222115328     76382208
      327168            1         582.053       654336        40896
      327168            2         496.568      1308672        81792
      327168            4         518.168      2617344       163584
      327168            8         553.792      5234688       327168
      327168           16         601.541     10469376       654336
      327168           32         652.870     20938752      1308672
      327168           64         540.588     41877504      2617344
      327168          128         555.664     83755008      5234688
      327168          256         831.532    167510016     10469376
      327168          512        1084.781    335020032     20938752
      327168         1024        1619.170    670040064     41877504
      327168         2048        3178.495   1340080128     83755008
      359424            1         491.246       718848        44928
      359424            2         567.603      1437696        89856
      359424            4         484.896      2875392       179712
      359424            8         474.417      5750784       359424
      359424           16         606.193     11501568       718848
      359424           32         569.504     23003136      1437696
      359424           64         516.539     46006272      2875392
      359424          128         574.393     92012544      5750784
      359424          256         655.257    184025088     11501568
      359424          512         866.841    368050176     23003136
      359424         1024        2103.071    736100352     46006272
      359424         2048        4030.791   1472200704     92012544
      395136            1         526.745       790272        49392
      395136            2         583.267      1580544        98784
      395136            4         608.119      3161088       197568
      395136            8         549.630      6322176       395136
      395136           16         459.899     12644352       790272
      395136           32         454.591     25288704      1580544
      395136           64         480.768     50577408      3161088
      395136          128         500.022    101154816      6322176
      395136          256         666.483    202309632     12644352
      395136          512         865.449    404619264     25288704
      395136         1024        1748.167    809238528     50577408
      395136         2048        2826.886   1618477056    101154816
      434304            1         543.067       868608        54288
      434304            2         718.511      1737216       108576
      434304            4         595.904      3474432       217152
      434304            8         561.576      6948864       434304
      434304           16         657.265     13897728       868608
      434304           32         623.775     27795456      1737216
      434304           64         543.083     55590912      3474432
      434304          128         670.141    111181824      6948864
      434304          256         863.009    222363648     13897728
      434304          512        1335.055    444727296     27795456
      434304         1024        2123.058    889454592     55590912
      434304         2048        4251.116   1778909184    111181824
      476928            1         664.784       953856        59616
      476928            2         591.553      1907712       119232
      476928            4         615.546      3815424       238464
      476928            8         503.783      7630848       476928
      476928           16         628.572     15261696       953856
      476928           32         547.391     30523392      1907712
      476928           64         617.771     61046784      3815424
      476928          128         601.054    122093568      7630848
      476928          256         723.506    244187136     15261696
      476928          512         808.937    488374272     30523392
      476928         1024        2050.433    976748544     61046784
      476928         2048        3729.725   1953497088    122093568
      524160            1         641.438      1048320        65520
      524160            2         612.167      2096640       131040
      524160            4         513.297      4193280       262080
      524160            8         512.548      8386560       524160
      524160           16         550.672     16773120      1048320
      524160           32         618.606     33546240      2096640
      524160           64         620.770     67092480      4193280
      524160          128         707.222    134184960      8386560
      524160          256         974.592    268369920     16773120
      524160          512        1584.923    536739840     33546240
      524160         1024        2638.521   1073479680     67092480
      524160         2048        5399.922   2146959360    134184960
      576000            1         535.030      1152000        72000
      576000            2         494.092      2304000       144000
      576000            4         622.522      4608000       288000
      576000            8         622.813      9216000       576000
      576000           16         559.991     18432000      1152000
      576000           32         576.179     36864000      2304000
      576000           64         556.761     73728000      4608000
      576000          128         578.892    147456000      9216000
      576000          256         802.079    294912000     18432000
      576000          512        1337.058    589824000     36864000
      576000         1024        1256.868   1179648000     73728000
      633600            1         645.814      1267200        79200
      633600            2          10.717      2534400       158400
      633600            4         592.392      5068800       316800
      633600            8         544.250     10137600       633600
      633600           16         550.434     20275200      1267200
      633600           32         601.055     40550400      2534400
      633600           64         634.342     81100800      5068800
      633600          128         609.963    162201600     10137600
      633600          256         874.659    324403200     20275200
      633600          512        1596.579    648806400     40550400
      633600         1024        2333.374   1297612800     81100800
      696960            1         527.940      1393920        87120
      696960            2         480.012      2787840       174240
      696960            4         598.314      5575680       348480
      696960            8         610.747     11151360       696960
      696960           16         674.593     22302720      1393920
      696960           32         538.260     44605440      2787840
      696960           64         577.143     89210880      5575680
      696960          128         941.221    178421760     11151360
      696960          256        1008.773    356843520     22302720
      696960          512        1833.327    713687040     44605440
      696960         1024        3200.478   1427374080     89210880
      766080            1         526.028      1532160        95760
      766080            2         592.201      3064320       191520
      766080            4         604.623      6128640       383040
      766080            8         540.399     12257280       766080
      766080           16         589.825     24514560      1532160
      766080           32         573.428     49029120      3064320
      766080           64         642.653     98058240      6128640
      766080          128         887.875    196116480     12257280
      766080          256        1135.822    392232960     24514560
      766080          512        1573.775    784465920     49029120
      766080         1024        2512.274   1568931840     98058240
      842112            1         594.591      1684224       105264
      842112            2         557.942      3368448       210528
      842112            4         547.670      6736896       421056
      842112            8         691.188     13473792       842112
      842112           16         571.988     26947584      1684224
      842112           32         553.475     53895168      3368448
      842112           64         607.972    107790336      6736896
      842112          128         790.805    215580672     13473792
      842112          256        1112.337    431161344     26947584
      842112          512        2612.482    862322688     53895168
      842112         1024        3963.847   1724645376    107790336
      926208            1         506.845      1852416       115776
      926208            2         486.145      3704832       231552
      926208            4         547.484      7409664       463104
      926208            8         617.570     14819328       926208
      926208           16         529.481     29638656      1852416
      926208           32         566.575     59277312      3704832
      926208           64         635.487    118554624      7409664
      926208          128         737.267    237109248     14819328
      926208          256        1149.789    474218496     29638656
      926208          512        2066.794    948436992     59277312
      926208         1024        4453.421   1896873984    118554624
     1018368            1         553.286      2036736       127296
     1018368            2         614.618      4073472       254592
     1018368            4         644.262      8146944       509184
     1018368            8         584.122     16293888      1018368
     1018368           16         559.668     32587776      2036736
     1018368           32         550.355     65175552      4073472
     1018368           64         724.518    130351104      8146944
     1018368          128         823.659    260702208     16293888
     1018368          256        1329.839    521404416     32587776
     1018368          512        2790.695   1042808832     65175552
     1018368         1024        3170.064   2085617664    130351104
     1119744            1         519.779      2239488       139968
     1119744            2         512.764      4478976       279936
     1119744            4         561.800      8957952       559872
     1119744            8         511.400     17915904      1119744
     1119744           16         535.330     35831808      2239488
     1119744           32         599.698     71663616      4478976
     1119744           64         581.272    143327232      8957952
     1119744          128         719.016    286654464     17915904
     1119744          256         917.637    573308928     35831808
     1119744          512        1838.428   1146617856     71663616
     1231488            1          10.184      2462976       153936
     1231488            2         590.772      4925952       307872
     1231488            4         516.196      9851904       615744
     1231488            8         489.568     19703808      1231488
     1231488           16         533.678     39407616      2462976
     1231488           32         625.537     78815232      4925952
     1231488           64         613.272    157630464      9851904
     1231488          128         949.831    315260928     19703808
     1231488          256        1861.018    630521856     39407616
     1231488          512        3531.032   1261043712     78815232
     1353600            1         523.304      2707200       169200
     1353600            2         614.816      5414400       338400
     1353600            4         602.411     10828800       676800
     1353600            8         518.853     21657600      1353600
     1353600           16         490.830     43315200      2707200
     1353600           32         660.501     86630400      5414400
     1353600           64         621.138    173260800     10828800
     1353600          128         921.670    346521600     21657600
     1353600          256        1626.202    693043200     43315200
     1353600          512        2587.039   1386086400     86630400
     1488384            1          14.087      2976768       186048
     1488384            2         620.994      5953536       372096
     1488384            4         529.200     11907072       744192
     1488384            8         497.665     23814144      1488384
     1488384           16         600.674     47628288      2976768
     1488384           32         567.222     95256576      5953536
     1488384           64         808.459    190513152     11907072
     1488384          128        1048.542    381026304     23814144
     1488384          256        2141.199    762052608     47628288
     1488384          512        3588.343   1524105216     95256576
     1636992            1         580.700      3273984       204624
     1636992            2         610.684      6547968       409248
     1636992            4         507.648     13095936       818496
     1636992            8         529.972     26191872      1636992
     1636992           16         495.033     52383744      3273984
     1636992           32         551.084    104767488      6547968
     1636992           64         812.763    209534976     13095936
     1636992          128        1168.803    419069952     26191872
     1636992          256        1630.178    838139904     52383744
     1636992          512        1986.922   1676279808    104767488
     1800576            1         543.488      3601152       225072
     1800576            2         594.643      7202304       450144
     1800576            4         519.932     14404608       900288
     1800576            8         478.386     28809216      1800576
     1800576           16         754.394     57618432      3601152
     1800576           32         711.158    115236864      7202304
     1800576           64         821.630    230473728     14404608
     1800576          128        1461.431    460947456     28809216
     1800576          256        2368.384    921894912     57618432
     1800576          512        4147.574   1843789824    115236864
     1980288            1         437.646      3960576       247536
     1980288            2         505.195      7921152       495072
     1980288            4         635.451     15842304       990144
     1980288            8         543.766     31684608      1980288
     1980288           16         546.338     63369216      3960576
     1980288           32         655.815    126738432      7921152
     1980288           64         725.353    253476864     15842304
     1980288          128        1167.871    506953728     31684608
     1980288          256        2213.379   1013907456     63369216
     1980288          512        3002.087   2027814912    126738432
     2177280            1         521.049      4354560       272160
     2177280            2         592.619      8709120       544320
     2177280            4         579.947     17418240      1088640
     2177280            8         571.820     34836480      2177280
     2177280           16         558.204     69672960      4354560
     2177280           32         568.499    139345920      8709120
     2177280           64         694.657    278691840     17418240
     2177280          128         981.289    557383680     34836480
     2177280          256         908.342   1114767360     69672960
     2395008            1         613.115      4790016       299376
     2395008            2         562.442      9580032       598752
     2395008            4          14.386     19160064      1197504
     2395008            8         551.520     38320128      2395008
     2395008           16         581.354     76640256      4790016
     2395008           32         706.663    153280512      9580032
     2395008           64         966.136    306561024     19160064
     2395008          128        1736.374    613122048     38320128
     2395008          256        1698.419   1226244096     76640256
     2633472            1         543.917      5266944       329184
     2633472            2         572.863     10533888       658368
     2633472            4         601.732     21067776      1316736
     2633472            8         779.318     42135552      2633472
     2633472           16         690.717     84271104      5266944
     2633472           32         719.856    168542208     10533888
     2633472           64         999.504    337084416     21067776
     2633472          128        1644.188    674168832     42135552
     2633472          256        3069.489   1348337664     84271104
     2896128            1         572.163      5792256       362016
     2896128            2         533.768     11584512       724032
     2896128            4         588.002     23169024      1448064
     2896128            8         607.493     46338048      2896128
     2896128           16         596.165     92676096      5792256
     2896128           32         623.835    185352192     11584512
     2896128           64         930.977    370704384     23169024
     2896128          128        1420.624    741408768     46338048
     2896128          256        2514.912   1482817536     92676096
     3185280            1         596.998      6370560       398160
     3185280            2         575.198     12741120       796320
     3185280            4         651.315     25482240      1592640
     3185280            8         668.354     50964480      3185280
     3185280           16         667.321    101928960      6370560
     3185280           32         564.820    203857920     12741120
     3185280           64         841.588    407715840     25482240
     3185280          128        1059.625    815431680     50964480
     3185280          256        3693.444   1630863360    101928960
     3503232            1         605.490      7006464       437904
     3503232            2         517.098     14012928       875808
     3503232            4         536.857     28025856      1751616
     3503232            8         564.784     56051712      3503232
     3503232           16         590.650    112103424      7006464
     3503232           32         790.926    224206848     14012928
     3503232           64         958.569    448413696     28025856
     3503232          128        2117.384    896827392     56051712
     3503232          256        3856.089   1793654784    112103424
     3853440            1         537.353      7706880       481680
     3853440            2         610.292     15413760       963360
     3853440            4         594.368     30827520      1926720
     3853440            8         622.117     61655040      3853440
     3853440           16         544.395    123310080      7706880
     3853440           32         857.146    246620160     15413760
     3853440           64        1245.081    493240320     30827520
     3853440          128        2315.007    986480640     61655040
     3853440          256        4301.803   1972961280    123310080
     4238208            1         561.453      8476416       529776
     4238208            2           9.460     16952832      1059552
     4238208            4         499.358     33905664      2119104
     4238208            8         616.780     67811328      4238208
     4238208           16         648.625    135622656      8476416
     4238208           32         828.445    271245312     16952832
     4238208           64        1314.610    542490624     33905664
     4238208          128        1729.844   1084981248     67811328
     4660992            1         825.262      9321984       582624
     4660992            2         521.437     18643968      1165248
     4660992            4         555.416     37287936      2330496
     4660992            8         616.850     74575872      4660992
     4660992           16         774.353    149151744      9321984
     4660992           32         854.740    298303488     18643968
     4660992           64        1621.488    596606976     37287936
     4660992          128        2989.421   1193213952     74575872
     5126400            1         475.512     10252800       640800
     5126400            2         518.864     20505600      1281600
     5126400            4         543.005     41011200      2563200
     5126400            8         550.226     82022400      5126400
     5126400           16         666.189    164044800     10252800
     5126400           32         786.967    328089600     20505600
     5126400           64        1776.202    656179200     41011200
     5126400          128        2494.922   1312358400     82022400
     5639040            1         517.247     11278080       704880
     5639040            2         649.902     22556160      1409760
     5639040            4         554.732     45112320      2819520
     5639040            8         637.888     90224640      5639040
     5639040           16         550.040    180449280     11278080
     5639040           32         859.370    360898560     22556160
     5639040           64        1547.689    721797120     45112320
     5639040          128        3747.993   1443594240     90224640
     6202368            1         572.994     12404736       775296
     6202368            2         642.255     24809472      1550592
     6202368            4         504.778     49618944      3101184
     6202368            8         541.937     99237888      6202368
     6202368           16         749.697    198475776     12404736
     6202368           32         991.127    396951552     24809472
     6202368           64        1632.252    793903104     49618944
     6202368          128        3347.230   1587806208     99237888
     6822144            1         501.677     13644288       852768
     6822144            2         465.201     27288576      1705536
     6822144            4         606.654     54577152      3411072
     6822144            8         627.707    109154304      6822144
     6822144           16         801.645    218308608     13644288
     6822144           32        1093.660    436617216     27288576
     6822144           64        2356.013    873234432     54577152
     6822144          128        2576.886   1746468864    109154304
     7504128            1         543.161     15008256       938016
     7504128            2         525.985     30016512      1876032
     7504128            4         582.129     60033024      3752064
     7504128            8         612.038    120066048      7504128
     7504128           16         718.060    240132096     15008256
     7504128           32         960.211    480264192     30016512
     7504128           64        1556.907    960528384     60033024
     7504128          128        2757.970   1921056768    120066048
     8254080            1         753.227     16508160      1031760
     8254080            2         496.482     33016320      2063520
     8254080            4         569.262     66032640      4127040
     8254080            8         703.653    132065280      8254080
     8254080           16         896.760    264130560     16508160
     8254080           32        1755.761    528261120     33016320
     8254080           64        2714.549   1056522240     66032640
     8254080          128        4533.252   2113044480    132065280
     9078912            1         536.705     18157824      1134864
     9078912            2         571.195     36315648      2269728
     9078912            4         648.677     72631296      4539456
     9078912            8         714.196    145262592      9078912
     9078912           16         857.085    290525184     18157824
     9078912           32        1111.719    581050368     36315648
     9078912           64        2849.667   1162100736     72631296
     9986688            1         596.349     19973376      1248336
     9986688            2         543.961     39946752      2496672
     9986688            4         596.827     79893504      4993344
     9986688            8         606.083    159787008      9986688
     9986688           16         728.641    319574016     19973376
     9986688           32        1292.591    639148032     39946752
     9986688           64        2004.191   1278296064     79893504
    10984320            1         492.610     21968640      1373040
    10984320            2         536.513     43937280      2746080
    10984320            4         652.219     87874560      5492160
    10984320            8         682.396    175749120     10984320
    10984320           16         832.428    351498240     21968640
    10984320           32        1545.094    702996480     43937280
    10984320           64        2330.769   1405992960     87874560
    12082176            1         544.224     24164352      1510272
    12082176            2          20.151     48328704      3020544
    12082176            4         773.329     96657408      6041088
    12082176            8         752.658    193314816     12082176
    12082176           16        1076.402    386629632     24164352
    12082176           32        2337.961    773259264     48328704
    12082176           64        3647.633   1546518528     96657408
    13289472            1         518.945     26578944      1661184
    13289472            2         703.365     53157888      3322368
    13289472            4         587.035    106315776      6644736
    13289472            8         717.184    212631552     13289472
    13289472           16         970.116    425263104     26578944
    13289472           32        1446.590    850526208     53157888
    13289472           64        2734.527   1701052416    106315776
    14617728            1         628.694     29235456      1827216
    14617728            2         528.210     58470912      3654432
    14617728            4         698.135    116941824      7308864
    14617728            8         743.099    233883648     14617728
    14617728           16         938.689    467767296     29235456
    14617728           32        1730.515    935534592     58470912
    14617728           64        3740.748   1871069184    116941824
    16078464            1         571.902     32156928      2009808
    16078464            2         715.707     64313856      4019616
    16078464            4         692.227    128627712      8039232
    16078464            8         954.789    257255424     16078464
    16078464           16        1378.867    514510848     32156928
    16078464           32        2411.199   1029021696     64313856
    16078464           64        4641.936   2058043392    128627712
    17685504            1         555.853     35371008      2210688
    17685504            2         574.560     70742016      4421376
    17685504            4         675.324    141484032      8842752
    17685504            8         692.791    282968064     17685504
    17685504           16        1312.183    565936128     35371008
    17685504           32        2356.907   1131872256     70742016
    19453824            1         649.494     38907648      2431728
    19453824            2         540.034     77815296      4863456
    19453824            4         622.982    155630592      9726912
    19453824            8         944.433    311261184     19453824
    19453824           16        1224.101    622522368     38907648
    19453824           32        1672.795   1245044736     77815296
    21398400            1         520.142     42796800      2674800
    21398400            2         605.981     85593600      5349600
    21398400            4         676.257    171187200     10699200
    21398400            8         913.810    342374400     21398400
    21398400           16        1231.903    684748800     42796800
    21398400           32        1571.056   1369497600     85593600
    23537664            1         594.798     47075328      2942208
    23537664            2         567.489     94150656      5884416
    23537664            4         664.439    188301312     11768832
    23537664            8         801.166    376602624     23537664
    23537664           16        1404.071    753205248     47075328
    23537664           32        2419.661   1506410496     94150656
    25891200            1         553.424     51782400      3236400
    25891200            2         645.786    103564800      6472800
    25891200            4         685.919    207129600     12945600
    25891200            8         848.994    414259200     25891200
    25891200           16        1568.203    828518400     51782400
    25891200           32        2675.734   1657036800    103564800
    28479744            1         541.510     56959488      3559968
    28479744            2         643.053    113918976      7119936
    28479744            4         711.729    227837952     14239872
    28479744            8         371.009    455675904     28479744
    28479744           16        2087.717    911351808     56959488
    28479744           32        4177.256   1822703616    113918976
    31327488            1         546.898     62654976      3915936
    31327488            2         579.923    125309952      7831872
    31327488            4         695.745    250619904     15663744
    31327488            8        1185.294    501239808     31327488
    31327488           16        1458.470   1002479616     62654976
    31327488           32        4002.953   2004959232    125309952
    34459776            1         561.813     68919552      4307472
    34459776            2         711.512    137839104      8614944
    34459776            4         867.373    275678208     17229888
    34459776            8        1337.866    551356416     34459776
    34459776           16        2320.044   1102712832     68919552
    37905408            1         728.319     75810816      4738176
    37905408            2         755.374    151621632      9476352
    37905408            4         955.597    303243264     18952704
    37905408            8        1976.986    606486528     37905408
    37905408           16        2961.900   1212973056     75810816
    41695488            1         606.991     83390976      5211936
    41695488            2         744.955    166781952     10423872
    41695488            4         939.133    333563904     20847744
    41695488            8        1587.315    667127808     41695488
    41695488           16        2886.831   1334255616     83390976
    45864576            1         710.681     91729152      5733072
    45864576            2         764.323    183458304     11466144
    45864576            4        1229.147    366916608     22932288
    45864576            8        1787.633    733833216     45864576
    45864576           16        2032.010   1467666432     91729152
    50450688            1         646.383    100901376      6306336
    50450688            2         636.070    201802752     12612672
    50450688            4         855.189    403605504     25225344
    50450688            8        1405.004    807211008     50450688
    50450688           16        4373.524   1614422016    100901376
    55495296            1         949.216    110990592      6936912
    55495296            2         741.892    221981184     13873824
    55495296            4         918.616    443962368     27747648
    55495296            8        1503.536    887924736     55495296
    55495296           16        2834.172   1775849472    110990592
    61044480            1         624.264    122088960      7630560
    61044480            2        1099.918    244177920     15261120
    61044480            4        1301.165    488355840     30522240
    61044480            8        2202.848    976711680     61044480
    61044480           16        4098.484   1953423360    122088960
    67148928            1        1040.290    134297856      8393616
    67148928            2         666.486    268595712     16787232
    67148928            4         879.882    537191424     33574464
    67148928            8        2110.980   1074382848     67148928
    73862784            1        1057.748    147725568      9232848
    73862784            2         840.952    295451136     18465696
    73862784            4        1104.022    590902272     36931392
    73862784            8        1462.599   1181804544     73862784
    81248256            1        1014.968    162496512     10156032
    81248256            2         837.647    324993024     20312064
    81248256            4        1097.341    649986048     40624128
    81248256            8        1541.751   1299972096     81248256
    89372160            1         893.236    178744320     11171520
    89372160            2        1201.686    357488640     22343040
    89372160            4        1897.538    714977280     44686080
    89372160            8        2918.550   1429954560     89372160
    98309376            1        2376.918    196618752     12288672
    98309376            2        2315.263    393237504     24577344
    98309376            4        2200.002    786475008     49154688
    98309376            8        1698.932   1572950016     98309376
   108139392            1        1129.252    216278784     13517424
   108139392            2        4634.967    432557568     27034848
   108139392            4        5907.460    865115136     54069696
   108139392            8        5967.666   1730230272    108139392
   118953216            1        3172.407    237906432     14869152
   118953216            2        3367.045    475812864     29738304
   118953216            4        1554.435    951625728     59476608
   118953216            8        3912.751   1903251456    118953216
   130847616            1        2033.771    261695232     16355952
   130847616            2        3862.787    523390464     32711904
   130847616            4        5812.711   1046780928     65423808
   130847616            8        4230.812   2093561856    130847616
   143932032            1        1734.609    287864064     17991504
   143932032            2        5244.318    575728128     35983008
   143932032            4        3121.232   1151456256     71966016
   158325120            1        1622.354    316650240     19790640
   158325120            2        7205.092    633300480     39581280
   158325120            4       11941.890   1266600960     79162560
   174157056            1        2427.070    348314112     21769632
   174157056            2        8911.900    696628224     43539264
   174157056            4       10728.644   1393256448     87078528
   191571840            1        4565.658    383143680     23946480
   191571840            2       11509.191    766287360     47892960
   191571840            4       13285.158   1532574720     95785920
   210728448            1        6623.251    421456896     26341056
   210728448            2       17478.217    842913792     52682112
   210728448            4       11389.325   1685827584    105364224
   231800832            1        8252.021    463601664     28975104
   231800832            2        7004.205    927203328     57950208
   231800832            4       11649.094   1854406656    115900416
   254980224            1        4708.944    509960448     31872528
   254980224            2       13385.884   1019920896     63745056
   254980224            4       30622.592   2039841792    127490112
   280477440            1       12178.741    560954880     35059680
   280477440            2       11698.038   1121909760     70119360
   308525184            1       10446.306    617050368     38565648
   308525184            2       14914.850   1234100736     77131296
   339376896            1        7774.194    678753792     42422112
   339376896            2       15867.886   1357507584     84844224
   373313664            1        7811.190    746627328     46664208
   373313664            2       18821.314   1493254656     93328416
   410644224            1       11022.616    821288448     51330528
   410644224            2       24265.785   1642576896    102661056
   451708416            1       15120.267    903416832     56463552
   451708416            2       39824.852   1806833664    112927104
   496878336            1        8425.440    993756672     62109792
   496878336            2       29783.782   1987513344    124219584
   546565248            1       11085.001   1093130496     68320656
   601220736            1       15284.088   1202441472     75152592
   661342464            1       16044.240   1322684928     82667808
   727476480            1       20794.788   1454952960     90934560
   800224128            1       23162.380   1600448256    100028016
   880245504            1       29220.542   1760491008    110030688
   968269824            1       44527.665   1936539648    121033728
  1065096576            1       48512.939   2130193152    133137072

META_DATA
FLOPS          1
OPENMP_THREADS 144
ERT_VERSION  1.1.0
TIMESTAMP_DATA  1634056392.75
HOSTNAME  ('pmemMachine1', ['pmemMachine1.local'], ['fe80::5210:541c:37bc:6d9c'])
UNAME  ('Linux', 'pmemMachine1', '5.9.13-derrick-pmo', '#95 SMP Sat Sep 18 09:17:02 EDT 2021', 'x86_64', 'x86_64')
CONFIG  {'ERT_WORKING_SET_MIN': ['1'], 'ERT_CFLAGS': ['-O3'], 'ERT_CC': ['gcc'], 'ERT_OPENMP_LDFLAGS': ['-fopenmp'], 'ERT_MEMORY_MAX': ['1073741824'], 'ERT_LDFLAGS': [], 'ERT_LDLIBS': [], 'ERT_SPEC_GBYTES_DRAM': ['300'], 'ERT_RUN': ['export', 'KMP_AFFINITY=scatter;', 'export', 'OMP_NUM_THREADS=ERT_OPENMP_THREADS;', 'ERT_CODE'], 'ERT_FLOPS': ['1,2,4,8,16'], 'ERT_OPENMP_CFLAGS': ['-fopenmp'], 'ERT_SPEC_GFLOPS': ['1000'], 'ERT_MPI': [False], 'ERT_TRIALS_MIN': ['1'], 'ERT_DRIVER': ['driver1'], 'ERT_RESULTS': ['Results.madonna.lbl.gov.02'], 'ERT_OPENMP': ['True'], 'ERT_OPENMP_THREADS': ['1,2,4,8,16,32,48,64,80,96,112,128,144,160'], 'ERT_KERNEL': ['kernel1'], 'ERT_GPU': [False], 'ERT_LD': ['gcc'], 'ERT_NUM_EXPERIMENTS': ['3'], 'ERT_ALIGN': ['32'], 'ERT_GNUPLOT': ['gnuplot']}
