        1152            1         291.743         2304          144
        1152            2         360.858         4608          288
        1152            4         209.391         9216          576
        1152            8         291.850        18432         1152
        1152           16         436.409        36864         2304
        1152           32         259.225        73728         4608
        1152           64         227.299       147456         9216
        1152          128         397.793       294912        18432
        1152          256         391.606       589824        36864
        1152          512         416.155      1179648        73728
        1152         1024         244.360      2359296       147456
        1152         2048         284.238      4718592       294912
        1152         4096         237.419      9437184       589824
        1152         8192         521.097     18874368      1179648
        1152        16384         517.254     37748736      2359296
        1152        32768         622.308     75497472      4718592
        1152        65536         769.440    150994944      9437184
        1152       131072        1030.553    301989888     18874368
        1152       262144        3003.979    603979776     37748736
        1152       524288        5384.963   1207959552     75497472
        2304            1         267.966         4608          288
        2304            2         298.317         9216          576
        2304            4         349.945        18432         1152
        2304            8         241.410        36864         2304
        2304           16         280.895        73728         4608
        2304           32         514.379       147456         9216
        2304           64         280.279       294912        18432
        2304          128         231.437       589824        36864
        2304          256         506.356      1179648        73728
        2304          512         342.926      2359296       147456
        2304         1024         393.432      4718592       294912
        2304         2048         276.523      9437184       589824
        2304         4096         435.106     18874368      1179648
        2304         8192         541.523     37748736      2359296
        2304        16384         516.813     75497472      4718592
        2304        32768         785.376    150994944      9437184
        2304        65536         932.668    301989888     18874368
        2304       131072        2479.786    603979776     37748736
        2304       262144        3396.246   1207959552     75497472
        3456            1         292.316         6912          432
        3456            2         308.830        13824          864
        3456            4         334.896        27648         1728
        3456            8         388.032        55296         3456
        3456           16         440.318       110592         6912
        3456           32         449.098       221184        13824
        3456           64         407.379       442368        27648
        3456          128         399.771       884736        55296
        3456          256         331.120      1769472       110592
        3456          512         380.795      3538944       221184
        3456         1024         376.055      7077888       442368
        3456         2048         383.456     14155776       884736
        3456         4096         358.488     28311552      1769472
        3456         8192         504.034     56623104      3538944
        3456        16384         595.738    113246208      7077888
        3456        32768         699.486    226492416     14155776
        3456        65536        1506.168    452984832     28311552
        3456       131072        2441.515    905969664     56623104
        3456       262144        3987.410   1811939328    113246208
        4608            1         457.512         9216          576
        4608            2         551.653        18432         1152
        4608            4         572.954        36864         2304
        4608            8         578.887        73728         4608
        4608           16         541.544       147456         9216
        4608           32         623.498       294912        18432
        4608           64         381.789       589824        36864
        4608          128         597.523      1179648        73728
        4608          256         367.366      2359296       147456
        4608          512         375.764      4718592       294912
        4608         1024         359.713      9437184       589824
        4608         2048         485.920     18874368      1179648
        4608         4096         459.150     37748736      2359296
        4608         8192         593.097     75497472      4718592
        4608        16384         676.735    150994944      9437184
        4608        32768         811.113    301989888     18874368
        4608        65536        1930.847    603979776     37748736
        4608       131072        2944.915   1207959552     75497472
        5760            1         529.065        11520          720
        5760            2         450.272        23040         1440
        5760            4         461.858        46080         2880
        5760            8         468.451        92160         5760
        5760           16         437.876       184320        11520
        5760           32         392.127       368640        23040
        5760           64         403.041       737280        46080
        5760          128         460.186      1474560        92160
        5760          256         469.070      2949120       184320
        5760          512         365.450      5898240       368640
        5760         1024         402.981     11796480       737280
        5760         2048         481.281     23592960      1474560
        5760         4096         468.100     47185920      2949120
        5760         8192         460.093     94371840      5898240
        5760        16384         779.755    188743680     11796480
        5760        32768        1579.844    377487360     23592960
        5760        65536        2301.011    754974720     47185920
        5760       131072        2360.464   1509949440     94371840
        6912            1         491.617        13824          864
        6912            2         413.047        27648         1728
        6912            4         446.623        55296         3456
        6912            8         398.888       110592         6912
        6912           16         400.334       221184        13824
        6912           32         390.379       442368        27648
        6912           64         489.937       884736        55296
        6912          128         346.441      1769472       110592
        6912          256         441.217      3538944       221184
        6912          512         471.119      7077888       442368
        6912         1024         379.787     14155776       884736
        6912         2048         457.678     28311552      1769472
        6912         4096         453.060     56623104      3538944
        6912         8192         640.028    113246208      7077888
        6912        16384         832.288    226492416     14155776
        6912        32768        1236.407    452984832     28311552
        6912        65536        2566.403    905969664     56623104
        6912       131072        4205.054   1811939328    113246208
        8064            1         499.179        16128         1008
        8064            2         451.214        32256         2016
        8064            4         424.698        64512         4032
        8064            8         392.382       129024         8064
        8064           16         454.663       258048        16128
        8064           32         461.697       516096        32256
        8064           64         418.501      1032192        64512
        8064          128         549.618      2064384       129024
        8064          256          10.463      4128768       258048
        8064          512         408.829      8257536       516096
        8064         1024         497.497     16515072      1032192
        8064         2048         552.158     33030144      2064384
        8064         4096         548.533     66060288      4128768
        8064         8192         683.292    132120576      8257536
        8064        16384        1031.621    264241152     16515072
        8064        32768        1689.184    528482304     33030144
        8064        65536        3357.713   1056964608     66060288
        8064       131072        6443.417   2113929216    132120576
        9216            1         453.644        18432         1152
        9216            2         436.041        36864         2304
        9216            4         435.110        73728         4608
        9216            8         401.515       147456         9216
        9216           16         434.597       294912        18432
        9216           32         442.001       589824        36864
        9216           64         456.817      1179648        73728
        9216          128         479.828      2359296       147456
        9216          256         517.374      4718592       294912
        9216          512         522.259      9437184       589824
        9216         1024         542.932     18874368      1179648
        9216         2048         502.888     37748736      2359296
        9216         4096         510.461     75497472      4718592
        9216         8192         626.982    150994944      9437184
        9216        16384         890.650    301989888     18874368
        9216        32768        1275.953    603979776     37748736
        9216        65536        2277.443   1207959552     75497472
       10368            1         431.355        20736         1296
       10368            2         442.227        41472         2592
       10368            4         475.709        82944         5184
       10368            8         483.606       165888        10368
       10368           16         620.465       331776        20736
       10368           32         430.783       663552        41472
       10368           64         459.332      1327104        82944
       10368          128         426.737      2654208       165888
       10368          256         465.648      5308416       331776
       10368          512         494.884     10616832       663552
       10368         1024         478.562     21233664      1327104
       10368         2048         498.541     42467328      2654208
       10368         4096         557.411     84934656      5308416
       10368         8192         720.052    169869312     10616832
       10368        16384        1199.857    339738624     21233664
       10368        32768        2106.445    679477248     42467328
       10368        65536        4140.191   1358954496     84934656
       11520            1         409.957        23040         1440
       11520            2         500.250        46080         2880
       11520            4         473.507        92160         5760
       11520            8         489.891       184320        11520
       11520           16         499.131       368640        23040
       11520           32         504.733       737280        46080
       11520           64           5.918      1474560        92160
       11520          128         431.301      2949120       184320
       11520          256         522.323      5898240       368640
       11520          512         493.919     11796480       737280
       11520         1024         491.528     23592960      1474560
       11520         2048         493.378     47185920      2949120
       11520         4096         546.825     94371840      5898240
       11520         8192         719.372    188743680     11796480
       11520        16384        1206.024    377487360     23592960
       11520        32768        2270.735    754974720     47185920
       11520        65536        3331.915   1509949440     94371840
       12672            1         461.599        25344         1584
       12672            2         480.734        50688         3168
       12672            4         478.601       101376         6336
       12672            8         488.330       202752        12672
       12672           16         449.653       405504        25344
       12672           32         444.827       811008        50688
       12672           64         488.806      1622016       101376
       12672          128         477.179      3244032       202752
       12672          256         502.820      6488064       405504
       12672          512          15.951     12976128       811008
       12672         1024         521.386     25952256      1622016
       12672         2048         514.954     51904512      3244032
       12672         4096         623.558    103809024      6488064
       12672         8192         825.965    207618048     12976128
       12672        16384        1302.199    415236096     25952256
       12672        32768        2626.565    830472192     51904512
       12672        65536        5032.377   1660944384    103809024
       13824            1         517.226        27648         1728
       13824            2         465.632        55296         3456
       13824            4         509.180       110592         6912
       13824            8         472.892       221184        13824
       13824           16         536.926       442368        27648
       13824           32         562.276       884736        55296
       13824           64         521.576      1769472       110592
       13824          128         551.908      3538944       221184
       13824          256         491.849      7077888       442368
       13824          512         542.277     14155776       884736
       13824         1024         493.774     28311552      1769472
       13824         2048         586.724     56623104      3538944
       13824         4096         596.034    113246208      7077888
       13824         8192         742.484    226492416     14155776
       13824        16384        1236.905    452984832     28311552
       13824        32768        2310.275    905969664     56623104
       13824        65536        2998.028   1811939328    113246208
       14976            1         511.290        29952         1872
       14976            2         559.353        59904         3744
       14976            4         568.924       119808         7488
       14976            8         703.082       239616        14976
       14976           16         545.065       479232        29952
       14976           32         494.578       958464        59904
       14976           64         572.103      1916928       119808
       14976          128         533.917      3833856       239616
       14976          256         584.692      7667712       479232
       14976          512         539.097     15335424       958464
       14976         1024         620.880     30670848      1916928
       14976         2048         542.381     61341696      3833856
       14976         4096         645.603    122683392      7667712
       14976         8192        1198.421    245366784     15335424
       14976        16384        1685.943    490733568     30670848
       14976        32768        2729.137    981467136     61341696
       14976        65536        3669.412   1962934272    122683392
       16128            1         562.282        32256         2016
       16128            2         453.271        64512         4032
       16128            4         482.842       129024         8064
       16128            8         537.645       258048        16128
       16128           16         494.936       516096        32256
       16128           32         490.547      1032192        64512
       16128           64         437.730      2064384       129024
       16128          128         744.668      4128768       258048
       16128          256         524.139      8257536       516096
       16128          512         591.191     16515072      1032192
       16128         1024         564.037     33030144      2064384
       16128         2048         535.181     66060288      4128768
       16128         4096         616.396    132120576      8257536
       16128         8192         843.167    264241152     16515072
       16128        16384        1348.311    528482304     33030144
       16128        32768        2713.804   1056964608     66060288
       16128        65536        5137.350   2113929216    132120576
       17280            1         575.592        34560         2160
       17280            2         585.019        69120         4320
       17280            4         512.413       138240         8640
       17280            8         549.359       276480        17280
       17280           16         497.446       552960        34560
       17280           32         504.233      1105920        69120
       17280           64         580.340      2211840       138240
       17280          128         511.392      4423680       276480
       17280          256         492.386      8847360       552960
       17280          512         616.312     17694720      1105920
       17280         1024         510.535     35389440      2211840
       17280         2048         559.364     70778880      4423680
       17280         4096         718.700    141557760      8847360
       17280         8192         880.144    283115520     17694720
       17280        16384        1502.706    566231040     35389440
       17280        32768        2856.885   1132462080     70778880
       18432            1         499.845        36864         2304
       18432            2         475.319        73728         4608
       18432            4         648.294       147456         9216
       18432            8         516.232       294912        18432
       18432           16         555.688       589824        36864
       18432           32         599.883      1179648        73728
       18432           64         518.982      2359296       147456
       18432          128         529.864      4718592       294912
       18432          256         500.880      9437184       589824
       18432          512         484.714     18874368      1179648
       18432         1024         505.226     37748736      2359296
       18432         2048         618.235     75497472      4718592
       18432         4096         678.897    150994944      9437184
       18432         8192         934.973    301989888     18874368
       18432        16384        1608.149    603979776     37748736
       18432        32768        3130.668   1207959552     75497472
       19584            1         531.774        39168         2448
       19584            2         521.617        78336         4896
       19584            4         483.028       156672         9792
       19584            8         505.405       313344        19584
       19584           16         499.518       626688        39168
       19584           32         491.892      1253376        78336
       19584           64         496.145      2506752       156672
       19584          128         535.525      5013504       313344
       19584          256         472.814     10027008       626688
       19584          512         540.972     20054016      1253376
       19584         1024         507.537     40108032      2506752
       19584         2048         523.172     80216064      5013504
       19584         4096         699.506    160432128     10027008
       19584         8192         864.808    320864256     20054016
       19584        16384        1673.487    641728512     40108032
       19584        32768        2395.243   1283457024     80216064
       20736            1         604.472        41472         2592
       20736            2         570.770        82944         5184
       20736            4         584.603       165888        10368
       20736            8         535.865       331776        20736
       20736           16         457.029       663552        41472
       20736           32         478.131      1327104        82944
       20736           64           9.634      2654208       165888
       20736          128         548.714      5308416       331776
       20736          256         572.302     10616832       663552
       20736          512         572.924     21233664      1327104
       20736         1024         532.449     42467328      2654208
       20736         2048         542.133     84934656      5308416
       20736         4096         770.558    169869312     10616832
       20736         8192        1097.433    339738624     21233664
       20736        16384        1877.011    679477248     42467328
       20736        32768        4184.990   1358954496     84934656
       21888            1         493.389        43776         2736
       21888            2         587.888        87552         5472
       21888            4         608.475       175104        10944
       21888            8         543.437       350208        21888
       21888           16         571.393       700416        43776
       21888           32         480.750      1400832        87552
       21888           64         530.932      2801664       175104
       21888          128         492.081      5603328       350208
       21888          256         505.565     11206656       700416
       21888          512          16.247     22413312      1400832
       21888         1024         561.115     44826624      2801664
       21888         2048         547.411     89653248      5603328
       21888         4096         774.068    179306496     11206656
       21888         8192        1155.578    358612992     22413312
       21888        16384        2598.738    717225984     44826624
       21888        32768        4807.408   1434451968     89653248
       23040            1         569.057        46080         2880
       23040            2         582.887        92160         5760
       23040            4         568.739       184320        11520
       23040            8         540.359       368640        23040
       23040           16         551.125       737280        46080
       23040           32         617.758      1474560        92160
       23040           64         532.261      2949120       184320
       23040          128         537.632      5898240       368640
       23040          256         498.027     11796480       737280
       23040          512         518.050     23592960      1474560
       23040         1024         476.547     47185920      2949120
       23040         2048         571.409     94371840      5898240
       23040         4096         692.543    188743680     11796480
       23040         8192        1011.568    377487360     23592960
       23040        16384        1827.868    754974720     47185920
       23040        32768        2295.506   1509949440     94371840
       25344            1           6.568        50688         3168
       25344            2         643.071       101376         6336
       25344            4         504.344       202752        12672
       25344            8         456.015       405504        25344
       25344           16         651.812       811008        50688
       25344           32          10.300      1622016       101376
       25344           64         625.613      3244032       202752
       25344          128         640.386      6488064       405504
       25344          256         565.842     12976128       811008
       25344          512         575.765     25952256      1622016
       25344         1024         592.282     51904512      3244032
       25344         2048         605.856    103809024      6488064
       25344         4096         703.307    207618048     12976128
       25344         8192         988.490    415236096     25952256
       25344        16384        1660.487    830472192     51904512
       25344        32768        3320.774   1660944384    103809024
       27648            1           5.420        55296         3456
       27648            2         577.472       110592         6912
       27648            4         522.681       221184        13824
       27648            8         652.213       442368        27648
       27648           16         512.744       884736        55296
       27648           32         462.103      1769472       110592
       27648           64         517.089      3538944       221184
       27648          128         493.893      7077888       442368
       27648          256         499.591     14155776       884736
       27648          512         506.964     28311552      1769472
       27648         1024         505.808     56623104      3538944
       27648         2048         539.300    113246208      7077888
       27648         4096         787.334    226492416     14155776
       27648         8192        1223.580    452984832     28311552
       27648        16384        2652.326    905969664     56623104
       27648        32768        4313.978   1811939328    113246208
       29952            1         589.159        59904         3744
       29952            2         508.322       119808         7488
       29952            4         529.315       239616        14976
       29952            8         533.789       479232        29952
       29952           16         526.236       958464        59904
       29952           32         564.190      1916928       119808
       29952           64         600.159      3833856       239616
       29952          128         476.103      7667712       479232
       29952          256         483.930     15335424       958464
       29952          512         527.672     30670848      1916928
       29952         1024         504.898     61341696      3833856
       29952         2048         625.447    122683392      7667712
       29952         4096        1035.343    245366784     15335424
       29952         8192        1356.964    490733568     30670848
       29952        16384        2449.950    981467136     61341696
       29952        32768        5440.529   1962934272    122683392
       32256            1         505.074        64512         4032
       32256            2         512.911       129024         8064
       32256            4         617.498       258048        16128
       32256            8         587.036       516096        32256
       32256           16         511.877      1032192        64512
       32256           32         567.708      2064384       129024
       32256           64         508.939      4128768       258048
       32256          128         525.569      8257536       516096
       32256          256         539.006     16515072      1032192
       32256          512         507.851     33030144      2064384
       32256         1024         519.540     66060288      4128768
       32256         2048         639.022    132120576      8257536
       32256         4096         819.377    264241152     16515072
       32256         8192         880.468    528482304     33030144
       32256        16384        3268.231   1056964608     66060288
       32256        32768        5836.613   2113929216    132120576
       34560            1         562.260        69120         4320
       34560            2         523.007       138240         8640
       34560            4         511.708       276480        17280
       34560            8         469.687       552960        34560
       34560           16         520.018      1105920        69120
       34560           32         512.578      2211840       138240
       34560           64         474.072      4423680       276480
       34560          128         590.761      8847360       552960
       34560          256         580.488     17694720      1105920
       34560          512         528.925     35389440      2211840
       34560         1024         547.581     70778880      4423680
       34560         2048         651.209    141557760      8847360
       34560         4096         748.491    283115520     17694720
       34560         8192        1534.384    566231040     35389440
       34560        16384        2013.413   1132462080     70778880
       38016            1         512.606        76032         4752
       38016            2         495.034       152064         9504
       38016            4           7.462       304128        19008
       38016            8         537.279       608256        38016
       38016           16         585.090      1216512        76032
       38016           32         517.387      2433024       152064
       38016           64         501.981      4866048       304128
       38016          128         526.413      9732096       608256
       38016          256         603.107     19464192      1216512
       38016          512         477.466     38928384      2433024
       38016         1024         624.630     77856768      4866048
       38016         2048         637.420    155713536      9732096
       38016         4096        1046.981    311427072     19464192
       38016         8192        1370.317    622854144     38928384
       38016        16384        2623.073   1245708288     77856768
       41472            1         563.552        82944         5184
       41472            2         585.679       165888        10368
       41472            4         527.250       331776        20736
       41472            8         558.851       663552        41472
       41472           16         535.539      1327104        82944
       41472           32         589.317      2654208       165888
       41472           64         485.518      5308416       331776
       41472          128         552.785     10616832       663552
       41472          256         484.578     21233664      1327104
       41472          512         486.916     42467328      2654208
       41472         1024         503.264     84934656      5308416
       41472         2048         662.332    169869312     10616832
       41472         4096         892.239    339738624     21233664
       41472         8192        1436.085    679477248     42467328
       41472        16384        2247.901   1358954496     84934656
       44928            1         657.877        89856         5616
       44928            2         561.817       179712        11232
       44928            4         489.360       359424        22464
       44928            8         542.669       718848        44928
       44928           16         532.689      1437696        89856
       44928           32         543.589      2875392       179712
       44928           64         510.991      5750784       359424
       44928          128         494.245     11501568       718848
       44928          256         580.695     23003136      1437696
       44928          512         574.212     46006272      2875392
       44928         1024         623.283     92012544      5750784
       44928         2048         735.555    184025088     11501568
       44928         4096        1210.725    368050176     23003136
       44928         8192        2130.413    736100352     46006272
       44928        16384        3684.631   1472200704     92012544
       48384            1         500.114        96768         6048
       48384            2         502.438       193536        12096
       48384            4         538.465       387072        24192
       48384            8         520.693       774144        48384
       48384           16         525.980      1548288        96768
       48384           32         531.985      3096576       193536
       48384           64         518.843      6193152       387072
       48384          128         522.261     12386304       774144
       48384          256         540.237     24772608      1548288
       48384          512         510.584     49545216      3096576
       48384         1024         557.706     99090432      6193152
       48384         2048         704.601    198180864     12386304
       48384         4096         947.567    396361728     24772608
       48384         8192        1615.082    792723456     49545216
       48384        16384        3400.003   1585446912     99090432
       52992            1         512.645       105984         6624
       52992            2         507.056       211968        13248
       52992            4         709.047       423936        26496
       52992            8         528.071       847872        52992
       52992           16         473.519      1695744       105984
       52992           32         492.736      3391488       211968
       52992           64         494.662      6782976       423936
       52992          128         597.781     13565952       847872
       52992          256         610.534     27131904      1695744
       52992          512         581.710     54263808      3391488
       52992         1024         729.751    108527616      6782976
       52992         2048         918.998    217055232     13565952
       52992         4096        1307.897    434110464     27131904
       52992         8192        2101.604    868220928     54263808
       52992        16384        4098.163   1736441856    108527616
       57600            1         538.740       115200         7200
       57600            2         530.159       230400        14400
       57600            4         582.555       460800        28800
       57600            8         575.348       921600        57600
       57600           16         640.124      1843200       115200
       57600           32         553.248      3686400       230400
       57600           64         511.929      7372800       460800
       57600          128         579.359     14745600       921600
       57600          256         482.927     29491200      1843200
       57600          512         564.984     58982400      3686400
       57600         1024         610.925    117964800      7372800
       57600         2048         671.070    235929600     14745600
       57600         4096        1007.929    471859200     29491200
       57600         8192        2433.864    943718400     58982400
       57600        16384        4403.362   1887436800    117964800
       63360            1         476.371       126720         7920
       63360            2         471.907       253440        15840
       63360            4         544.381       506880        31680
       63360            8         492.602      1013760        63360
       63360           16         571.737      2027520       126720
       63360           32         550.044      4055040       253440
       63360           64         515.758      8110080       506880
       63360          128         621.442     16220160      1013760
       63360          256         529.516     32440320      2027520
       63360          512         635.388     64880640      4055040
       63360         1024         730.966    129761280      8110080
       63360         2048        1004.531    259522560     16220160
       63360         4096        1010.311    519045120     32440320
       63360         8192        1902.050   1038090240     64880640
       63360        16384        3267.578   2076180480    129761280
       69120            1         567.409       138240         8640
       69120            2         604.270       276480        17280
       69120            4         555.492       552960        34560
       69120            8         543.683      1105920        69120
       69120           16           7.478      2211840       138240
       69120           32         576.736      4423680       276480
       69120           64         531.190      8847360       552960
       69120          128         504.230     17694720      1105920
       69120          256         531.376     35389440      2211840
       69120          512         604.670     70778880      4423680
       69120         1024         766.686    141557760      8847360
       69120         2048         939.691    283115520     17694720
       69120         4096        1289.813    566231040     35389440
       69120         8192        2917.033   1132462080     70778880
       76032            1         474.014       152064         9504
       76032            2         596.779       304128        19008
       76032            4         520.459       608256        38016
       76032            8         530.561      1216512        76032
       76032           16         492.328      2433024       152064
       76032           32         559.719      4866048       304128
       76032           64         603.677      9732096       608256
       76032          128         515.185     19464192      1216512
       76032          256         564.635     38928384      2433024
       76032          512         489.931     77856768      4866048
       76032         1024         632.380    155713536      9732096
       76032         2048         855.674    311427072     19464192
       76032         4096        1211.690    622854144     38928384
       76032         8192        2099.945   1245708288     77856768
       82944            1         535.233       165888        10368
       82944            2         577.642       331776        20736
       82944            4         522.377       663552        41472
       82944            8         521.094      1327104        82944
       82944           16         620.262      2654208       165888
       82944           32         615.745      5308416       331776
       82944           64         590.423     10616832       663552
       82944          128         578.659     21233664      1327104
       82944          256         516.038     42467328      2654208
       82944          512         595.059     84934656      5308416
       82944         1024         737.214    169869312     10616832
       82944         2048        1043.170    339738624     21233664
       82944         4096        2023.310    679477248     42467328
       82944         8192        3459.373   1358954496     84934656
       91008            1         523.672       182016        11376
       91008            2         592.480       364032        22752
       91008            4         515.196       728064        45504
       91008            8         581.743      1456128        91008
       91008           16         483.055      2912256       182016
       91008           32         536.927      5824512       364032
       91008           64         478.986     11649024       728064
       91008          128         545.690     23298048      1456128
       91008          256         541.074     46596096      2912256
       91008          512         540.543     93192192      5824512
       91008         1024         730.391    186384384     11649024
       91008         2048         996.850    372768768     23298048
       91008         4096        1757.159    745537536     46596096
       91008         8192        3637.527   1491075072     93192192
       99072            1         513.421       198144        12384
       99072            2         504.115       396288        24768
       99072            4         545.119       792576        49536
       99072            8         622.215      1585152        99072
       99072           16         544.360      3170304       198144
       99072           32         618.217      6340608       396288
       99072           64         472.294     12681216       792576
       99072          128         494.531     25362432      1585152
       99072          256         527.131     50724864      3170304
       99072          512         654.390    101449728      6340608
       99072         1024         664.741    202899456     12681216
       99072         2048         691.421    405798912     25362432
       99072         4096        2476.602    811597824     50724864
       99072         8192        4233.871   1623195648    101449728
      108288            1         593.751       216576        13536
      108288            2         530.341       433152        27072
      108288            4         499.716       866304        54144
      108288            8         511.194      1732608       108288
      108288           16         491.534      3465216       216576
      108288           32         562.224      6930432       433152
      108288           64         560.061     13860864       866304
      108288          128         596.490     27721728      1732608
      108288          256         608.559     55443456      3465216
      108288          512         571.235    110886912      6930432
      108288         1024         735.000    221773824     13860864
      108288         2048        1146.840    443547648     27721728
      108288         4096        1771.513    887095296     55443456
      108288         8192        3610.026   1774190592    110886912
      118656            1         559.855       237312        14832
      118656            2           9.939       474624        29664
      118656            4         462.919       949248        59328
      118656            8         463.240      1898496       118656
      118656           16         599.735      3796992       237312
      118656           32         572.344      7593984       474624
      118656           64         593.995     15187968       949248
      118656          128         555.668     30375936      1898496
      118656          256         639.218     60751872      3796992
      118656          512         638.556    121503744      7593984
      118656         1024         769.402    243007488     15187968
      118656         2048        1266.724    486014976     30375936
      118656         4096        2785.099    972029952     60751872
      118656         8192        3779.212   1944059904    121503744
      130176            1         577.562       260352        16272
      130176            2         596.252       520704        32544
      130176            4         536.307      1041408        65088
      130176            8         547.130      2082816       130176
      130176           16         481.968      4165632       260352
      130176           32         497.552      8331264       520704
      130176           64         582.340     16662528      1041408
      130176          128         614.755     33325056      2082816
      130176          256         620.760     66650112      4165632
      130176          512         649.654    133300224      8331264
      130176         1024         926.021    266600448     16662528
      130176         2048        1284.859    533200896     33325056
      130176         4096        1971.137   1066401792     66650112
      130176         8192        4009.458   2132803584    133300224
      142848            1         450.374       285696        17856
      142848            2         589.347       571392        35712
      142848            4         570.673      1142784        71424
      142848            8         523.025      2285568       142848
      142848           16         568.612      4571136       285696
      142848           32         642.566      9142272       571392
      142848           64         486.093     18284544      1142784
      142848          128         600.418     36569088      2285568
      142848          256         544.058     73138176      4571136
      142848          512         678.148    146276352      9142272
      142848         1024         771.194    292552704     18284544
      142848         2048        1168.815    585105408     36569088
      142848         4096        2710.958   1170210816     73138176
      156672            1         499.205       313344        19584
      156672            2         586.632       626688        39168
      156672            4         530.103      1253376        78336
      156672            8         695.388      2506752       156672
      156672           16         589.811      5013504       313344
      156672           32         537.185     10027008       626688
      156672           64         566.124     20054016      1253376
      156672          128         599.654     40108032      2506752
      156672          256         589.305     80216064      5013504
      156672          512         691.228    160432128     10027008
      156672         1024        1061.195    320864256     20054016
      156672         2048        1659.125    641728512     40108032
      156672         4096        3526.595   1283457024     80216064
      171648            1         517.934       343296        21456
      171648            2         558.656       686592        42912
      171648            4         525.425      1373184        85824
      171648            8         576.624      2746368       171648
      171648           16         570.011      5492736       343296
      171648           32         583.839     10985472       686592
      171648           64         478.203     21970944      1373184
      171648          128         593.295     43941888      2746368
      171648          256         601.203     87883776      5492736
      171648          512         674.785    175767552     10985472
      171648         1024         888.019    351535104     21970944
      171648         2048        1881.163    703070208     43941888
      171648         4096        3321.342   1406140416     87883776
      187776            1         576.230       375552        23472
      187776            2         539.621       751104        46944
      187776            4         527.765      1502208        93888
      187776            8         557.108      3004416       187776
      187776           16         526.795      6008832       375552
      187776           32         635.100     12017664       751104
      187776           64         525.636     24035328      1502208
      187776          128         629.577     48070656      3004416
      187776          256         632.818     96141312      6008832
      187776          512         741.668    192282624     12017664
      187776         1024        1621.319    384565248     24035328
      187776         2048        1712.759    769130496     48070656
      187776         4096        3025.194   1538260992     96141312
      206208            1         571.332       412416        25776
      206208            2         546.065       824832        51552
      206208            4         495.809      1649664       103104
      206208            8         471.984      3299328       206208
      206208           16         580.142      6598656       412416
      206208           32         577.997     13197312       824832
      206208           64         551.104     26394624      1649664
      206208          128         552.581     52789248      3299328
      206208          256         742.575    105578496      6598656
      206208          512         788.130    211156992     13197312
      206208         1024        1383.232    422313984     26394624
      206208         2048        2260.130    844627968     52789248
      206208         4096        4772.780   1689255936    105578496
      225792            1         554.580       451584        28224
      225792            2         543.713       903168        56448
      225792            4         540.361      1806336       112896
      225792            8         526.697      3612672       225792
      225792           16         519.678      7225344       451584
      225792           32         533.779     14450688       903168
      225792           64         611.068     28901376      1806336
      225792          128         617.358     57802752      3612672
      225792          256         586.853    115605504      7225344
      225792          512         714.960    231211008     14450688
      225792         1024        1436.791    462422016     28901376
      225792         2048        2003.450    924844032     57802752
      225792         4096        3100.012   1849688064    115605504
      247680            1         487.796       495360        30960
      247680            2         629.022       990720        61920
      247680            4         589.297      1981440       123840
      247680            8         475.233      3962880       247680
      247680           16           8.493      7925760       495360
      247680           32         630.814     15851520       990720
      247680           64         498.066     31703040      1981440
      247680          128         538.269     63406080      3962880
      247680          256         636.006    126812160      7925760
      247680          512         841.088    253624320     15851520
      247680         1024        1407.718    507248640     31703040
      247680         2048        2622.302   1014497280     63406080
      247680         4096        4858.037   2028994560    126812160
      271872            1         572.064       543744        33984
      271872            2         532.649      1087488        67968
      271872            4         553.345      2174976       135936
      271872            8         573.191      4349952       271872
      271872           16         545.988      8699904       543744
      271872           32         538.184     17399808      1087488
      271872           64         565.973     34799616      2174976
      271872          128         592.578     69599232      4349952
      271872          256         679.566    139198464      8699904
      271872          512         853.572    278396928     17399808
      271872         1024        1579.483    556793856     34799616
      271872         2048        3161.977   1113587712     69599232
      298368            1         526.669       596736        37296
      298368            2         519.995      1193472        74592
      298368            4         612.210      2386944       149184
      298368            8         528.845      4773888       298368
      298368           16         634.105      9547776       596736
      298368           32         546.589     19095552      1193472
      298368           64         560.264     38191104      2386944
      298368          128         548.330     76382208      4773888
      298368          256         708.584    152764416      9547776
      298368          512         940.787    305528832     19095552
      298368         1024        1380.852    611057664     38191104
      298368         2048        3002.163   1222115328     76382208
      327168            1         566.618       654336        40896
      327168            2         567.903      1308672        81792
      327168            4         488.958      2617344       163584
      327168            8         532.289      5234688       327168
      327168           16         556.171     10469376       654336
      327168           32         500.326     20938752      1308672
      327168           64         563.228     41877504      2617344
      327168          128         681.281     83755008      5234688
      327168          256         692.862    167510016     10469376
      327168          512        1050.732    335020032     20938752
      327168         1024        1790.650    670040064     41877504
      327168         2048        3472.955   1340080128     83755008
      359424            1         530.209       718848        44928
      359424            2         517.774      1437696        89856
      359424            4         517.971      2875392       179712
      359424            8         539.029      5750784       359424
      359424           16         467.095     11501568       718848
      359424           32         489.077     23003136      1437696
      359424           64         581.973     46006272      2875392
      359424          128         610.191     92012544      5750784
      359424          256         700.400    184025088     11501568
      359424          512         754.860    368050176     23003136
      359424         1024        1673.540    736100352     46006272
      359424         2048        2166.682   1472200704     92012544
      395136            1         533.313       790272        49392
      395136            2         517.395      1580544        98784
      395136            4         518.598      3161088       197568
      395136            8          10.638      6322176       395136
      395136           16         561.060     12644352       790272
      395136           32         565.453     25288704      1580544
      395136           64         547.126     50577408      3161088
      395136          128         587.656    101154816      6322176
      395136          256         780.014    202309632     12644352
      395136          512        1112.146    404619264     25288704
      395136         1024        2165.706    809238528     50577408
      395136         2048        1389.069   1618477056    101154816
      434304            1         574.800       868608        54288
      434304            2           9.004      1737216       108576
      434304            4         542.517      3474432       217152
      434304            8         514.313      6948864       434304
      434304           16         537.373     13897728       868608
      434304           32         605.877     27795456      1737216
      434304           64         652.254     55590912      3474432
      434304          128         637.702    111181824      6948864
      434304          256         725.291    222363648     13897728
      434304          512        1119.009    444727296     27795456
      434304         1024        1860.353    889454592     55590912
      434304         2048        3015.268   1778909184    111181824
      476928            1         496.173       953856        59616
      476928            2         479.243      1907712       119232
      476928            4         481.286      3815424       238464
      476928            8         545.592      7630848       476928
      476928           16         515.043     15261696       953856
      476928           32         455.827     30523392      1907712
      476928           64         543.709     61046784      3815424
      476928          128         625.914    122093568      7630848
      476928          256         736.949    244187136     15261696
      476928          512         865.243    488374272     30523392
      476928         1024        1895.694    976748544     61046784
      476928         2048        2878.432   1953497088    122093568
      524160            1         555.453      1048320        65520
      524160            2         561.859      2096640       131040
      524160            4         559.212      4193280       262080
      524160            8         490.926      8386560       524160
      524160           16         535.741     16773120      1048320
      524160           32         631.742     33546240      2096640
      524160           64         579.672     67092480      4193280
      524160          128         621.550    134184960      8386560
      524160          256         808.865    268369920     16773120
      524160          512        1079.717    536739840     33546240
      524160         1024        1991.071   1073479680     67092480
      524160         2048        3255.014   2146959360    134184960
      576000            1         621.392      1152000        72000
      576000            2         572.294      2304000       144000
      576000            4         591.124      4608000       288000
      576000            8         515.964      9216000       576000
      576000           16         555.389     18432000      1152000
      576000           32         551.772     36864000      2304000
      576000           64         538.296     73728000      4608000
      576000          128         564.136    147456000      9216000
      576000          256         778.138    294912000     18432000
      576000          512        1187.840    589824000     36864000
      576000         1024        1500.637   1179648000     73728000
      633600            1         641.654      1267200        79200
      633600            2         424.841      2534400       158400
      633600            4         504.882      5068800       316800
      633600            8         447.508     10137600       633600
      633600           16         503.616     20275200      1267200
      633600           32         571.104     40550400      2534400
      633600           64         623.618     81100800      5068800
      633600          128         695.935    162201600     10137600
      633600          256         879.259    324403200     20275200
      633600          512        1710.007    648806400     40550400
      633600         1024        2981.597   1297612800     81100800
      696960            1         483.899      1393920        87120
      696960            2         492.579      2787840       174240
      696960            4         525.601      5575680       348480
      696960            8         534.017     11151360       696960
      696960           16         573.566     22302720      1393920
      696960           32         508.010     44605440      2787840
      696960           64         711.568     89210880      5575680
      696960          128         643.334    178421760     11151360
      696960          256         862.387    356843520     22302720
      696960          512        1466.390    713687040     44605440
      696960         1024        3016.112   1427374080     89210880
      766080            1         518.842      1532160        95760
      766080            2         556.489      3064320       191520
      766080            4         609.683      6128640       383040
      766080            8         539.656     12257280       766080
      766080           16         577.064     24514560      1532160
      766080           32         614.051     49029120      3064320
      766080           64         559.812     98058240      6128640
      766080          128         754.258    196116480     12257280
      766080          256        1087.441    392232960     24514560
      766080          512        1997.170    784465920     49029120
      766080         1024        3829.331   1568931840     98058240
      842112            1         550.357      1684224       105264
      842112            2         581.072      3368448       210528
      842112            4         518.678      6736896       421056
      842112            8         553.297     13473792       842112
      842112           16         514.949     26947584      1684224
      842112           32         558.156     53895168      3368448
      842112           64         648.937    107790336      6736896
      842112          128         812.523    215580672     13473792
      842112          256        1047.294    431161344     26947584
      842112          512        1458.455    862322688     53895168
      842112         1024        2834.507   1724645376    107790336
      926208            1         598.126      1852416       115776
      926208            2         496.451      3704832       231552
      926208            4         585.208      7409664       463104
      926208            8         588.656     14819328       926208
      926208           16         550.710     29638656      1852416
      926208           32         530.509     59277312      3704832
      926208           64         720.165    118554624      7409664
      926208          128         859.776    237109248     14819328
      926208          256        1194.979    474218496     29638656
      926208          512        1947.441    948436992     59277312
      926208         1024        4467.707   1896873984    118554624
     1018368            1         534.320      2036736       127296
     1018368            2         520.821      4073472       254592
     1018368            4         488.159      8146944       509184
     1018368            8         532.077     16293888      1018368
     1018368           16         589.164     32587776      2036736
     1018368           32         607.070     65175552      4073472
     1018368           64         746.020    130351104      8146944
     1018368          128         864.832    260702208     16293888
     1018368          256        1398.600    521404416     32587776
     1018368          512        2454.146   1042808832     65175552
     1018368         1024        3892.893   2085617664    130351104
     1119744            1         615.140      2239488       139968
     1119744            2         549.588      4478976       279936
     1119744            4         545.130      8957952       559872
     1119744            8         555.312     17915904      1119744
     1119744           16         587.099     35831808      2239488
     1119744           32         706.466     71663616      4478976
     1119744           64         757.218    143327232      8957952
     1119744          128         993.248    286654464     17915904
     1119744          256        1786.162    573308928     35831808
     1119744          512        2824.820   1146617856     71663616
     1231488            1         543.272      2462976       153936
     1231488            2         512.753      4925952       307872
     1231488            4         603.679      9851904       615744
     1231488            8         562.893     19703808      1231488
     1231488           16         505.382     39407616      2462976
     1231488           32         510.532     78815232      4925952
     1231488           64         662.273    157630464      9851904
     1231488          128         934.259    315260928     19703808
     1231488          256        1337.190    630521856     39407616
     1231488          512        1530.044   1261043712     78815232
     1353600            1         531.754      2707200       169200
     1353600            2         543.824      5414400       338400
     1353600            4         665.735     10828800       676800
     1353600            8         586.189     21657600      1353600
     1353600           16         596.116     43315200      2707200
     1353600           32         589.288     86630400      5414400
     1353600           64         715.850    173260800     10828800
     1353600          128         971.885    346521600     21657600
     1353600          256        1680.209    693043200     43315200
     1353600          512        3965.461   1386086400     86630400
     1488384            1         586.944      2976768       186048
     1488384            2         514.178      5953536       372096
     1488384            4         490.533     11907072       744192
     1488384            8         557.250     23814144      1488384
     1488384           16         525.249     47628288      2976768
     1488384           32         721.472     95256576      5953536
     1488384           64         893.523    190513152     11907072
     1488384          128        1431.531    381026304     23814144
     1488384          256        1137.386    762052608     47628288
     1488384          512        1745.919   1524105216     95256576
     1636992            1           7.384      3273984       204624
     1636992            2         534.683      6547968       409248
     1636992            4         494.421     13095936       818496
     1636992            8         647.577     26191872      1636992
     1636992           16         578.051     52383744      3273984
     1636992           32         606.257    104767488      6547968
     1636992           64         683.868    209534976     13095936
     1636992          128        1035.672    419069952     26191872
     1636992          256        2164.953    838139904     52383744
     1636992          512        3748.974   1676279808    104767488
     1800576            1         593.732      3601152       225072
     1800576            2         604.831      7202304       450144
     1800576            4         556.439     14404608       900288
     1800576            8         612.393     28809216      1800576
     1800576           16         500.755     57618432      3601152
     1800576           32         547.694    115236864      7202304
     1800576           64         817.778    230473728     14404608
     1800576          128         873.531    460947456     28809216
     1800576          256        1429.672    921894912     57618432
     1800576          512        4964.806   1843789824    115236864
     1980288            1         700.997      3960576       247536
     1980288            2         627.118      7921152       495072
     1980288            4         627.386     15842304       990144
     1980288            8         573.027     31684608      1980288
     1980288           16         511.125     63369216      3960576
     1980288           32         584.452    126738432      7921152
     1980288           64         683.381    253476864     15842304
     1980288          128         993.947    506953728     31684608
     1980288          256        1609.954   1013907456     63369216
     1980288          512        3381.993   2027814912    126738432
     2177280            1         490.058      4354560       272160
     2177280            2         598.157      8709120       544320
     2177280            4         529.329     17418240      1088640
     2177280            8         529.165     34836480      2177280
     2177280           16         656.090     69672960      4354560
     2177280           32         644.818    139345920      8709120
     2177280           64         961.753    278691840     17418240
     2177280          128        1756.260    557383680     34836480
     2177280          256        2831.951   1114767360     69672960
     2395008            1         542.660      4790016       299376
     2395008            2         614.032      9580032       598752
     2395008            4         552.076     19160064      1197504
     2395008            8         509.577     38320128      2395008
     2395008           16         660.785     76640256      4790016
     2395008           32         650.101    153280512      9580032
     2395008           64         863.054    306561024     19160064
     2395008          128        1821.020    613122048     38320128
     2395008          256        2851.690   1226244096     76640256
     2633472            1         547.657      5266944       329184
     2633472            2         583.900     10533888       658368
     2633472            4         574.209     21067776      1316736
     2633472            8         538.170     42135552      2633472
     2633472           16         503.127     84271104      5266944
     2633472           32         607.518    168542208     10533888
     2633472           64         992.056    337084416     21067776
     2633472          128        2059.546    674168832     42135552
     2633472          256        2451.842   1348337664     84271104
     2896128            1         588.222      5792256       362016
     2896128            2         540.178     11584512       724032
     2896128            4         513.976     23169024      1448064
     2896128            8         476.455     46338048      2896128
     2896128           16         568.258     92676096      5792256
     2896128           32         672.996    185352192     11584512
     2896128           64         767.196    370704384     23169024
     2896128          128        1854.632    741408768     46338048
     2896128          256        3449.037   1482817536     92676096
     3185280            1         621.895      6370560       398160
     3185280            2         598.852     12741120       796320
     3185280            4         614.898     25482240      1592640
     3185280            8         579.909     50964480      3185280
     3185280           16         550.735    101928960      6370560
     3185280           32         742.110    203857920     12741120
     3185280           64        1232.013    407715840     25482240
     3185280          128        2127.348    815431680     50964480
     3185280          256        2922.972   1630863360    101928960
     3503232            1         577.427      7006464       437904
     3503232            2         545.064     14012928       875808
     3503232            4         530.285     28025856      1751616
     3503232            8         575.990     56051712      3503232
     3503232           16         566.064    112103424      7006464
     3503232           32         690.409    224206848     14012928
     3503232           64         896.731    448413696     28025856
     3503232          128        1395.139    896827392     56051712
     3503232          256        3019.078   1793654784    112103424
     3853440            1         597.033      7706880       481680
     3853440            2         622.536     15413760       963360
     3853440            4         603.527     30827520      1926720
     3853440            8         519.697     61655040      3853440
     3853440           16         570.593    123310080      7706880
     3853440           32         926.358    246620160     15413760
     3853440           64        1266.964    493240320     30827520
     3853440          128        2389.089    986480640     61655040
     3853440          256        5199.525   1972961280    123310080
     4238208            1         545.512      8476416       529776
     4238208            2         615.403     16952832      1059552
     4238208            4         642.947     33905664      2119104
     4238208            8         595.271     67811328      4238208
     4238208           16         614.451    135622656      8476416
     4238208           32         926.321    271245312     16952832
     4238208           64        1682.811    542490624     33905664
     4238208          128        2648.423   1084981248     67811328
     4660992            1         483.153      9321984       582624
     4660992            2         545.368     18643968      1165248
     4660992            4         542.224     37287936      2330496
     4660992            8         667.407     74575872      4660992
     4660992           16         679.776    149151744      9321984
     4660992           32         870.763    298303488     18643968
     4660992           64        1438.585    596606976     37287936
     4660992          128        2879.053   1193213952     74575872
     5126400            1         585.452     10252800       640800
     5126400            2         564.188     20505600      1281600
     5126400            4         597.764     41011200      2563200
     5126400            8         535.012     82022400      5126400
     5126400           16         662.241    164044800     10252800
     5126400           32         833.711    328089600     20505600
     5126400           64        1262.668    656179200     41011200
     5126400          128        2226.264   1312358400     82022400
     5639040            1         562.646     11278080       704880
     5639040            2          20.779     22556160      1409760
     5639040            4         591.139     45112320      2819520
     5639040            8         595.623     90224640      5639040
     5639040           16         772.230    180449280     11278080
     5639040           32        1119.276    360898560     22556160
     5639040           64        1682.573    721797120     45112320
     5639040          128        3354.645   1443594240     90224640
     6202368            1         550.269     12404736       775296
     6202368            2         670.383     24809472      1550592
     6202368            4         701.670     49618944      3101184
     6202368            8         600.594     99237888      6202368
     6202368           16         652.160    198475776     12404736
     6202368           32        1169.730    396951552     24809472
     6202368           64        1682.796    793903104     49618944
     6202368          128        3157.621   1587806208     99237888
     6822144            1          14.489     13644288       852768
     6822144            2         540.677     27288576      1705536
     6822144            4         570.415     54577152      3411072
     6822144            8         617.382    109154304      6822144
     6822144           16         867.872    218308608     13644288
     6822144           32        1055.792    436617216     27288576
     6822144           64        1855.520    873234432     54577152
     6822144          128        1210.405   1746468864    109154304
     7504128            1         537.696     15008256       938016
     7504128            2         670.241     30016512      1876032
     7504128            4         597.939     60033024      3752064
     7504128            8         587.956    120066048      7504128
     7504128           16         746.061    240132096     15008256
     7504128           32        1231.623    480264192     30016512
     7504128           64        2116.568    960528384     60033024
     7504128          128        4472.993   1921056768    120066048
     8254080            1         550.629     16508160      1031760
     8254080            2         589.758     33016320      2063520
     8254080            4         586.079     66032640      4127040
     8254080            8         644.710    132065280      8254080
     8254080           16         860.357    264130560     16508160
     8254080           32        1202.249    528261120     33016320
     8254080           64        2046.616   1056522240     66032640
     8254080          128        3115.448   2113044480    132065280
     9078912            1         625.558     18157824      1134864
     9078912            2         539.532     36315648      2269728
     9078912            4         586.329     72631296      4539456
     9078912            8         709.604    145262592      9078912
     9078912           16         793.485    290525184     18157824
     9078912           32         984.396    581050368     36315648
     9078912           64        2013.413   1162100736     72631296
     9986688            1         524.553     19973376      1248336
     9986688            2         494.426     39946752      2496672
     9986688            4         495.404     79893504      4993344
     9986688            8         564.326    159787008      9986688
     9986688           16         853.030    319574016     19973376
     9986688           32        1265.964    639148032     39946752
     9986688           64        1934.489   1278296064     79893504
    10984320            1         467.740     21968640      1373040
    10984320            2         538.563     43937280      2746080
    10984320            4         551.344     87874560      5492160
    10984320            8         623.190    175749120     10984320
    10984320           16        1044.637    351498240     21968640
    10984320           32        1331.111    702996480     43937280
    10984320           64        2445.659   1405992960     87874560
    12082176            1         491.753     24164352      1510272
    12082176            2         665.769     48328704      3020544
    12082176            4         660.501     96657408      6041088
    12082176            8         729.475    193314816     12082176
    12082176           16         806.175    386629632     24164352
    12082176           32        1522.257    773259264     48328704
    12082176           64        3877.996   1546518528     96657408
    13289472            1         611.162     26578944      1661184
    13289472            2         607.838     53157888      3322368
    13289472            4         617.046    106315776      6644736
    13289472            8         814.415    212631552     13289472
    13289472           16         988.427    425263104     26578944
    13289472           32        1690.648    850526208     53157888
    13289472           64        2738.136   1701052416    106315776
    14617728            1         645.314     29235456      1827216
    14617728            2         550.994     58470912      3654432
    14617728            4         714.751    116941824      7308864
    14617728            8         875.940    233883648     14617728
    14617728           16        1545.996    467767296     29235456
    14617728           32        2386.429    935534592     58470912
    14617728           64        4936.235   1871069184    116941824
    16078464            1         552.384     32156928      2009808
    16078464            2         571.385     64313856      4019616
    16078464            4         669.561    128627712      8039232
    16078464            8         787.518    257255424     16078464
    16078464           16        1280.420    514510848     32156928
    16078464           32        2316.289   1029021696     64313856
    16078464           64        3875.820   2058043392    128627712
    17685504            1         601.351     35371008      2210688
    17685504            2         543.464     70742016      4421376
    17685504            4         705.044    141484032      8842752
    17685504            8         930.133    282968064     17685504
    17685504           16        1506.469    565936128     35371008
    17685504           32        3151.071   1131872256     70742016
    19453824            1         588.208     38907648      2431728
    19453824            2         684.003     77815296      4863456
    19453824            4         675.732    155630592      9726912
    19453824            8        1109.273    311261184     19453824
    19453824           16        1932.411    622522368     38907648
    19453824           32        2601.834   1245044736     77815296
    21398400            1         620.078     42796800      2674800
    21398400            2         670.843     85593600      5349600
    21398400            4         669.065    171187200     10699200
    21398400            8        1022.065    342374400     21398400
    21398400           16        1676.952    684748800     42796800
    21398400           32        2515.799   1369497600     85593600
    23537664            1         589.614     47075328      2942208
    23537664            2         626.307     94150656      5884416
    23537664            4         688.692    188301312     11768832
    23537664            8         885.307    376602624     23537664
    23537664           16        1592.780    753205248     47075328
    23537664           32        2699.963   1506410496     94150656
    25891200            1         527.180     51782400      3236400
    25891200            2         617.746    103564800      6472800
    25891200            4         806.469    207129600     12945600
    25891200            8         977.765    414259200     25891200
    25891200           16        1570.310    828518400     51782400
    25891200           32        2490.065   1657036800    103564800
    28479744            1         620.517     56959488      3559968
    28479744            2         609.497    113918976      7119936
    28479744            4         654.445    227837952     14239872
    28479744            8        1334.724    455675904     28479744
    28479744           16        2138.489    911351808     56959488
    28479744           32        4256.446   1822703616    113918976
    31327488            1         583.515     62654976      3915936
    31327488            2         691.767    125309952      7831872
    31327488            4         816.373    250619904     15663744
    31327488            8        1469.125    501239808     31327488
    31327488           16        2625.482   1002479616     62654976
    31327488           32        5199.734   2004959232    125309952
    34459776            1         557.649     68919552      4307472
    34459776            2         715.547    137839104      8614944
    34459776            4         860.659    275678208     17229888
    34459776            8        1423.988    551356416     34459776
    34459776           16        2962.288   1102712832     68919552
    37905408            1         636.896     75810816      4738176
    37905408            2         837.107    151621632      9476352
    37905408            4         925.386    303243264     18952704
    37905408            8        1409.453    606486528     37905408
    37905408           16        2846.515   1212973056     75810816
    41695488            1         617.902     83390976      5211936
    41695488            2         755.903    166781952     10423872
    41695488            4         823.309    333563904     20847744
    41695488            8        1977.042    667127808     41695488
    41695488           16        3154.505   1334255616     83390976
    45864576            1         720.620     91729152      5733072
    45864576            2         793.718    183458304     11466144
    45864576            4         977.255    366916608     22932288
    45864576            8        1891.010    733833216     45864576
    45864576           16        3310.168   1467666432     91729152
    50450688            1         761.737    100901376      6306336
    50450688            2         798.869    201802752     12612672
    50450688            4        1209.470    403605504     25225344
    50450688            8        1755.964    807211008     50450688
    50450688           16        3602.970   1614422016    100901376
    55495296            1         717.174    110990592      6936912
    55495296            2         904.089    221981184     13873824
    55495296            4        1258.177    443962368     27747648
    55495296            8        2058.108    887924736     55495296
    55495296           16        4254.194   1775849472    110990592
    61044480            1        1075.469    122088960      7630560
    61044480            2         824.325    244177920     15261120
    61044480            4        1051.055    488355840     30522240
    61044480            8        1867.405    976711680     61044480
    61044480           16        3931.947   1953423360    122088960
    67148928            1         834.228    134297856      8393616
    67148928            2         758.550    268595712     16787232
    67148928            4        1141.024    537191424     33574464
    67148928            8        2437.881   1074382848     67148928
    73862784            1        1049.068    147725568      9232848
    73862784            2         806.214    295451136     18465696
    73862784            4        1315.703    590902272     36931392
    73862784            8        3241.615   1181804544     73862784
    81248256            1        1425.331    162496512     10156032
    81248256            2        1622.185    324993024     20312064
    81248256            4        2163.227    649986048     40624128
    81248256            8        3659.905   1299972096     81248256
    89372160            1        2106.097    178744320     11171520
    89372160            2        2931.800    357488640     22343040
    89372160            4        2737.253    714977280     44686080
    89372160            8        3956.288   1429954560     89372160
    98309376            1        2536.357    196618752     12288672
    98309376            2        3475.292    393237504     24577344
    98309376            4        5432.537    786475008     49154688
    98309376            8        2197.577   1572950016     98309376
   108139392            1        1794.933    216278784     13517424
   108139392            2        3634.607    432557568     27034848
   108139392            4        4830.331    865115136     54069696
   108139392            8        4000.169   1730230272    108139392
   118953216            1        4932.688    237906432     14869152
   118953216            2        7110.062    475812864     29738304
   118953216            4        8394.967    951625728     59476608
   118953216            8       10408.529   1903251456    118953216
   130847616            1        1383.748    261695232     16355952
   130847616            2        3669.656    523390464     32711904
   130847616            4        7451.085   1046780928     65423808
   130847616            8        9786.938   2093561856    130847616
   143932032            1        2988.426    287864064     17991504
   143932032            2        8382.146    575728128     35983008
   143932032            4        2086.537   1151456256     71966016
   158325120            1        2743.256    316650240     19790640
   158325120            2        7546.553    633300480     39581280
   158325120            4        2958.941   1266600960     79162560
   174157056            1        1464.435    348314112     21769632
   174157056            2        9642.940    696628224     43539264
   174157056            4       19796.585   1393256448     87078528
   191571840            1        8675.542    383143680     23946480
   191571840            2       12429.261    766287360     47892960
   191571840            4        5719.702   1532574720     95785920
   210728448            1        3053.130    421456896     26341056
   210728448            2       11002.854    842913792     52682112
   210728448            4       19904.351   1685827584    105364224
   231800832            1        9809.344    463601664     28975104
   231800832            2       18859.547    927203328     57950208
   231800832            4       28998.654   1854406656    115900416
   254980224            1       10783.610    509960448     31872528
   254980224            2       21078.324   1019920896     63745056
   254980224            4       36856.771   2039841792    127490112
   280477440            1        8053.742    560954880     35059680
   280477440            2       10330.806   1121909760     70119360
   308525184            1        6504.590    617050368     38565648
   308525184            2       18210.270   1234100736     77131296
   339376896            1       16477.021    678753792     42422112
   339376896            2       34726.271   1357507584     84844224
   373313664            1       15724.808    746627328     46664208
   373313664            2       24799.664   1493254656     93328416
   410644224            1        7546.175    821288448     51330528
   410644224            2       40116.637   1642576896    102661056
   451708416            1       19855.072    903416832     56463552
   451708416            2       32062.344   1806833664    112927104
   496878336            1       15446.765    993756672     62109792
   496878336            2       32852.814   1987513344    124219584
   546565248            1       23032.335   1093130496     68320656
   601220736            1       26902.827   1202441472     75152592
   661342464            1       31521.873   1322684928     82667808
   727476480            1       33826.292   1454952960     90934560
   800224128            1       37071.683   1600448256    100028016
   880245504            1       41266.146   1760491008    110030688
   968269824            1       32384.140   1936539648    121033728
  1065096576            1       38520.644   2130193152    133137072

META_DATA
FLOPS          1
OPENMP_THREADS 144
ERT_VERSION  1.1.0
TIMESTAMP_DATA  1634056386.16
HOSTNAME  ('pmemMachine1', ['pmemMachine1.local'], ['fe80::5210:541c:37bc:6d9c'])
UNAME  ('Linux', 'pmemMachine1', '5.9.13-derrick-pmo', '#95 SMP Sat Sep 18 09:17:02 EDT 2021', 'x86_64', 'x86_64')
CONFIG  {'ERT_WORKING_SET_MIN': ['1'], 'ERT_CFLAGS': ['-O3'], 'ERT_CC': ['gcc'], 'ERT_OPENMP_LDFLAGS': ['-fopenmp'], 'ERT_MEMORY_MAX': ['1073741824'], 'ERT_LDFLAGS': [], 'ERT_LDLIBS': [], 'ERT_SPEC_GBYTES_DRAM': ['300'], 'ERT_RUN': ['export', 'KMP_AFFINITY=scatter;', 'export', 'OMP_NUM_THREADS=ERT_OPENMP_THREADS;', 'ERT_CODE'], 'ERT_FLOPS': ['1,2,4,8,16'], 'ERT_OPENMP_CFLAGS': ['-fopenmp'], 'ERT_SPEC_GFLOPS': ['1000'], 'ERT_MPI': [False], 'ERT_TRIALS_MIN': ['1'], 'ERT_DRIVER': ['driver1'], 'ERT_RESULTS': ['Results.madonna.lbl.gov.02'], 'ERT_OPENMP': ['True'], 'ERT_OPENMP_THREADS': ['1,2,4,8,16,32,48,64,80,96,112,128,144,160'], 'ERT_KERNEL': ['kernel1'], 'ERT_GPU': [False], 'ERT_LD': ['gcc'], 'ERT_NUM_EXPERIMENTS': ['3'], 'ERT_ALIGN': ['32'], 'ERT_GNUPLOT': ['gnuplot']}
