        1152            1         294.378         2304          144
        1152            2         330.730         4608          288
        1152            4         401.285         9216          576
        1152            8         348.649        18432         1152
        1152           16         267.301        36864         2304
        1152           32         242.174        73728         4608
        1152           64         377.376       147456         9216
        1152          128         229.013       294912        18432
        1152          256         332.105       589824        36864
        1152          512         366.136      1179648        73728
        1152         1024         326.393      2359296       147456
        1152         2048         304.032      4718592       294912
        1152         4096         273.325      9437184       589824
        1152         8192         295.809     18874368      1179648
        1152        16384         374.014     37748736      2359296
        1152        32768         638.649     75497472      4718592
        1152        65536         663.058    150994944      9437184
        1152       131072        1940.500    301989888     18874368
        1152       262144        3710.776    603979776     37748736
        1152       524288        3590.647   1207959552     75497472
        2304            1         384.605         4608          288
        2304            2         285.887         9216          576
        2304            4         335.932        18432         1152
        2304            8         298.270        36864         2304
        2304           16         512.243        73728         4608
        2304           32         498.752       147456         9216
        2304           64         500.221       294912        18432
        2304          128         443.743       589824        36864
        2304          256         495.951      1179648        73728
        2304          512         435.260      2359296       147456
        2304         1024         517.746      4718592       294912
        2304         2048         647.463      9437184       589824
        2304         4096         509.782     18874368      1179648
        2304         8192         572.278     37748736      2359296
        2304        16384         539.814     75497472      4718592
        2304        32768        1093.906    150994944      9437184
        2304        65536        1232.206    301989888     18874368
        2304       131072        2298.243    603979776     37748736
        2304       262144        1583.144   1207959552     75497472
        3456            1         446.015         6912          432
        3456            2         561.474        13824          864
        3456            4         473.545        27648         1728
        3456            8         414.488        55296         3456
        3456           16         412.396       110592         6912
        3456           32         588.122       221184        13824
        3456           64         447.667       442368        27648
        3456          128         424.814       884736        55296
        3456          256         565.054      1769472       110592
        3456          512         450.650      3538944       221184
        3456         1024         418.409      7077888       442368
        3456         2048         330.426     14155776       884736
        3456         4096         472.760     28311552      1769472
        3456         8192         535.060     56623104      3538944
        3456        16384         838.584    113246208      7077888
        3456        32768        1096.314    226492416     14155776
        3456        65536        1804.280    452984832     28311552
        3456       131072        1823.342    905969664     56623104
        3456       262144        2268.109   1811939328    113246208
        4608            1         349.565         9216          576
        4608            2         325.735        18432         1152
        4608            4         388.484        36864         2304
        4608            8         355.977        73728         4608
        4608           16         400.706       147456         9216
        4608           32         417.933       294912        18432
        4608           64         591.468       589824        36864
        4608          128         501.413      1179648        73728
        4608          256         536.157      2359296       147456
        4608          512         510.505      4718592       294912
        4608         1024          14.604      9437184       589824
        4608         2048         588.387     18874368      1179648
        4608         4096         401.918     37748736      2359296
        4608         8192         496.092     75497472      4718592
        4608        16384         894.719    150994944      9437184
        4608        32768        1229.064    301989888     18874368
        4608        65536        1814.952    603979776     37748736
        4608       131072        3365.771   1207959552     75497472
        5760            1         392.228        11520          720
        5760            2         408.876        23040         1440
        5760            4         430.064        46080         2880
        5760            8         494.983        92160         5760
        5760           16         445.605       184320        11520
        5760           32         405.872       368640        23040
        5760           64         518.159       737280        46080
        5760          128         458.220      1474560        92160
        5760          256         394.184      2949120       184320
        5760          512           4.699      5898240       368640
        5760         1024         453.693     11796480       737280
        5760         2048         441.130     23592960      1474560
        5760         4096         518.523     47185920      2949120
        5760         8192         608.155     94371840      5898240
        5760        16384         873.788    188743680     11796480
        5760        32768        1545.084    377487360     23592960
        5760        65536        1901.399    754974720     47185920
        5760       131072        3230.122   1509949440     94371840
        6912            1         363.302        13824          864
        6912            2         580.807        27648         1728
        6912            4         422.726        55296         3456
        6912            8         506.499       110592         6912
        6912           16         455.372       221184        13824
        6912           32         513.598       442368        27648
        6912           64         498.170       884736        55296
        6912          128         493.937      1769472       110592
        6912          256           6.627      3538944       221184
        6912          512         544.051      7077888       442368
        6912         1024         552.331     14155776       884736
        6912         2048         516.326     28311552      1769472
        6912         4096         570.994     56623104      3538944
        6912         8192         583.344    113246208      7077888
        6912        16384        1056.166    226492416     14155776
        6912        32768        1076.147    452984832     28311552
        6912        65536        1852.740    905969664     56623104
        6912       131072        5842.216   1811939328    113246208
        8064            1         428.172        16128         1008
        8064            2         451.988        32256         2016
        8064            4         474.619        64512         4032
        8064            8         519.134       129024         8064
        8064           16         466.326       258048        16128
        8064           32         488.565       516096        32256
        8064           64         608.212      1032192        64512
        8064          128         603.252      2064384       129024
        8064          256         602.231      4128768       258048
        8064          512         493.702      8257536       516096
        8064         1024         543.448     16515072      1032192
        8064         2048         498.378     33030144      2064384
        8064         4096         480.175     66060288      4128768
        8064         8192         836.295    132120576      8257536
        8064        16384        1079.671    264241152     16515072
        8064        32768        1920.612    528482304     33030144
        8064        65536        3730.694   1056964608     66060288
        8064       131072        6958.410   2113929216    132120576
        9216            1         582.610        18432         1152
        9216            2          86.710        36864         2304
        9216            4         433.215        73728         4608
        9216            8         519.281       147456         9216
        9216           16         575.179       294912        18432
        9216           32         550.333       589824        36864
        9216           64         419.872      1179648        73728
        9216          128         411.165      2359296       147456
        9216          256         442.176      4718592       294912
        9216          512         433.386      9437184       589824
        9216         1024         505.838     18874368      1179648
        9216         2048         463.637     37748736      2359296
        9216         4096         501.392     75497472      4718592
        9216         8192         591.997    150994944      9437184
        9216        16384         965.368    301989888     18874368
        9216        32768        1492.822    603979776     37748736
        9216        65536        2407.353   1207959552     75497472
       10368            1         499.034        20736         1296
       10368            2         633.016        41472         2592
       10368            4         429.041        82944         5184
       10368            8         488.803       165888        10368
       10368           16         517.800       331776        20736
       10368           32         423.451       663552        41472
       10368           64         524.433      1327104        82944
       10368          128         561.396      2654208       165888
       10368          256         602.875      5308416       331776
       10368          512         497.552     10616832       663552
       10368         1024         580.256     21233664      1327104
       10368         2048         579.052     42467328      2654208
       10368         4096         567.546     84934656      5308416
       10368         8192         727.332    169869312     10616832
       10368        16384        1245.621    339738624     21233664
       10368        32768        1589.537    679477248     42467328
       10368        65536        3613.217   1358954496     84934656
       11520            1         431.638        23040         1440
       11520            2         461.018        46080         2880
       11520            4           3.264        92160         5760
       11520            8         521.541       184320        11520
       11520           16         546.201       368640        23040
       11520           32         594.079       737280        46080
       11520           64         532.979      1474560        92160
       11520          128         494.399      2949120       184320
       11520          256         521.326      5898240       368640
       11520          512         660.939     11796480       737280
       11520         1024         607.490     23592960      1474560
       11520         2048         575.467     47185920      2949120
       11520         4096         587.036     94371840      5898240
       11520         8192         778.923    188743680     11796480
       11520        16384         999.521    377487360     23592960
       11520        32768        2066.803    754974720     47185920
       11520        65536        4098.320   1509949440     94371840
       12672            1         492.351        25344         1584
       12672            2         510.767        50688         3168
       12672            4         501.436       101376         6336
       12672            8         501.134       202752        12672
       12672           16         602.601       405504        25344
       12672           32         478.348       811008        50688
       12672           64         584.140      1622016       101376
       12672          128         586.627      3244032       202752
       12672          256         654.714      6488064       405504
       12672          512         527.248     12976128       811008
       12672         1024         600.739     25952256      1622016
       12672         2048         624.975     51904512      3244032
       12672         4096         671.201    103809024      6488064
       12672         8192         734.543    207618048     12976128
       12672        16384        1197.960    415236096     25952256
       12672        32768        2449.665    830472192     51904512
       12672        65536        3361.705   1660944384    103809024
       13824            1         504.473        27648         1728
       13824            2         497.289        55296         3456
       13824            4         622.622       110592         6912
       13824            8         485.490       221184        13824
       13824           16         522.464       442368        27648
       13824           32         592.805       884736        55296
       13824           64         611.483      1769472       110592
       13824          128         523.298      3538944       221184
       13824          256         484.075      7077888       442368
       13824          512         469.927     14155776       884736
       13824         1024         596.114     28311552      1769472
       13824         2048         500.202     56623104      3538944
       13824         4096         566.696    113246208      7077888
       13824         8192         895.793    226492416     14155776
       13824        16384        1244.322    452984832     28311552
       13824        32768        2543.426    905969664     56623104
       13824        65536        4656.655   1811939328    113246208
       14976            1         506.104        29952         1872
       14976            2         518.842        59904         3744
       14976            4         486.866       119808         7488
       14976            8         465.167       239616        14976
       14976           16         618.793       479232        29952
       14976           32         492.474       958464        59904
       14976           64         604.966      1916928       119808
       14976          128         511.652      3833856       239616
       14976          256         601.695      7667712       479232
       14976          512         513.600     15335424       958464
       14976         1024         599.229     30670848      1916928
       14976         2048         602.842     61341696      3833856
       14976         4096         566.252    122683392      7667712
       14976         8192         847.449    245366784     15335424
       14976        16384        1560.956    490733568     30670848
       14976        32768        2447.751    981467136     61341696
       14976        65536        3416.663   1962934272    122683392
       16128            1         554.801        32256         2016
       16128            2         514.936        64512         4032
       16128            4         531.811       129024         8064
       16128            8         630.160       258048        16128
       16128           16         550.157       516096        32256
       16128           32         537.190      1032192        64512
       16128           64         599.423      2064384       129024
       16128          128         487.466      4128768       258048
       16128          256         655.962      8257536       516096
       16128          512         454.951     16515072      1032192
       16128         1024         546.457     33030144      2064384
       16128         2048         575.326     66060288      4128768
       16128         4096         693.604    132120576      8257536
       16128         8192         845.418    264241152     16515072
       16128        16384        1423.940    528482304     33030144
       16128        32768        2893.681   1056964608     66060288
       16128        65536        5366.351   2113929216    132120576
       17280            1         493.907        34560         2160
       17280            2         455.179        69120         4320
       17280            4         491.205       138240         8640
       17280            8         590.036       276480        17280
       17280           16         545.272       552960        34560
       17280           32         608.772      1105920        69120
       17280           64         507.793      2211840       138240
       17280          128         571.880      4423680       276480
       17280          256         543.998      8847360       552960
       17280          512         800.561     17694720      1105920
       17280         1024         556.939     35389440      2211840
       17280         2048         607.101     70778880      4423680
       17280         4096         724.383    141557760      8847360
       17280         8192        1144.493    283115520     17694720
       17280        16384        2524.556    566231040     35389440
       17280        32768        3205.690   1132462080     70778880
       18432            1         554.909        36864         2304
       18432            2         483.566        73728         4608
       18432            4         564.889       147456         9216
       18432            8         525.485       294912        18432
       18432           16         498.176       589824        36864
       18432           32         599.808      1179648        73728
       18432           64         505.071      2359296       147456
       18432          128         578.385      4718592       294912
       18432          256         480.480      9437184       589824
       18432          512         599.247     18874368      1179648
       18432         1024         568.056     37748736      2359296
       18432         2048         556.633     75497472      4718592
       18432         4096         699.060    150994944      9437184
       18432         8192         991.775    301989888     18874368
       18432        16384        1368.655    603979776     37748736
       18432        32768        2037.935   1207959552     75497472
       19584            1         474.099        39168         2448
       19584            2         550.068        78336         4896
       19584            4         482.046       156672         9792
       19584            8         524.990       313344        19584
       19584           16         491.144       626688        39168
       19584           32         596.531      1253376        78336
       19584           64         486.071      2506752       156672
       19584          128         705.491      5013504       313344
       19584          256         535.507     10027008       626688
       19584          512         516.611     20054016      1253376
       19584         1024         629.920     40108032      2506752
       19584         2048         625.435     80216064      5013504
       19584         4096         775.524    160432128     10027008
       19584         8192        1018.700    320864256     20054016
       19584        16384        2073.238    641728512     40108032
       19584        32768        2973.746   1283457024     80216064
       20736            1         472.455        41472         2592
       20736            2         487.772        82944         5184
       20736            4         478.747       165888        10368
       20736            8         474.157       331776        20736
       20736           16         498.556       663552        41472
       20736           32         489.864      1327104        82944
       20736           64         538.073      2654208       165888
       20736          128         506.843      5308416       331776
       20736          256         608.517     10616832       663552
       20736          512         531.196     21233664      1327104
       20736         1024         640.794     42467328      2654208
       20736         2048         631.202     84934656      5308416
       20736         4096         643.308    169869312     10616832
       20736         8192        1042.967    339738624     21233664
       20736        16384        1411.291    679477248     42467328
       20736        32768        3114.421   1358954496     84934656
       21888            1         468.574        43776         2736
       21888            2         573.852        87552         5472
       21888            4         591.711       175104        10944
       21888            8         501.217       350208        21888
       21888           16         572.424       700416        43776
       21888           32         523.318      1400832        87552
       21888           64         497.824      2801664       175104
       21888          128         684.615      5603328       350208
       21888          256         539.445     11206656       700416
       21888          512         533.385     22413312      1400832
       21888         1024         702.428     44826624      2801664
       21888         2048         602.793     89653248      5603328
       21888         4096         773.058    179306496     11206656
       21888         8192        1107.428    358612992     22413312
       21888        16384        2163.267    717225984     44826624
       21888        32768        3941.438   1434451968     89653248
       23040            1         516.189        46080         2880
       23040            2         584.698        92160         5760
       23040            4         607.737       184320        11520
       23040            8         510.514       368640        23040
       23040           16         525.439       737280        46080
       23040           32         477.388      1474560        92160
       23040           64         476.810      2949120       184320
       23040          128         556.748      5898240       368640
       23040          256         517.048     11796480       737280
       23040          512         497.837     23592960      1474560
       23040         1024         542.279     47185920      2949120
       23040         2048         556.340     94371840      5898240
       23040         4096         653.063    188743680     11796480
       23040         8192         895.277    377487360     23592960
       23040        16384        1647.988    754974720     47185920
       23040        32768        2861.781   1509949440     94371840
       25344            1         504.474        50688         3168
       25344            2         502.564       101376         6336
       25344            4         523.156       202752        12672
       25344            8         527.643       405504        25344
       25344           16         497.854       811008        50688
       25344           32         501.966      1622016       101376
       25344           64         606.489      3244032       202752
       25344          128         605.141      6488064       405504
       25344          256         547.192     12976128       811008
       25344          512         711.149     25952256      1622016
       25344         1024         566.282     51904512      3244032
       25344         2048         638.049    103809024      6488064
       25344         4096         891.771    207618048     12976128
       25344         8192        1303.485    415236096     25952256
       25344        16384        2173.630    830472192     51904512
       25344        32768        4771.689   1660944384    103809024
       27648            1         514.938        55296         3456
       27648            2         542.402       110592         6912
       27648            4         514.634       221184        13824
       27648            8         523.840       442368        27648
       27648           16         633.450       884736        55296
       27648           32         516.660      1769472       110592
       27648           64         487.348      3538944       221184
       27648          128         533.519      7077888       442368
       27648          256         490.878     14155776       884736
       27648          512         535.549     28311552      1769472
       27648         1024         482.230     56623104      3538944
       27648         2048         591.275    113246208      7077888
       27648         4096         699.644    226492416     14155776
       27648         8192        1086.609    452984832     28311552
       27648        16384        1882.558    905969664     56623104
       27648        32768        2904.103   1811939328    113246208
       29952            1         586.017        59904         3744
       29952            2         510.074       119808         7488
       29952            4         567.144       239616        14976
       29952            8         514.621       479232        29952
       29952           16         607.415       958464        59904
       29952           32         520.985      1916928       119808
       29952           64         479.270      3833856       239616
       29952          128         616.650      7667712       479232
       29952          256         550.620     15335424       958464
       29952          512         565.546     30670848      1916928
       29952         1024         575.916     61341696      3833856
       29952         2048         601.147    122683392      7667712
       29952         4096         903.514    245366784     15335424
       29952         8192        1329.474    490733568     30670848
       29952        16384        2690.088    981467136     61341696
       29952        32768        6565.909   1962934272    122683392
       32256            1         502.800        64512         4032
       32256            2         603.385       129024         8064
       32256            4         607.743       258048        16128
       32256            8         480.707       516096        32256
       32256           16         600.684      1032192        64512
       32256           32         453.279      2064384       129024
       32256           64         500.164      4128768       258048
       32256          128         523.037      8257536       516096
       32256          256         498.104     16515072      1032192
       32256          512         612.441     33030144      2064384
       32256         1024         536.554     66060288      4128768
       32256         2048         587.932    132120576      8257536
       32256         4096         817.083    264241152     16515072
       32256         8192         976.083    528482304     33030144
       32256        16384        2087.382   1056964608     66060288
       32256        32768        3395.589   2113929216    132120576
       34560            1         482.003        69120         4320
       34560            2         528.192       138240         8640
       34560            4         477.038       276480        17280
       34560            8         510.826       552960        34560
       34560           16         557.806      1105920        69120
       34560           32         546.004      2211840       138240
       34560           64         533.652      4423680       276480
       34560          128         535.074      8847360       552960
       34560          256         582.694     17694720      1105920
       34560          512         525.749     35389440      2211840
       34560         1024         525.807     70778880      4423680
       34560         2048         769.166    141557760      8847360
       34560         4096         855.076    283115520     17694720
       34560         8192        1536.662    566231040     35389440
       34560        16384        2864.966   1132462080     70778880
       38016            1         697.781        76032         4752
       38016            2         673.248       152064         9504
       38016            4         502.458       304128        19008
       38016            8         471.956       608256        38016
       38016           16         492.022      1216512        76032
       38016           32           7.172      2433024       152064
       38016           64         607.243      4866048       304128
       38016          128         559.796      9732096       608256
       38016          256         619.490     19464192      1216512
       38016          512         643.600     38928384      2433024
       38016         1024         631.566     77856768      4866048
       38016         2048         757.215    155713536      9732096
       38016         4096        1077.783    311427072     19464192
       38016         8192        1738.712    622854144     38928384
       38016        16384        3359.647   1245708288     77856768
       41472            1         615.172        82944         5184
       41472            2         524.349       165888        10368
       41472            4         498.908       331776        20736
       41472            8         570.361       663552        41472
       41472           16         536.220      1327104        82944
       41472           32         510.344      2654208       165888
       41472           64         546.254      5308416       331776
       41472          128         526.341     10616832       663552
       41472          256         502.798     21233664      1327104
       41472          512         551.357     42467328      2654208
       41472         1024         558.112     84934656      5308416
       41472         2048         781.832    169869312     10616832
       41472         4096         804.999    339738624     21233664
       41472         8192        1232.614    679477248     42467328
       41472        16384        1790.617   1358954496     84934656
       44928            1         529.140        89856         5616
       44928            2         586.397       179712        11232
       44928            4         615.737       359424        22464
       44928            8         697.018       718848        44928
       44928           16         477.738      1437696        89856
       44928           32         559.086      2875392       179712
       44928           64         541.431      5750784       359424
       44928          128         604.487     11501568       718848
       44928          256         544.572     23003136      1437696
       44928          512         651.475     46006272      2875392
       44928         1024         701.509     92012544      5750784
       44928         2048         910.786    184025088     11501568
       44928         4096        1256.957    368050176     23003136
       44928         8192        2136.461    736100352     46006272
       44928        16384        3628.078   1472200704     92012544
       48384            1         586.823        96768         6048
       48384            2         520.538       193536        12096
       48384            4         589.905       387072        24192
       48384            8         595.611       774144        48384
       48384           16         487.529      1548288        96768
       48384           32         513.508      3096576       193536
       48384           64         468.917      6193152       387072
       48384          128         498.438     12386304       774144
       48384          256         606.527     24772608      1548288
       48384          512         654.385     49545216      3096576
       48384         1024         635.018     99090432      6193152
       48384         2048         664.761    198180864     12386304
       48384         4096         931.179    396361728     24772608
       48384         8192        1642.894    792723456     49545216
       48384        16384        1330.422   1585446912     99090432
       52992            1          10.314       105984         6624
       52992            2         545.046       211968        13248
       52992            4         509.371       423936        26496
       52992            8         555.894       847872        52992
       52992           16         525.784      1695744       105984
       52992           32         596.522      3391488       211968
       52992           64         604.279      6782976       423936
       52992          128         519.627     13565952       847872
       52992          256         568.784     27131904      1695744
       52992          512         665.068     54263808      3391488
       52992         1024         618.250    108527616      6782976
       52992         2048         696.124    217055232     13565952
       52992         4096        1244.415    434110464     27131904
       52992         8192        2544.859    868220928     54263808
       52992        16384        4887.616   1736441856    108527616
       57600            1         533.895       115200         7200
       57600            2         485.505       230400        14400
       57600            4         508.889       460800        28800
       57600            8         451.988       921600        57600
       57600           16         476.290      1843200       115200
       57600           32         582.723      3686400       230400
       57600           64         539.363      7372800       460800
       57600          128         504.941     14745600       921600
       57600          256         639.728     29491200      1843200
       57600          512         519.994     58982400      3686400
       57600         1024         708.931    117964800      7372800
       57600         2048         805.433    235929600     14745600
       57600         4096        1052.630    471859200     29491200
       57600         8192        1666.816    943718400     58982400
       57600        16384        2152.487   1887436800    117964800
       63360            1         474.880       126720         7920
       63360            2         819.472       253440        15840
       63360            4         586.414       506880        31680
       63360            8         574.452      1013760        63360
       63360           16         463.331      2027520       126720
       63360           32         519.989      4055040       253440
       63360           64         588.581      8110080       506880
       63360          128         615.874     16220160      1013760
       63360          256         549.810     32440320      2027520
       63360          512         595.927     64880640      4055040
       63360         1024         674.489    129761280      8110080
       63360         2048         856.714    259522560     16220160
       63360         4096        1391.028    519045120     32440320
       63360         8192        2023.163   1038090240     64880640
       63360        16384        4312.367   2076180480    129761280
       69120            1         566.579       138240         8640
       69120            2         503.361       276480        17280
       69120            4         530.056       552960        34560
       69120            8         560.726      1105920        69120
       69120           16           4.114      2211840       138240
       69120           32         472.075      4423680       276480
       69120           64         593.663      8847360       552960
       69120          128         560.678     17694720      1105920
       69120          256         579.935     35389440      2211840
       69120          512         688.209     70778880      4423680
       69120         1024         759.394    141557760      8847360
       69120         2048         891.140    283115520     17694720
       69120         4096        1338.994    566231040     35389440
       69120         8192        2618.162   1132462080     70778880
       76032            1         508.761       152064         9504
       76032            2         641.307       304128        19008
       76032            4         536.065       608256        38016
       76032            8         514.452      1216512        76032
       76032           16         514.198      2433024       152064
       76032           32         468.607      4866048       304128
       76032           64         552.357      9732096       608256
       76032          128         618.601     19464192      1216512
       76032          256         671.639     38928384      2433024
       76032          512         611.064     77856768      4866048
       76032         1024         690.572    155713536      9732096
       76032         2048         801.018    311427072     19464192
       76032         4096        1285.518    622854144     38928384
       76032         8192        2445.898   1245708288     77856768
       82944            1         562.400       165888        10368
       82944            2         631.662       331776        20736
       82944            4         440.661       663552        41472
       82944            8         438.415      1327104        82944
       82944           16         530.630      2654208       165888
       82944           32         509.215      5308416       331776
       82944           64         792.729     10616832       663552
       82944          128         536.933     21233664      1327104
       82944          256         611.631     42467328      2654208
       82944          512         564.426     84934656      5308416
       82944         1024         788.547    169869312     10616832
       82944         2048        1132.143    339738624     21233664
       82944         4096        1461.679    679477248     42467328
       82944         8192        3381.763   1358954496     84934656
       91008            1         493.954       182016        11376
       91008            2         587.083       364032        22752
       91008            4         494.470       728064        45504
       91008            8         578.224      1456128        91008
       91008           16         587.998      2912256       182016
       91008           32         551.113      5824512       364032
       91008           64         482.852     11649024       728064
       91008          128         556.118     23298048      1456128
       91008          256         528.234     46596096      2912256
       91008          512         562.150     93192192      5824512
       91008         1024         635.825    186384384     11649024
       91008         2048        1357.381    372768768     23298048
       91008         4096        2166.560    745537536     46596096
       91008         8192        3953.554   1491075072     93192192
       99072            1         594.579       198144        12384
       99072            2         564.514       396288        24768
       99072            4         451.827       792576        49536
       99072            8         555.353      1585152        99072
       99072           16         554.488      3170304       198144
       99072           32         568.489      6340608       396288
       99072           64         472.220     12681216       792576
       99072          128         638.630     25362432      1585152
       99072          256         550.395     50724864      3170304
       99072          512         597.793    101449728      6340608
       99072         1024         855.627    202899456     12681216
       99072         2048        1052.047    405798912     25362432
       99072         4096        1822.912    811597824     50724864
       99072         8192        3194.366   1623195648    101449728
      108288            1         603.347       216576        13536
      108288            2         764.639       433152        27072
      108288            4         482.503       866304        54144
      108288            8         565.780      1732608       108288
      108288           16         593.033      3465216       216576
      108288           32         496.118      6930432       433152
      108288           64         549.376     13860864       866304
      108288          128         648.420     27721728      1732608
      108288          256         569.496     55443456      3465216
      108288          512         561.714    110886912      6930432
      108288         1024         728.404    221773824     13860864
      108288         2048        1346.296    443547648     27721728
      108288         4096        2405.208    887095296     55443456
      108288         8192        4850.874   1774190592    110886912
      118656            1         470.845       237312        14832
      118656            2         533.312       474624        29664
      118656            4         459.147       949248        59328
      118656            8         443.676      1898496       118656
      118656           16         481.576      3796992       237312
      118656           32         478.374      7593984       474624
      118656           64         564.496     15187968       949248
      118656          128         529.210     30375936      1898496
      118656          256         528.021     60751872      3796992
      118656          512         594.990    121503744      7593984
      118656         1024         726.900    243007488     15187968
      118656         2048         965.638    486014976     30375936
      118656         4096        1884.046    972029952     60751872
      118656         8192        4126.185   1944059904    121503744
      130176            1         607.575       260352        16272
      130176            2         585.081       520704        32544
      130176            4         516.967      1041408        65088
      130176            8         576.786      2082816       130176
      130176           16         463.350      4165632       260352
      130176           32         564.428      8331264       520704
      130176           64         582.171     16662528      1041408
      130176          128         588.342     33325056      2082816
      130176          256         685.528     66650112      4165632
      130176          512         591.358    133300224      8331264
      130176         1024         845.012    266600448     16662528
      130176         2048        1135.784    533200896     33325056
      130176         4096        2354.333   1066401792     66650112
      130176         8192        3061.008   2132803584    133300224
      142848            1         455.673       285696        17856
      142848            2         471.835       571392        35712
      142848            4         529.142      1142784        71424
      142848            8         488.908      2285568       142848
      142848           16         538.045      4571136       285696
      142848           32         648.101      9142272       571392
      142848           64         629.903     18284544      1142784
      142848          128         588.003     36569088      2285568
      142848          256         629.580     73138176      4571136
      142848          512         804.577    146276352      9142272
      142848         1024        1114.752    292552704     18284544
      142848         2048        1513.273    585105408     36569088
      142848         4096        2199.598   1170210816     73138176
      156672            1         601.229       313344        19584
      156672            2         722.505       626688        39168
      156672            4         477.759      1253376        78336
      156672            8         688.884      2506752       156672
      156672           16         590.919      5013504       313344
      156672           32         600.379     10027008       626688
      156672           64         494.882     20054016      1253376
      156672          128         532.244     40108032      2506752
      156672          256         578.489     80216064      5013504
      156672          512         674.674    160432128     10027008
      156672         1024        1008.011    320864256     20054016
      156672         2048        1475.838    641728512     40108032
      156672         4096        3049.093   1283457024     80216064
      171648            1         525.369       343296        21456
      171648            2         512.405       686592        42912
      171648            4         474.050      1373184        85824
      171648            8         523.744      2746368       171648
      171648           16         481.233      5492736       343296
      171648           32         540.325     10985472       686592
      171648           64         496.589     21970944      1373184
      171648          128         574.521     43941888      2746368
      171648          256         581.720     87883776      5492736
      171648          512         646.271    175767552     10985472
      171648         1024         295.199    351535104     21970944
      171648         2048        1850.846    703070208     43941888
      171648         4096        3390.357   1406140416     87883776
      187776            1         482.393       375552        23472
      187776            2         505.180       751104        46944
      187776            4         524.758      1502208        93888
      187776            8         554.090      3004416       187776
      187776           16         511.487      6008832       375552
      187776           32         497.402     12017664       751104
      187776           64         575.509     24035328      1502208
      187776          128         629.702     48070656      3004416
      187776          256         571.416     96141312      6008832
      187776          512         676.585    192282624     12017664
      187776         1024         898.469    384565248     24035328
      187776         2048        1717.571    769130496     48070656
      187776         4096        2681.951   1538260992     96141312
      206208            1         558.300       412416        25776
      206208            2         539.946       824832        51552
      206208            4         598.003      1649664       103104
      206208            8         610.802      3299328       206208
      206208           16         491.179      6598656       412416
      206208           32         487.751     13197312       824832
      206208           64         528.361     26394624      1649664
      206208          128          46.296     52789248      3299328
      206208          256         791.568    105578496      6598656
      206208          512         785.334    211156992     13197312
      206208         1024        1397.020    422313984     26394624
      206208         2048        2555.995    844627968     52789248
      206208         4096        4152.518   1689255936    105578496
      225792            1         605.355       451584        28224
      225792            2         492.476       903168        56448
      225792            4         583.217      1806336       112896
      225792            8         473.726      3612672       225792
      225792           16         605.082      7225344       451584
      225792           32         546.368     14450688       903168
      225792           64         561.352     28901376      1806336
      225792          128         606.543     57802752      3612672
      225792          256         705.414    115605504      7225344
      225792          512         749.435    231211008     14450688
      225792         1024        1155.403    462422016     28901376
      225792         2048        1648.688    924844032     57802752
      225792         4096        2818.740   1849688064    115605504
      247680            1         550.905       495360        30960
      247680            2         621.250       990720        61920
      247680            4         592.690      1981440       123840
      247680            8         519.638      3962880       247680
      247680           16         536.523      7925760       495360
      247680           32          15.896     15851520       990720
      247680           64         543.117     31703040      1981440
      247680          128         571.728     63406080      3962880
      247680          256         639.238    126812160      7925760
      247680          512         873.631    253624320     15851520
      247680         1024        1267.197    507248640     31703040
      247680         2048        2463.318   1014497280     63406080
      247680         4096        4887.269   2028994560    126812160
      271872            1         588.163       543744        33984
      271872            2         507.726      1087488        67968
      271872            4         128.708      2174976       135936
      271872            8         508.967      4349952       271872
      271872           16         547.964      8699904       543744
      271872           32         579.223     17399808      1087488
      271872           64         643.035     34799616      2174976
      271872          128         677.915     69599232      4349952
      271872          256         661.470    139198464      8699904
      271872          512         859.256    278396928     17399808
      271872         1024        1165.487    556793856     34799616
      271872         2048        3107.820   1113587712     69599232
      298368            1         567.174       596736        37296
      298368            2         624.115      1193472        74592
      298368            4         512.486      2386944       149184
      298368            8         593.528      4773888       298368
      298368           16         625.005      9547776       596736
      298368           32         627.748     19095552      1193472
      298368           64         500.426     38191104      2386944
      298368          128         570.289     76382208      4773888
      298368          256         704.492    152764416      9547776
      298368          512         823.724    305528832     19095552
      298368         1024        1325.626    611057664     38191104
      298368         2048        1014.213   1222115328     76382208
      327168            1         861.320       654336        40896
      327168            2         571.409      1308672        81792
      327168            4         601.550      2617344       163584
      327168            8         574.686      5234688       327168
      327168           16         584.504     10469376       654336
      327168           32         565.924     20938752      1308672
      327168           64         611.844     41877504      2617344
      327168          128         609.713     83755008      5234688
      327168          256         704.364    167510016     10469376
      327168          512         952.293    335020032     20938752
      327168         1024        1714.839    670040064     41877504
      327168         2048        2992.771   1340080128     83755008
      359424            1         581.844       718848        44928
      359424            2         597.308      1437696        89856
      359424            4         514.997      2875392       179712
      359424            8         531.061      5750784       359424
      359424           16         570.183     11501568       718848
      359424           32         520.375     23003136      1437696
      359424           64         533.688     46006272      2875392
      359424          128         700.855     92012544      5750784
      359424          256         648.901    184025088     11501568
      359424          512         944.271    368050176     23003136
      359424         1024        1297.125    736100352     46006272
      359424         2048        2411.811   1472200704     92012544
      395136            1         490.740       790272        49392
      395136            2         636.562      1580544        98784
      395136            4         647.966      3161088       197568
      395136            8         509.048      6322176       395136
      395136           16          13.579     12644352       790272
      395136           32         580.419     25288704      1580544
      395136           64         599.992     50577408      3161088
      395136          128         589.684    101154816      6322176
      395136          256         736.519    202309632     12644352
      395136          512        1130.601    404619264     25288704
      395136         1024        1992.203    809238528     50577408
      395136         2048        3804.674   1618477056    101154816
      434304            1         489.479       868608        54288
      434304            2         518.009      1737216       108576
      434304            4         552.279      3474432       217152
      434304            8         639.320      6948864       434304
      434304           16         537.225     13897728       868608
      434304           32         559.449     27795456      1737216
      434304           64         549.896     55590912      3474432
      434304          128         670.411    111181824      6948864
      434304          256         789.244    222363648     13897728
      434304          512        1469.293    444727296     27795456
      434304         1024        2205.106    889454592     55590912
      434304         2048        4051.029   1778909184    111181824
      476928            1         536.305       953856        59616
      476928            2         671.349      1907712       119232
      476928            4           4.120      3815424       238464
      476928            8         531.325      7630848       476928
      476928           16         542.590     15261696       953856
      476928           32         697.638     30523392      1907712
      476928           64         541.918     61046784      3815424
      476928          128         758.102    122093568      7630848
      476928          256         800.813    244187136     15261696
      476928          512        1206.527    488374272     30523392
      476928         1024        2271.000    976748544     61046784
      476928         2048        4342.493   1953497088    122093568
      524160            1         577.055      1048320        65520
      524160            2         659.285      2096640       131040
      524160            4         635.992      4193280       262080
      524160            8         535.892      8386560       524160
      524160           16         543.416     16773120      1048320
      524160           32         559.242     33546240      2096640
      524160           64         608.953     67092480      4193280
      524160          128         599.781    134184960      8386560
      524160          256         933.945    268369920     16773120
      524160          512        1397.181    536739840     33546240
      524160         1024        2936.833   1073479680     67092480
      524160         2048        4872.058   2146959360    134184960
      576000            1         526.649      1152000        72000
      576000            2         525.905      2304000       144000
      576000            4         580.555      4608000       288000
      576000            8         551.536      9216000       576000
      576000           16         506.675     18432000      1152000
      576000           32         613.930     36864000      2304000
      576000           64         670.748     73728000      4608000
      576000          128         624.459    147456000      9216000
      576000          256         880.584    294912000     18432000
      576000          512        1589.233    589824000     36864000
      576000         1024        2710.907   1179648000     73728000
      633600            1         482.034      1267200        79200
      633600            2         579.384      2534400       158400
      633600            4         612.462      5068800       316800
      633600            8         511.927     10137600       633600
      633600           16         631.242     20275200      1267200
      633600           32         558.194     40550400      2534400
      633600           64         527.463     81100800      5068800
      633600          128         615.199    162201600     10137600
      633600          256         746.741    324403200     20275200
      633600          512        1419.204    648806400     40550400
      633600         1024        2549.032   1297612800     81100800
      696960            1         481.572      1393920        87120
      696960            2         510.965      2787840       174240
      696960            4         536.463      5575680       348480
      696960            8         776.776     11151360       696960
      696960           16         486.252     22302720      1393920
      696960           32         649.737     44605440      2787840
      696960           64         649.702     89210880      5575680
      696960          128         745.455    178421760     11151360
      696960          256        1174.599    356843520     22302720
      696960          512        1788.173    713687040     44605440
      696960         1024        3943.476   1427374080     89210880
      766080            1         567.754      1532160        95760
      766080            2         593.390      3064320       191520
      766080            4         535.857      6128640       383040
      766080            8         519.176     12257280       766080
      766080           16         651.846     24514560      1532160
      766080           32         660.145     49029120      3064320
      766080           64         560.949     98058240      6128640
      766080          128         681.009    196116480     12257280
      766080          256        1078.390    392232960     24514560
      766080          512        1747.941    784465920     49029120
      766080         1024        3175.450   1568931840     98058240
      842112            1         552.284      1684224       105264
      842112            2         628.510      3368448       210528
      842112            4         471.679      6736896       421056
      842112            8         462.811     13473792       842112
      842112           16         478.458     26947584      1684224
      842112           32         524.492     53895168      3368448
      842112           64         645.263    107790336      6736896
      842112          128         178.807    215580672     13473792
      842112          256        1301.559    431161344     26947584
      842112          512        2387.392    862322688     53895168
      842112         1024        3296.343   1724645376    107790336
      926208            1         580.563      1852416       115776
      926208            2         522.860      3704832       231552
      926208            4         629.230      7409664       463104
      926208            8         510.974     14819328       926208
      926208           16         596.760     29638656      1852416
      926208           32         631.495     59277312      3704832
      926208           64         678.877    118554624      7409664
      926208          128         796.810    237109248     14819328
      926208          256        1309.792    474218496     29638656
      926208          512        2341.152    948436992     59277312
      926208         1024        4382.967   1896873984    118554624
     1018368            1         482.401      2036736       127296
     1018368            2         510.578      4073472       254592
     1018368            4         661.053      8146944       509184
     1018368            8         632.400     16293888      1018368
     1018368           16         585.836     32587776      2036736
     1018368           32         551.570     65175552      4073472
     1018368           64         569.604    130351104      8146944
     1018368          128         780.876    260702208     16293888
     1018368          256        1232.369    521404416     32587776
     1018368          512        1426.025   1042808832     65175552
     1018368         1024        4231.805   2085617664    130351104
     1119744            1         527.433      2239488       139968
     1119744            2         606.347      4478976       279936
     1119744            4         585.741      8957952       559872
     1119744            8         566.728     17915904      1119744
     1119744           16         595.359     35831808      2239488
     1119744           32         564.950     71663616      4478976
     1119744           64         631.778    143327232      8957952
     1119744          128         890.510    286654464     17915904
     1119744          256        1506.259    573308928     35831808
     1119744          512        2158.111   1146617856     71663616
     1231488            1         560.348      2462976       153936
     1231488            2         488.472      4925952       307872
     1231488            4         587.225      9851904       615744
     1231488            8         607.066     19703808      1231488
     1231488           16         682.136     39407616      2462976
     1231488           32         680.695     78815232      4925952
     1231488           64         662.573    157630464      9851904
     1231488          128         842.132    315260928     19703808
     1231488          256        1495.205    630521856     39407616
     1231488          512        2205.469   1261043712     78815232
     1353600            1           8.531      2707200       169200
     1353600            2         520.372      5414400       338400
     1353600            4         541.964     10828800       676800
     1353600            8         533.008     21657600      1353600
     1353600           16         620.912     43315200      2707200
     1353600           32         643.400     86630400      5414400
     1353600           64         659.879    173260800     10828800
     1353600          128         976.921    346521600     21657600
     1353600          256        1675.433    693043200     43315200
     1353600          512        2685.059   1386086400     86630400
     1488384            1         483.035      2976768       186048
     1488384            2         462.227      5953536       372096
     1488384            4         544.553     11907072       744192
     1488384            8         586.755     23814144      1488384
     1488384           16         536.061     47628288      2976768
     1488384           32         703.393     95256576      5953536
     1488384           64         734.075    190513152     11907072
     1488384          128         920.934    381026304     23814144
     1488384          256        2013.072    762052608     47628288
     1488384          512        3412.312   1524105216     95256576
     1636992            1         515.337      3273984       204624
     1636992            2         518.963      6547968       409248
     1636992            4         519.154     13095936       818496
     1636992            8         658.660     26191872      1636992
     1636992           16         623.499     52383744      3273984
     1636992           32         606.951    104767488      6547968
     1636992           64         810.518    209534976     13095936
     1636992          128         975.093    419069952     26191872
     1636992          256        1850.512    838139904     52383744
     1636992          512        2656.154   1676279808    104767488
     1800576            1         510.929      3601152       225072
     1800576            2         455.607      7202304       450144
     1800576            4         801.592     14404608       900288
     1800576            8         531.313     28809216      1800576
     1800576           16         642.663     57618432      3601152
     1800576           32         699.168    115236864      7202304
     1800576           64         829.170    230473728     14404608
     1800576          128        1163.367    460947456     28809216
     1800576          256        2723.031    921894912     57618432
     1800576          512        3617.106   1843789824    115236864
     1980288            1         570.504      3960576       247536
     1980288            2         538.623      7921152       495072
     1980288            4         531.067     15842304       990144
     1980288            8         656.409     31684608      1980288
     1980288           16         608.582     63369216      3960576
     1980288           32         674.081    126738432      7921152
     1980288           64         755.764    253476864     15842304
     1980288          128        1013.583    506953728     31684608
     1980288          256        1533.089   1013907456     63369216
     1980288          512        2998.933   2027814912    126738432
     2177280            1         509.656      4354560       272160
     2177280            2         551.580      8709120       544320
     2177280            4         495.282     17418240      1088640
     2177280            8         540.737     34836480      2177280
     2177280           16         527.401     69672960      4354560
     2177280           32         560.224    139345920      8709120
     2177280           64        1098.436    278691840     17418240
     2177280          128        1377.224    557383680     34836480
     2177280          256        2709.121   1114767360     69672960
     2395008            1         505.601      4790016       299376
     2395008            2         519.087      9580032       598752
     2395008            4         508.470     19160064      1197504
     2395008            8         586.511     38320128      2395008
     2395008           16         662.161     76640256      4790016
     2395008           32         130.009    153280512      9580032
     2395008           64         948.481    306561024     19160064
     2395008          128        1845.829    613122048     38320128
     2395008          256        3544.775   1226244096     76640256
     2633472            1         542.227      5266944       329184
     2633472            2         571.920     10533888       658368
     2633472            4         738.765     21067776      1316736
     2633472            8         574.458     42135552      2633472
     2633472           16         559.513     84271104      5266944
     2633472           32         776.502    168542208     10533888
     2633472           64         926.564    337084416     21067776
     2633472          128        1229.710    674168832     42135552
     2633472          256        1054.085   1348337664     84271104
     2896128            1           9.492      5792256       362016
     2896128            2         559.726     11584512       724032
     2896128            4         570.296     23169024      1448064
     2896128            8         523.343     46338048      2896128
     2896128           16         618.282     92676096      5792256
     2896128           32         741.759    185352192     11584512
     2896128           64        1181.189    370704384     23169024
     2896128          128        2000.745    741408768     46338048
     2896128          256        3308.922   1482817536     92676096
     3185280            1         587.374      6370560       398160
     3185280            2         469.536     12741120       796320
     3185280            4         549.297     25482240      1592640
     3185280            8         628.558     50964480      3185280
     3185280           16         545.713    101928960      6370560
     3185280           32         816.406    203857920     12741120
     3185280           64         876.916    407715840     25482240
     3185280          128        1563.649    815431680     50964480
     3185280          256        2735.594   1630863360    101928960
     3503232            1         721.092      7006464       437904
     3503232            2         678.184     14012928       875808
     3503232            4         587.134     28025856      1751616
     3503232            8         604.692     56051712      3503232
     3503232           16         675.254    112103424      7006464
     3503232           32         671.132    224206848     14012928
     3503232           64         872.008    448413696     28025856
     3503232          128        1702.920    896827392     56051712
     3503232          256        1458.423   1793654784    112103424
     3853440            1          17.455      7706880       481680
     3853440            2         545.872     15413760       963360
     3853440            4         599.642     30827520      1926720
     3853440            8         652.469     61655040      3853440
     3853440           16         807.617    123310080      7706880
     3853440           32         860.456    246620160     15413760
     3853440           64        1473.966    493240320     30827520
     3853440          128        1470.506    986480640     61655040
     3853440          256        4647.390   1972961280    123310080
     4238208            1         599.357      8476416       529776
     4238208            2         523.349     16952832      1059552
     4238208            4         538.837     33905664      2119104
     4238208            8         499.818     67811328      4238208
     4238208           16         568.920    135622656      8476416
     4238208           32         766.847    271245312     16952832
     4238208           64        1006.164    542490624     33905664
     4238208          128        1743.627   1084981248     67811328
     4660992            1         677.893      9321984       582624
     4660992            2         508.374     18643968      1165248
     4660992            4         613.366     37287936      2330496
     4660992            8         632.855     74575872      4660992
     4660992           16         791.530    149151744      9321984
     4660992           32         715.949    298303488     18643968
     4660992           64        1097.720    596606976     37287936
     4660992          128        2113.395   1193213952     74575872
     5126400            1         537.736     10252800       640800
     5126400            2         521.129     20505600      1281600
     5126400            4         576.328     41011200      2563200
     5126400            8         603.748     82022400      5126400
     5126400           16         648.281    164044800     10252800
     5126400           32         876.911    328089600     20505600
     5126400           64        1392.613    656179200     41011200
     5126400          128        2243.169   1312358400     82022400
     5639040            1         547.559     11278080       704880
     5639040            2         465.795     22556160      1409760
     5639040            4         603.712     45112320      2819520
     5639040            8         572.210     90224640      5639040
     5639040           16         706.879    180449280     11278080
     5639040           32         816.664    360898560     22556160
     5639040           64        1376.290    721797120     45112320
     5639040          128        2888.685   1443594240     90224640
     6202368            1         576.752     12404736       775296
     6202368            2         625.848     24809472      1550592
     6202368            4         607.131     49618944      3101184
     6202368            8         583.247     99237888      6202368
     6202368           16         732.635    198475776     12404736
     6202368           32         895.429    396951552     24809472
     6202368           64        1682.068    793903104     49618944
     6202368          128        2686.291   1587806208     99237888
     6822144            1         536.238     13644288       852768
     6822144            2         613.756     27288576      1705536
     6822144            4         612.629     54577152      3411072
     6822144            8         589.555    109154304      6822144
     6822144           16         637.697    218308608     13644288
     6822144           32         963.761    436617216     27288576
     6822144           64        1257.420    873234432     54577152
     6822144          128        2720.054   1746468864    109154304
     7504128            1         512.414     15008256       938016
     7504128            2         587.139     30016512      1876032
     7504128            4         565.134     60033024      3752064
     7504128            8         539.904    120066048      7504128
     7504128           16         626.566    240132096     15008256
     7504128           32        1450.833    480264192     30016512
     7504128           64        2676.130    960528384     60033024
     7504128          128        5203.573   1921056768    120066048
     8254080            1         609.447     16508160      1031760
     8254080            2         571.067     33016320      2063520
     8254080            4         524.905     66032640      4127040
     8254080            8         715.072    132065280      8254080
     8254080           16         869.775    264130560     16508160
     8254080           32        1692.860    528261120     33016320
     8254080           64        2529.599   1056522240     66032640
     8254080          128        4617.912   2113044480    132065280
     9078912            1         642.631     18157824      1134864
     9078912            2         678.600     36315648      2269728
     9078912            4         620.103     72631296      4539456
     9078912            8         672.606    145262592      9078912
     9078912           16         832.060    290525184     18157824
     9078912           32        1232.120    581050368     36315648
     9078912           64        2181.915   1162100736     72631296
     9986688            1         497.348     19973376      1248336
     9986688            2         505.370     39946752      2496672
     9986688            4         643.300     79893504      4993344
     9986688            8         736.064    159787008      9986688
     9986688           16        1093.468    319574016     19973376
     9986688           32        1663.800    639148032     39946752
     9986688           64        3054.526   1278296064     79893504
    10984320            1         550.768     21968640      1373040
    10984320            2         674.661     43937280      2746080
    10984320            4         648.278     87874560      5492160
    10984320            8         902.828    175749120     10984320
    10984320           16         961.943    351498240     21968640
    10984320           32        1550.722    702996480     43937280
    10984320           64        2584.636   1405992960     87874560
    12082176            1         504.278     24164352      1510272
    12082176            2         652.167     48328704      3020544
    12082176            4         622.358     96657408      6041088
    12082176            8         615.137    193314816     12082176
    12082176           16         975.184    386629632     24164352
    12082176           32        1642.009    773259264     48328704
    12082176           64        1465.627   1546518528     96657408
    13289472            1         632.328     26578944      1661184
    13289472            2         822.100     53157888      3322368
    13289472            4         829.046    106315776      6644736
    13289472            8         794.269    212631552     13289472
    13289472           16        1446.191    425263104     26578944
    13289472           32        1832.335    850526208     53157888
    13289472           64        2888.024   1701052416    106315776
    14617728            1         584.933     29235456      1827216
    14617728            2         611.465     58470912      3654432
    14617728            4         689.741    116941824      7308864
    14617728            8         659.921    233883648     14617728
    14617728           16        1362.520    467767296     29235456
    14617728           32        2248.288    935534592     58470912
    14617728           64        3503.731   1871069184    116941824
    16078464            1         526.112     32156928      2009808
    16078464            2         595.017     64313856      4019616
    16078464            4         654.509    128627712      8039232
    16078464            8         812.735    257255424     16078464
    16078464           16        1182.261    514510848     32156928
    16078464           32        2448.035   1029021696     64313856
    16078464           64        4416.707   2058043392    128627712
    17685504            1         588.756     35371008      2210688
    17685504            2         579.246     70742016      4421376
    17685504            4         753.271    141484032      8842752
    17685504            8         848.026    282968064     17685504
    17685504           16        1317.395    565936128     35371008
    17685504           32        2559.059   1131872256     70742016
    19453824            1         563.398     38907648      2431728
    19453824            2         605.051     77815296      4863456
    19453824            4         741.180    155630592      9726912
    19453824            8         823.331    311261184     19453824
    19453824           16        1647.142    622522368     38907648
    19453824           32        2897.286   1245044736     77815296
    21398400            1         675.152     42796800      2674800
    21398400            2         618.228     85593600      5349600
    21398400            4         702.271    171187200     10699200
    21398400            8         912.650    342374400     21398400
    21398400           16        1707.635    684748800     42796800
    21398400           32        1139.099   1369497600     85593600
    23537664            1         582.736     47075328      2942208
    23537664            2         750.233     94150656      5884416
    23537664            4         819.397    188301312     11768832
    23537664            8        1079.008    376602624     23537664
    23537664           16        2302.834    753205248     47075328
    23537664           32        3052.090   1506410496     94150656
    25891200            1         588.428     51782400      3236400
    25891200            2         779.310    103564800      6472800
    25891200            4         761.057    207129600     12945600
    25891200            8        1501.777    414259200     25891200
    25891200           16        2186.834    828518400     51782400
    25891200           32        3744.596   1657036800    103564800
    28479744            1         595.731     56959488      3559968
    28479744            2         662.993    113918976      7119936
    28479744            4         724.512    227837952     14239872
    28479744            8        1080.777    455675904     28479744
    28479744           16        1633.012    911351808     56959488
    28479744           32        3736.238   1822703616    113918976
    31327488            1         543.183     62654976      3915936
    31327488            2         579.555    125309952      7831872
    31327488            4         803.825    250619904     15663744
    31327488            8         977.740    501239808     31327488
    31327488           16        1803.465   1002479616     62654976
    31327488           32        2880.110   2004959232    125309952
    34459776            1         611.214     68919552      4307472
    34459776            2         639.622    137839104      8614944
    34459776            4         774.366    275678208     17229888
    34459776            8        1084.936    551356416     34459776
    34459776           16        1573.980   1102712832     68919552
    37905408            1         576.407     75810816      4738176
    37905408            2         765.551    151621632      9476352
    37905408            4         820.936    303243264     18952704
    37905408            8        1278.142    606486528     37905408
    37905408           16        2837.244   1212973056     75810816
    41695488            1         597.149     83390976      5211936
    41695488            2         799.890    166781952     10423872
    41695488            4         876.026    333563904     20847744
    41695488            8        2226.303    667127808     41695488
    41695488           16        1901.654   1334255616     83390976
    45864576            1         639.760     91729152      5733072
    45864576            2         618.706    183458304     11466144
    45864576            4         788.785    366916608     22932288
    45864576            8        1655.045    733833216     45864576
    45864576           16        2183.129   1467666432     91729152
    50450688            1         678.863    100901376      6306336
    50450688            2         783.890    201802752     12612672
    50450688            4         845.538    403605504     25225344
    50450688            8        1343.680    807211008     50450688
    50450688           16        1792.111   1614422016    100901376
    55495296            1         491.290    110990592      6936912
    55495296            2         697.006    221981184     13873824
    55495296            4        1134.770    443962368     27747648
    55495296            8        1537.713    887924736     55495296
    55495296           16        3107.384   1775849472    110990592
    61044480            1         777.744    122088960      7630560
    61044480            2         699.805    244177920     15261120
    61044480            4        1014.911    488355840     30522240
    61044480            8        1481.314    976711680     61044480
    61044480           16        2955.784   1953423360    122088960
    67148928            1         697.637    134297856      8393616
    67148928            2         612.512    268595712     16787232
    67148928            4        1109.388    537191424     33574464
    67148928            8        2332.674   1074382848     67148928
    73862784            1         919.925    147725568      9232848
    73862784            2         866.490    295451136     18465696
    73862784            4        1132.316    590902272     36931392
    73862784            8        2373.137   1181804544     73862784
    81248256            1        1223.700    162496512     10156032
    81248256            2        1073.138    324993024     20312064
    81248256            4        1522.877    649986048     40624128
    81248256            8        2825.163   1299972096     81248256
    89372160            1        2050.963    178744320     11171520
    89372160            2        2615.650    357488640     22343040
    89372160            4        1448.523    714977280     44686080
    89372160            8        2200.378   1429954560     89372160
    98309376            1         719.616    196618752     12288672
    98309376            2        1845.230    393237504     24577344
    98309376            4        1412.243    786475008     49154688
    98309376            8        1447.872   1572950016     98309376
   108139392            1         923.067    216278784     13517424
   108139392            2        2040.562    432557568     27034848
   108139392            4        2781.735    865115136     54069696
   108139392            8        1846.368   1730230272    108139392
   118953216            1        1453.475    237906432     14869152
   118953216            2        4042.838    475812864     29738304
   118953216            4        6429.529    951625728     59476608
   118953216            8        6960.943   1903251456    118953216
   130847616            1        4706.296    261695232     16355952
   130847616            2        9000.460    523390464     32711904
   130847616            4        5084.492   1046780928     65423808
   130847616            8        7375.133   2093561856    130847616
   143932032            1        3093.437    287864064     17991504
   143932032            2        5366.969    575728128     35983008
   143932032            4        7278.086   1151456256     71966016
   158325120            1        4557.028    316650240     19790640
   158325120            2        8160.613    633300480     39581280
   158325120            4        9923.211   1266600960     79162560
   174157056            1        8108.111    348314112     21769632
   174157056            2        6117.319    696628224     43539264
   174157056            4       19782.110   1393256448     87078528
   191571840            1        4191.741    383143680     23946480
   191571840            2       11036.830    766287360     47892960
   191571840            4       23504.545   1532574720     95785920
   210728448            1        9811.942    421456896     26341056
   210728448            2       19532.746    842913792     52682112
   210728448            4       18085.692   1685827584    105364224
   231800832            1        7289.495    463601664     28975104
   231800832            2       19984.823    927203328     57950208
   231800832            4       18045.647   1854406656    115900416
   254980224            1        3001.996    509960448     31872528
   254980224            2        6697.367   1019920896     63745056
   254980224            4       26514.287   2039841792    127490112
   280477440            1       11668.929    560954880     35059680
   280477440            2       25724.270   1121909760     70119360
   308525184            1       14198.253    617050368     38565648
   308525184            2       28469.834   1234100736     77131296
   339376896            1       16030.467    678753792     42422112
   339376896            2       29706.283   1357507584     84844224
   373313664            1       16766.661    746627328     46664208
   373313664            2       26052.831   1493254656     93328416
   410644224            1       18216.472    821288448     51330528
   410644224            2       29956.879   1642576896    102661056
   451708416            1       15281.875    903416832     56463552
   451708416            2       43242.349   1806833664    112927104
   496878336            1       16285.525    993756672     62109792
   496878336            2       47634.423   1987513344    124219584
   546565248            1       14424.561   1093130496     68320656
   601220736            1       16356.943   1202441472     75152592
   661342464            1       17269.459   1322684928     82667808
   727476480            1       21372.175   1454952960     90934560
   800224128            1       36009.587   1600448256    100028016
   880245504            1       39936.542   1760491008    110030688
   968269824            1       43095.881   1936539648    121033728
  1065096576            1       38149.855   2130193152    133137072

META_DATA
FLOPS          1
OPENMP_THREADS 144
ERT_VERSION  1.1.0
TIMESTAMP_DATA  1634056389.46
HOSTNAME  ('pmemMachine1', ['pmemMachine1.local'], ['fe80::5210:541c:37bc:6d9c'])
UNAME  ('Linux', 'pmemMachine1', '5.9.13-derrick-pmo', '#95 SMP Sat Sep 18 09:17:02 EDT 2021', 'x86_64', 'x86_64')
CONFIG  {'ERT_WORKING_SET_MIN': ['1'], 'ERT_CFLAGS': ['-O3'], 'ERT_CC': ['gcc'], 'ERT_OPENMP_LDFLAGS': ['-fopenmp'], 'ERT_MEMORY_MAX': ['1073741824'], 'ERT_LDFLAGS': [], 'ERT_LDLIBS': [], 'ERT_SPEC_GBYTES_DRAM': ['300'], 'ERT_RUN': ['export', 'KMP_AFFINITY=scatter;', 'export', 'OMP_NUM_THREADS=ERT_OPENMP_THREADS;', 'ERT_CODE'], 'ERT_FLOPS': ['1,2,4,8,16'], 'ERT_OPENMP_CFLAGS': ['-fopenmp'], 'ERT_SPEC_GFLOPS': ['1000'], 'ERT_MPI': [False], 'ERT_TRIALS_MIN': ['1'], 'ERT_DRIVER': ['driver1'], 'ERT_RESULTS': ['Results.madonna.lbl.gov.02'], 'ERT_OPENMP': ['True'], 'ERT_OPENMP_THREADS': ['1,2,4,8,16,32,48,64,80,96,112,128,144,160'], 'ERT_KERNEL': ['kernel1'], 'ERT_GPU': [False], 'ERT_LD': ['gcc'], 'ERT_NUM_EXPERIMENTS': ['3'], 'ERT_ALIGN': ['32'], 'ERT_GNUPLOT': ['gnuplot']}
