16 67108864 138145.982 139803.509 145815.045 14.727449064 15.3607278055 15.545031545 0.920465566499 0.960045487843 0.97156447156
32 33554432 60851.607 72980.974 73005.152 29.4155082096 29.425253327 35.2905001835 1.8384692631 1.83907833294 2.20565626147
48 16777216 30366.847 30553.035 30851.614 52.2051370149 52.715310803 53.0385237559 3.26282106343 3.29470692519 3.31490773474
64 16777216 29545.833 36447.003 36486.296 58.85726652 58.9207197091 72.6831309173 3.6785791575 3.68254498182 4.54269568233
80 8388608 15576.717 18226.075 18240.692 73.5814891233 73.6405002174 86.1656072971 4.59884307021 4.60253126359 5.38535045607
96 8388608 18567.067 18594.545 18828.278 85.5422219706 86.6174857196 86.7456737243 5.34638887316 5.41359285748 5.42160460777
112 8388608 22450.633 22460.692 22468.022 83.6321146561 83.6594078223 83.6968913972 5.22700716601 5.2287129889 5.23105571233
128 8388608 21063.467 21453.348 22181.166 96.8156339482 100.10016376 101.952999855 6.05097712176 6.256260235 6.37206249095
144 4194304 13337.995 13353.361 15381.812 78.5316809229 90.4610870627 90.5653025061 4.90823005768 5.65381794142 5.66033140663
160 4194304 12623.26 12636.065 15007.672 89.4327434661 106.217978461 106.325725684 5.58954646663 6.6386236538 6.64535785526
176 4194304 13737.432 15445.608 16140.39 91.4720776883 95.5867200566 107.472416096 5.71700485552 5.97417000354 6.71702600602
192 4194304 11351.388 14737.414 15208.089 105.905004633 109.287337385 141.886854365 6.61906278955 6.83045858656 8.86792839783
208 4194304 14724.299 17534.922 17541.618 99.4680458781 99.5060293967 118.500070122 6.21675286738 6.21912683729 7.40625438264
224 4194304 14015.988 14849.899 16818.021 111.728258158 126.5360924 134.064626197 6.98301613489 7.90850577502 8.37903913731
240 4194304 15907.505 16352.865 19626.255 102.580238563 123.113957096 126.560759843 6.41126491019 7.69462231847 7.91004749016
256 4194304 15338.526 18928.788 18941.796 113.372757684 113.450668263 140.0058681 7.08579735522 7.09066676641 8.75036675623
272 2097152 8807.82 10873.603 10882.027 104.838068128 104.919288298 129.527021215 6.55237925802 6.55745551865 8.09543882595
288 2097152 8526.314 10816.191 11967.798 100.934152799 111.680678716 141.674298179 6.30838454994 6.98004241974 8.85464363616
304 2097152 11926.563 11943.266 12106.629 105.319855428 106.760446933 106.909963583 6.58249096425 6.67252793331 6.68187272394
320 2097152 11579.001 11592.326 11777.074 113.965258264 115.781533404 115.914773649 7.12282864148 7.23634583776 7.24467335308
352 2097152 12631.929 12719.669 13170.547 112.098230089 116.071810359 116.878032484 7.00613938054 7.25448814745 7.30487703026
384 2097152 13679.768 13724.394 14368.707 112.091695933 117.354014756 117.73684583 7.00573099584 7.33462592228 7.35855286435
416 2097152 12990.233 14763.805 15365.509 113.555005825 118.182979523 134.318642629 7.09718786407 7.3864362202 8.39491516434
448 2097152 12140.258 15797.556 16343.748 114.970457939 118.945499671 154.778275058 7.18565362119 7.43409372944 9.67364219113
480 2097152 16822.586 16847.93 17485.856 115.136823728 119.496336939 119.67636367 7.19605148298 7.46852105867 7.47977272935
528 1048576 9649.105 10062.867 11490.652 96.3649631022 110.037850644 114.756369218 6.02281019389 6.87736566527 7.1722730761
576 1048576 9996.047 9999.559 12205.847 98.9656475294 120.801282537 120.843724724 6.18535297059 7.55008015853 7.55273279527
624 1048576 11215.296 11232.008 11304.782 115.758344389 116.508361461 116.681971479 7.23489652432 7.28177259133 7.29262321743
672 1048576 9969.448 11577.329 11577.75 121.723663406 121.728089787 141.360498997 7.60772896288 7.60800561166 8.83503118728
736 1048576 10527.537 12564.257 12622.08 122.286015617 122.848798142 146.615858201 7.64287597607 7.67804988389 9.16349113758
800 1048576 11129.255 11387.661 13690.929 122.542568149 147.328024605 150.748778782 7.65891050929 9.2080015378 9.42179867386
880 1048576 12503.23 12846.954 15790.878 116.870876971 143.65224317 147.601360608 7.30442981068 8.97826519812 9.22508503803
960 1048576 13209.731 14120.212 16697.761 120.571010688 142.580431512 152.407790893 7.53568816801 8.9112769695 9.52548693081
1056 524288 7245.699 8946.797 9121.355 121.396026796 123.764544563 152.821177915 7.58725167478 7.73528403517 9.55132361971
1152 524288 8812.521 9734.015 9909.193 121.902919037 124.096742403 137.073097698 7.61893243981 7.75604640018 8.56706860613
1264 524288 10870.872 10873.014 10877.049 121.852909185 121.898129074 121.92214792 7.61580682408 7.61863306715 7.62013424498
1376 524288 12168.972 13766.957 15162.949 95.1556703119 104.804611215 118.567170341 5.94722939449 6.55028820094 7.41044814632
1504 524288 10247.481 12642.308 14069.393 112.091424555 124.744493173 153.897167899 7.00571403471 7.79653082333 9.61857299369
1648 524288 11380.225 14032.297 14036.532 123.11112517 123.14828057 151.847019545 7.6944453231 7.69676753564 9.49043872155
1808 524288 12434.997 15346.84 15548.364 121.930860893 123.531971924 152.458855278 7.62067880582 7.72074824524 9.52867845485
1984 524288 13420.707 16579.208 17301.007 120.245878405 125.480950839 155.012309262 7.51536740029 7.84255942745 9.68826932888
2176 262144 8226.88 9082.625 9443.3 120.810594601 125.608036003 138.673554008 7.55066216259 7.85050225018 8.66709712552
2384 262144 10039.585 10044.039 10392.625 120.268227902 124.442228072 124.497436099 7.51676424387 7.77763925449 7.7810897562
2608 262144 11908.215 11910.904 12072.609 113.259951018 114.797592525 114.823515027 7.07874693863 7.17484953283 7.1764696892
2864 262144 12849.42 12971.28 13128.634 114.372967667 115.760420868 116.858257571 7.14831047922 7.23502630427 7.3036410982
3136 262144 13142.291 14120.76 14171.101 116.022542497 116.436166892 125.105064863 7.25140890605 7.27726043074 7.81906655392
3440 262144 13088.611 13608.449 15222.835 118.476664826 132.531688218 137.795425351 7.40479155164 8.28323051363 8.61221408444
3776 262144 13564.157 13946.42 16757.928 118.135815359 141.951231069 145.951678973 7.38348845991 8.87195194179 9.1219799358
4144 131072 7335.603 7540.348 9059.442 119.910777728 144.06824937 148.089357617 7.49442360799 9.00426558562 9.25558485103
4544 131072 8060.83 8284.011 9959.247 119.605662557 143.792944746 147.774154274 7.47535390979 8.98705904664 9.23588464215
4992 131072 8808.827 8829.254 10879.394 120.284534966 148.214429894 148.558127887 7.51778343536 9.26340186838 9.28488299293
5488 131072 11574.774 11825.474 11827.588 121.63479756 121.656541801 124.291521545 7.60217484748 7.60353386257 7.76822009657
6032 131072 12932.263 12935.442 12940.072 122.198130582 122.241869122 122.271918534 7.63738316139 7.64011682013 7.64199490839
6624 131072 12550.1 14223.908 14226.114 122.06016738 122.079097812 138.3607984 7.62876046122 7.62994361325 8.6475499
7280 131072 12564.834 15499.48 15499.82 123.124547253 123.12724814 151.884881249 7.6952842033 7.69545300875 9.49280507805
8000 131072 14003.16 17068.546 17078.386 122.795678702 122.86647029 149.762767832 7.67472991886 7.67915439312 9.36017298953
8800 65536 7575.51 9350.405 9563.229 120.611312351 123.356539102 152.258210998 7.53820702192 7.70978369386 9.5161381874
9680 65536 8330.267 10449.996 10703.782 118.535388707 121.414109632 152.309278922 7.40846179416 7.58838185201 9.51932993264
10640 65536 9342.306 11206.936 11683.099 119.369533717 124.441335259 149.27856998 7.46059585731 7.77758345368 9.32991062378
11696 65536 12293.248 12301.098 12769.358 120.054439072 124.624493846 124.704074302 7.503402442 7.78903086537 7.79400464385
12864 65536 13530.835 13536.413 14005.194 120.391778079 124.561078921 124.612428427 7.52448612993 7.78506743256 7.78827677671
14144 65536 14837.842 14851.485 15357.456 120.715460165 124.828080694 124.942856785 7.5447162603 7.80175504335 7.80892854904
15552 65536 15678.169 16308.638 16472.242 123.74950198 124.990924687 130.017206984 7.73434387377 7.81193279292 8.12607543649
17104 32768 7486.088 8366.653 8925.969 125.580510531 133.975646414 149.734780569 7.84878190816 8.3734779009 9.35842378556
18800 32768 8155.267 8169.772 9797.708 125.75153291 150.809202509 151.077432535 7.85947080685 9.42557515681 9.44233953346
20672 32768 8967.666 8988.148 10779.606 125.678080627 150.727401462 151.071660341 7.85488003921 9.4204625914 9.44197877129
22736 32768 9571.62 9838.941 11823.988 126.017253739 151.441755368 155.671296604 7.87607835867 9.46510971049 9.72945603774
25008 32768 11172.7 12986.813 12989.848 126.169627851 126.199113516 146.690082791 7.88560174068 7.88744459476 9.16813017444
27504 32768 11877.595 14269.403 14277.749 126.245540806 126.319380285 151.756491445 7.89034630039 7.89496126783 9.48478071529
30240 32768 15010.365 15688.884 15691.194 126.300690693 126.319286955 132.029343723 7.89379316832 7.89495543469 8.25183398272
33264 16384 7595.636 8610.17 8616.469 126.501325775 126.593871201 143.502762902 7.90633286094 7.91211695007 8.96892268139
36576 16384 7552.906 9472.197 9479.09 126.43854716 126.530557589 158.683607078 7.90240919751 7.90815984929 9.91772544237
40224 16384 8975.309 10409.794 10416.307 126.538132181 126.617302129 146.854000458 7.90863326129 7.91358138307 9.17837502865
44240 16384 11430.553 11437.135 11437.638 126.744378516 126.749952676 126.822938488 7.92152365724 7.92187204226 7.92643365548
48656 16384 12568.099 12574.902 12586.337 126.673853402 126.7890444 126.85767418 7.91711583759 7.92431527498 7.92860463623
53520 16384 13815.069 13824.103 14155.641 123.890070397 126.861277003 126.944234589 7.74312939979 7.92882981268 7.93401466182
58864 16384 15233.16 15871.405 15920.204 121.157715818 121.530233272 126.622155351 7.57235723864 7.59563957948 7.91388470941
64736 16384 17350.012 17438.163 17646.886 120.206434608 121.645224213 122.263272671 7.51290216302 7.60282651332 7.64145454193
71200 8192 9190.707 9575.756 9599.353 121.522856801 121.822318781 126.926122223 7.59517855005 7.61389492381 7.93288263895
78320 8192 9700.109 10499.031 10608.519 120.95890859 122.22031538 132.286645439 7.5599317869 7.63876971122 8.26791533992
86144 8192 8993.375 11495.803 11623.303 121.427041522 122.773789356 156.935888473 7.5891900951 7.67336183475 9.80849302959
94752 8192 9892.696 12507.305 12661.768 122.606635029 124.120805241 156.92555073 7.66291468932 7.75755032759 9.8078469206
104224 8192 10881.549 12906.675 13467.873 126.791069087 132.3040997 156.926740485 7.92444181795 8.26900623127 9.80792128033
114640 8192 11953.536 13212.9 14024.121 133.930801082 142.153634705 157.130221551 8.37067506762 8.88460216909 9.82063884695
126096 8192 13761.093 13925.991 16230.882 127.285557495 148.352592214 150.130288633 7.95534734342 9.27203701338 9.38314303958
138704 4096 7040.545 7444.673 8926.434 127.29194749 152.627679953 161.388524326 7.95574671812 9.53922999707 10.0867827704
152560 4096 8108.236 9811.814 9812.318 127.367612831 127.374155279 154.136056227 7.96047580195 7.96088470491 9.6335035142
167808 4096 9350.503 10799.194 10801.942 127.262591856 127.294975532 147.017025287 7.95391199101 7.95593597078 9.18856408046
184576 4096 11873.118 11878.187 11879.734 127.279499019 127.29607574 127.350422357 7.95496868869 7.95600473372 7.95940139734
203024 4096 13054.061 13064.82 13745.797 120.994992724 127.301609054 127.406529508 7.56218704525 7.95635056587 7.96290809427
223312 4096 14356.279 14367.182 14630.576 125.037585943 127.329903944 127.426605738 7.81484912146 7.95811899647 7.96416285863
245632 4096 15795.384 15805.217 16456.218 122.277022825 127.313490476 127.392746134 7.64231392657 7.95709315475 7.96204663337
270192 2048 8697.208 8922.771 8935.65 123.852929781 124.031697328 127.248472383 7.74080811133 7.75198108301 7.95302952396
297200 2048 9562.151 9774.009 9911.519 122.819842246 124.547787914 127.307255449 7.67624014039 7.78423674462 7.95670346557
326912 2048 10720.343 10758.256 11049.781 121.181727674 124.465485112 124.905663186 7.57385797963 7.77909281951 7.80660394915
359600 2048 11587.261 11842.502 12117.708 121.551171228 124.375879354 127.115597034 7.59694820176 7.77349245962 7.9447248146
395552 2048 12762.837 12780.13 13341.715 121.437235918 126.773435951 126.945207558 7.58982724485 7.92333974694 7.9340754724
435104 2048 12262.465 13175.043 14686.41 121.349327984 135.269841928 145.336682633 7.58433299901 8.45436512048 9.08354266455
478608 2048 12456.587 13066.506 16086.685 121.863414868 150.030801501 157.37684552 7.61646342923 9.37692509382 9.83605284497
526464 1024 6520.659 6848.963 8577.052 125.707326014 157.425039674 165.351120493 7.85670787585 9.83906497962 10.3344450308
579104 1024 7534.054 8656.333 9207.439 128.80943246 137.010093304 157.419231665 8.05058952875 8.5631308315 9.83870197904
637008 1024 8800.251 10229.712 10229.987 127.5262993 127.529727523 148.244906196 7.97039370627 7.9706079702 9.26530663728
700704 1024 9389.292 11255.81 11267.292 127.363504203 127.493427128 152.838125814 7.9602190127 7.96833919549 9.55238286337
770768 1024 10304.45 12385.206 12385.96 127.445338432 127.453097187 153.189434079 7.96533365197 7.96581857419 9.57433962997
847840 1024 11334.167 13620.187 13888.924 125.018778993 127.485497813 153.1984062 7.81367368703 7.96784361331 9.57490038747
932624 1024 13340.239 14992.123 15020.312 127.16206907 127.401166066 143.176891508 7.94762931689 7.9625728791 8.94855571928
1025872 1024 16474.57 16486.366 17458.319 120.342964062 127.437778344 127.529025401 7.52143525388 7.96486114648 7.97056408756
1128448 512 9081.49 9149.604 9275.082 124.584424375 126.292979674 127.240216308 7.78652652343 7.89331122964 7.95251351926
1241280 512 9969.67 10156.377 10206.554 124.534756785 125.150013632 127.493760576 7.78342229904 7.82187585199 7.96836003599
1365408 512 10965.216 11159.898 11593.305 120.602174445 125.285893473 127.510282698 7.53763590279 7.83036834208 7.9693926686
1501936 512 12066.491 12305.033 12689.49 121.201282636 124.988081218 127.458965825 7.57508016477 7.81175507615 7.96618536408
1652128 512 13291.398 13305.643 13885.867 121.834601469 127.147487123 127.283756908 7.61466259183 7.94671794516 7.95523480675
1817328 512 12905.57 14500.047 15394.999 120.879765695 128.340540689 144.196953099 7.55498535596 8.02128379308 9.01230956866
1999056 512 12565.114 13574.737 16864.271 121.382853964 150.797274673 162.914028794 7.58642837274 9.42482966705 10.1821267996
2198960 256 7169.198 8606.944 9351.267 120.3973237 130.809207077 157.042324678 7.52483273122 8.17557544234 9.8151452924
2418848 256 7945.655 9728.41 10328.535 119.905695822 127.302424137 155.865082992 7.49410598889 7.95640150857 9.74156768699
2660720 256 8688.32 10709.347 11329.391 120.243765971 127.205574719 156.795403484 7.5152353732 7.95034841994 9.79971271776
2926784 256 9569.248 11785.838 12032.401 124.539849362 127.145257554 156.596778347 7.78374058511 7.94657859713 9.78729864666
3219456 256 12497.289 12579.994 12964.613 127.143129687 131.030386183 131.897523695 7.94644560543 8.18939913644 8.24359523093
3541392 256 11683.627 14388.814 15391.947 117.80138692 126.014048413 155.190909809 7.3625866825 7.87587802581 9.69943186307
3895520 256 12917.392 15895.286 17065.855 116.871158228 125.477845444 154.404715751 7.30444738925 7.84236534027 9.65029473442
4285072 128 7219.367 8786.855 9267.818 118.364261361 124.843124417 151.949392793 7.39776633507 7.80269527607 9.49683704956
4713568 128 7726.451 9587.789 10244.22 117.790657366 125.8552319 156.174342916 7.36191608536 7.86595199373 9.76089643227
5184912 128 8528.065 10620.789 11294.98 117.515699187 124.975411149 155.643451592 7.34473119917 7.8109631968 9.72771572449
5703392 128 11503.821 11693.228 12285.003 118.849653679 124.864438802 126.920294744 7.42810335496 7.8040274251 7.93251842149
6273728 128 12757.477 13207.232 13504.593 118.928009752 121.605675436 125.892789617 7.4330006095 7.60035471475 7.86829935104
6901088 128 13887.973 14102.669 14896.814 118.594387229 125.272636548 127.209242702 7.41214920184 7.82953978428 7.95057766889
7591184 128 13046.933 15486.519 16434.91 118.244827869 125.486114988 148.95018653 7.39030174184 7.84288218676 9.30938665815
8350288 128 16976.92 17041.24 17822.684 119.941178781 125.441207799 125.916463528 7.49632367381 7.84007548746 7.86977897051
9185312 64 9341.674 9408.534 9462.233 124.253961618 124.963138359 125.857521468 7.76587260111 7.81019614746 7.86609509174
10103840 64 10029.075 10279.985 11029.911 117.253123801 125.806751664 128.954217612 7.32832023758 7.86292197897 8.05963860077
11114224 64 9470.616 12041.967 12169.192 116.903461791 118.138562579 150.214164739 7.30646636194 7.38366016117 9.38838529616
12225632 64 10274.122 13416.34 13427.61 116.542027658 116.639925345 152.312859045 7.28387672862 7.28999533405 9.51955369033
13448192 64 11262.498 14691.19 14826.311 116.102284378 117.170125497 152.840744211 7.25639277363 7.32313284356 9.55254651322
14793008 64 12513.293 16140.603 16493.257 114.804797136 117.313152675 151.319482729 7.17529982101 7.33207204217 9.45746767058
16272304 64 16618.74 17013.532 18336.835 113.58857251 122.423428128 125.331698552 7.09928578187 7.65146425798 7.83323115952
17899520 32 7914.615 9673.021 10452.291 109.599826488 118.429317997 144.740998773 6.84998915549 7.40183237481 9.04631242328
19689472 32 8924.541 10928.994 13908.292 90.6025130908 115.301207778 141.197873146 5.66265706817 7.20632548613 8.8248670716
21658416 32 10188.377 12316.222 12992.492 106.687664229 112.545764765 136.050974949 6.66797901434 7.03411029778 8.50318593432
23824256 32 13463.491 13570.866 14121.369 107.974827653 112.354833067 113.250893398 6.74842672832 7.02217706667 7.07818083735
26206672 32 13444.003 15197.896 15966.8 105.04465566 110.359158136 124.756518427 6.56529097878 6.89744738351 7.79728240168
28827328 32 15280.373 18053.637 19235.01 95.9161961444 102.19264916 120.7397877 5.99476225903 6.38704057249 7.54623673126
31710048 32 17754.758 21041.027 22258.412 91.176453738 96.4517117914 114.304180998 5.69852835863 6.02823198697 7.14401131235
34881040 16 12171.076 12789.468 13345.679 83.6370543604 87.2744104759 91.708677195 5.22731589753 5.45465065474 5.73179232469
38369136 16 14715.612 14744.308 15019.028 81.7504536246 83.2736505504 83.4360373187 5.10940335154 5.2046031594 5.21475233242
42206048 16 15138.752 17172.12 17757.467 76.0577809887 78.6503667573 89.2143246682 4.75361131179 4.91564792233 5.57589529177
46426640 16 17223.653 19745.748 20306.784 73.1604019622 75.2391086932 86.2565264175 4.57252512264 4.70244429332 5.39103290109
51069296 16 19554.5 22779.416 22870.349 71.4557295125 71.7409731663 83.572449922 4.46598309453 4.48381082289 5.22327812013
56176224 16 24550.608 25422.097 26207.696 68.5920337293 70.7116792136 73.2217779698 4.28700210808 4.41947995085 4.57636112311
61793840 16 26411.704 28434.935 29194.599 67.7318047766 69.5413188038 74.8684325707 4.23323779854 4.34633242524 4.67927703567
67973216 8 16321.756 17693.517 17849.0 60.9317864306 61.467228703 66.6332382374 3.80823665191 3.84170179394 4.16457738983
74770528 8 18358.822 20070.771 20207.78 59.2013792708 59.6055053391 65.1636825064 3.70008620442 3.72534408369 4.07273015665
82247568 8 21328.351 22496.025 22790.823 57.7408322639 58.4974940239 61.7000858622 3.6088020165 3.6560933765 3.85625536639
90472320 8 24951.719 25043.694 25061.88 57.7593189338 57.8012620662 58.0143243838 3.60995743336 3.61257887914 3.62589527399
99519552 8 27475.32 27866.18 28685.548 55.5092352428 57.1414105557 57.9542961465 3.46932720267 3.57133815973 3.62214350916
109471504 8 31146.755 31149.986 31560.283 55.498363687 56.2293692203 56.2352021583 3.46864773044 3.51433557627 3.51470013489
120418640 8 34266.685 34705.732 34998.767 55.0504604919 55.5152745374 56.2265722523 3.44065378075 3.46970465858 3.51416076577
132460496 8 38206.207 38597.555 38828.858 54.5822886679 54.9093831462 55.4718225758 3.41139304174 3.43183644664 3.46698891099
145706544 4 25576.392 26015.816 26050.913 44.745163135 44.8055272224 45.5753239941 2.79657269594 2.8003454514 2.84845774963
160277184 4 28472.705 28766.705 28938.907 44.3077367089 44.5729697579 45.0332159168 2.76923354431 2.78581060987 2.8145759948
176304896 4 30844.485 32033.425 32067.233 43.9838126352 44.0302330456 45.7274345154 2.7489882897 2.75188956535 2.85796465722
193935376 4 34968.978 35454.978 35475.501 43.7339280423 43.7592432859 44.3674106804 2.73337050265 2.73495270537 2.77296316753
213328912 4 38176.302 38692.676 38863.133 43.9138886718 44.1073472406 44.7039447666 2.74461804199 2.75670920254 2.79399654791
234661792 4 43202.838 43216.103 43266.22 43.3893771168 43.43969506 43.4530327846 2.7118360698 2.71498094125 2.71581454903
258127968 4 48029.398 48627.41 63225.387 32.6613065097 42.4662498784 42.9949953568 2.04133165685 2.6541406174 2.6871872098
283940752 2 34882.567 35878.593 57058.989 19.9050671578 31.6557287517 32.5596166131 1.24406669736 1.97848304698 2.03497603832
312334816 2 39362.919 39392.28 58030.155 21.5291388417 31.7153326489 31.7389892757 1.34557117761 1.98220829056 1.98368682973
343568288 2 43443.231 43540.144 43705.141 31.4441990245 31.5633579898 31.6337694128 1.96526243903 1.97270987436 1.9771105883
377925104 2 48313.884 48412.29 48634.325 31.0829936675 31.2255507021 31.2891510854 1.94268710422 1.95159691888 1.95557194284
415717600 2 53658.883 54640.7 54712.854 30.3926824947 30.4328165635 30.9896573881 1.89954265592 1.90205103522 1.93685358676
457289360 2 59247.546 59563.804 59857.551 30.5585078147 30.7092112519 30.8731342223 1.90990673842 1.91932570324 1.92957088889
503018288 2 65318.491 65547.701 66230.668 30.3797804365 30.696319189 30.8040360577 1.89873627728 1.91851994931 1.92525225361
553320112 1 39685.998 39899.609 40419.368 27.3789591168 27.735615755 27.8849034866 1.7111849448 1.73347598469 1.74280646791
608652112 1 44387.954 44648.395 46280.663 26.3026530973 27.2642325441 27.4242021608 1.64391581858 1.70401453401 1.71401263505
669517312 1 49098.95 49500.946 52448.939 25.5302518894 27.0506875566 27.2721641501 1.59564074309 1.69066797228 1.70451025938
736469040 1 54015.459 54390.444 63368.836 23.2438872634 27.0808247125 27.2688246526 1.45274295397 1.69255154453 1.70430154079
810115936 1 57987.616 58299.747 58527.807 27.68311261 27.7914048581 27.9409981607 1.73019453813 1.73696280363 1.74631238504
891127520 1 64213.73 64270.14 65534.539 27.1956599863 27.7306855096 27.755046156 1.69972874914 1.73316784435 1.73469038475
980240272 1 70921.302 71247.206 71900.911 27.2664214783 27.5165954438 27.6430421991 1.70415134239 1.71978721523 1.72769013744

META_DATA
ERT_VERSION  1.1.0
CONFIG  {'ERT_WORKING_SET_MIN': ['1'], 'ERT_CFLAGS': ['-O3'], 'ERT_CC': ['gcc'], 'ERT_OPENMP_LDFLAGS': ['-fopenmp'], 'ERT_MEMORY_MAX': ['1073741824'], 'ERT_LDFLAGS': [], 'ERT_LDLIBS': [], 'ERT_SPEC_GBYTES_DRAM': ['300'], 'ERT_RUN': ['export', 'KMP_AFFINITY=scatter;', 'export', 'OMP_NUM_THREADS=ERT_OPENMP_THREADS;', 'ERT_CODE'], 'ERT_FLOPS': ['1,2,4,8,16'], 'ERT_OPENMP_CFLAGS': ['-fopenmp'], 'ERT_SPEC_GFLOPS': ['1000'], 'ERT_MPI': [False], 'ERT_TRIALS_MIN': ['1'], 'ERT_DRIVER': ['driver1'], 'ERT_RESULTS': ['Results.madonna.lbl.gov.02'], 'ERT_OPENMP': ['True'], 'ERT_OPENMP_THREADS': ['1,2,4,8,16,32,48,64,80,96,112,128,144,160'], 'ERT_KERNEL': ['kernel1'], 'ERT_GPU': [False], 'ERT_LD': ['gcc'], 'ERT_NUM_EXPERIMENTS': ['3'], 'ERT_ALIGN': ['32'], 'ERT_GNUPLOT': ['gnuplot']}
OPENMP_THREADS 2
TIMESTAMP_DATA  1634099538.4
FLOPS          1
TIMESTAMP_DATA  1634099544.98
UNAME  ('Linux', 'pmemMachine0', '5.9.13-derrick-pmo', '#120 SMP Tue Sep 28 02:02:07 EDT 2021', 'x86_64', 'x86_64')
HOSTNAME  ('pmemMachine0', ['pmemMachine0.local'], ['fe80::f035:4ef3:770d:269e'])
TIMESTAMP_DATA  1634099551.64
