384 2097152 6522.257 6532.783 6545.318 246.07096798 246.543125036 246.941010757 15.3794354988 15.4089453147 15.4338131723
768 1048576 3362.948 3383.533 3386.216 475.637920322 476.015081277 478.928825542 29.7273700201 29.7509425798 29.9330515964
1152 524288 2106.942 2116.342 2131.47 566.726039775 570.777101244 573.323590303 35.420377486 35.6735688277 35.8327243939
1536 524288 2231.848 2272.026 2326.547 692.276036547 708.888338426 721.649832784 43.2672522842 44.3055211516 45.103114549
1920 524288 2634.815 2639.892 2640.85 762.355271977 762.631925852 764.101434067 47.6472044986 47.6644953657 47.7563396292
2304 262144 1367.302 1367.788 1370.245 881.564648658 883.148230574 883.462140771 55.0977905411 55.1967644109 55.2163837982
2688 262144 1623.959 1690.599 1738.359 810.69913867 833.601666628 867.808943452 50.6686961669 52.1001041643 54.2380589658
3072 262144 1593.879 1600.421 1630.558 987.767829173 1006.36815938 1010.49874928 61.7354893233 62.8980099611 63.1561718299
3456 262144 2008.466 2008.864 2010.641 901.174962611 901.972123548 902.150859412 56.3234351632 56.3732577218 56.3844287133
3840 262144 1858.582 1881.024 1892.46 1063.83538886 1070.30315403 1083.22684713 66.4897118037 66.8939471267 67.7016779459
4224 131072 1162.307 1162.703 1163.2 951.939697387 952.346606141 952.671072273 59.4962310867 59.5216628838 59.541942017
4608 131072 1068.062 1072.106 1073.352 1125.40858171 1126.7165299 1130.98261337 70.3380363571 70.4197831185 70.6864133356
4992 131072 1282.125 1325.639 1327.42 985.839333444 987.163811566 1020.66713308 61.6149583402 61.6977382228 63.7916958175
5376 131072 1254.585 1269.961 1271.621 1108.25957105 1109.70820679 1123.30861918 69.2662231907 69.3567629242 70.2067886991
5760 131072 1402.816 1422.729 1470.805 1026.61429625 1061.30502717 1076.37027237 64.1633935158 66.3315641981 67.2731420229
6144 131072 1373.02 1424.465 1431.655 1125.0006014 1130.67905214 1173.04390031 70.3125375876 70.6674407585 73.3152437692
6528 131072 1573.321 1586.15 1602.824 1067.66309464 1078.88663241 1087.6839704 66.7289434149 67.4304145257 67.9802481503
6912 131072 1582.165 1584.63 1588.712 1140.50836653 1143.44631113 1145.22779103 71.2817729079 71.4653944454 71.5767369396
7296 131072 1723.103 1735.419 1759.992 1086.71097596 1102.09846959 1109.97579599 67.9194359974 68.8811543495 69.3734872495
7680 131072 1674.929 1742.37 1754.436 1147.52884688 1155.47554193 1202.00075346 71.7205529298 72.2172213709 75.1250470915
8448 65536 916.584 916.932 917.424 1206.96238163 1207.6100038 1208.06849781 75.4351488516 75.4756252372 75.5042811134
9216 65536 984.291 1041.659 1052.582 1147.6156271 1159.64970494 1227.23823747 71.7259766935 72.4781065589 76.702389842
9984 65536 1107.434 1112.109 1118.307 1170.18211278 1176.70376555 1181.67118582 73.1363820489 73.5439853468 73.8544491139
10752 65536 1144.397 1148.191 1162.722 1212.05769221 1227.39696096 1231.46612932 75.753605763 76.7123100599 76.9666330828
11520 65536 1222.983 1265.297 1267.325 1191.44610893 1193.35574177 1234.644668 74.4653818081 74.5847338609 77.1652917498
12672 65536 1396.772 1424.614 1450.527 1145.06271445 1165.89081955 1189.13064122 71.566419653 72.8681762218 74.3206650763
13824 65536 1442.574 1470.42 1523.112 1189.62973701 1232.25971355 1256.04601774 74.3518585633 77.016232097 78.502876109
14976 65536 1648.149 1676.372 1693.609 1159.02446905 1170.94193413 1190.99321239 72.4390293155 73.1838708831 74.4370757741
16128 65536 1695.565 1739.046 1749.508 1208.29925671 1215.56831504 1246.74029955 75.5187035441 75.9730196901 77.9212687216
17664 32768 953.34 953.398 964.837 1199.81707169 1214.21264152 1214.28651268 74.9885669807 75.888290095 75.8929070426
19200 32768 992.633 992.924 1025.365 1227.16418056 1267.25831987 1267.62982895 76.697761285 79.203644992 79.2268643094
21120 32768 1117.103 1150.396 1163.653 1189.46139442 1203.16857847 1239.02658931 74.3413371512 75.1980361545 77.439161832
23040 32768 1227.326 1230.866 1237.951 1219.71664468 1226.73746777 1230.27577025 76.2322902926 76.6710917354 76.8922356407
25344 32768 1297.371 1300.251 1308.563 1269.28881835 1277.40288913 1280.23856245 79.3305511466 79.8376805709 80.0149101529
27648 32768 1471.694 1476.693 1486.794 1218.68888898 1227.0250675 1231.19298441 76.1680555612 76.6890667187 76.9495615257
30336 32768 1578.268 1602.271 1614.386 1231.4899262 1240.80139752 1259.6720557 76.9681203876 77.5500873448 78.729503481
33024 16384 925.048 937.852 939.919 1151.30179515 1153.83923263 1169.81003364 71.9563621972 72.1149520393 73.1131271026
36096 16384 935.7 956.785 973.334 1215.19820329 1236.21683868 1264.07366464 75.9498877056 77.2635524177 79.0046040398
39552 16384 1017.726 1019.603 1065.877 1215.93761381 1271.12212891 1273.46646936 75.9961008634 79.4451330567 79.5916543353
43392 16384 1111.197 1120.087 1160.638 1225.07539474 1269.42733556 1279.58323862 76.5672121712 79.3392084722 79.9739524135
47616 16384 1201.714 1248.948 1251.59 1246.63914541 1249.2762613 1298.37972097 77.9149465879 78.0797663313 81.1487325603
52224 16384 1314.124 1315.245 1318.934 1297.46904091 1301.10818289 1302.21807988 81.0918150567 81.3192614304 81.3886299923
57216 16384 1463.314 1499.339 1516.341 1236.43289207 1250.45362523 1281.23826328 77.2770557546 78.1533515769 80.0773914553
62592 16384 1683.603 1714.994 1733.382 1183.24446429 1195.93109714 1218.22939018 73.9527790181 74.7456935709 76.1393368864
68736 8192 908.393 922.372 957.563 1176.0799279 1220.95057526 1239.73943436 73.5049954938 76.3094109535 77.4837146477
75264 8192 1008.609 1009.47 1021.282 1207.42887469 1221.55722904 1222.60001249 75.4643046681 76.3473268151 76.4125007808
82560 8192 1054.78 1088.295 1107.315 1221.57023069 1242.91946577 1282.41248412 76.3481394183 77.6824666106 80.1507802575
90624 8192 1153.573 1165.899 1189.6 1248.13686617 1273.5096402 1287.11717074 78.0085541358 79.5943525125 80.4448231711
99456 8192 1314.39 1314.488 1317.835 1236.48795487 1239.63634814 1239.72877456 77.2804971791 77.477271759 77.4830484103
109056 8192 1389.403 1390.731 1402.927 1273.6040464 1284.77290288 1286.00089679 79.6002528998 80.2983064302 80.3750560493
119808 8192 1571.42 1585.705 1600.947 1226.1082172 1237.89372677 1249.1468048 76.6317635749 77.3683579228 78.0716753
131712 4096 835.1 868.81 870.252 1239.85317356 1241.91100931 1292.04251467 77.4908233477 77.619438082 80.7526571668
144768 4096 907.919 917.222 919.094 1290.33532588 1292.96882979 1306.21724625 80.6459578672 80.810551862 81.6385778908
158976 4096 1004.308 1036.281 1047.07 1243.78636767 1256.73576183 1296.74501448 77.7366479796 78.5459851141 81.0465634049
174720 4096 1126.646 1144.728 1146.067 1248.8853095 1250.34614336 1270.41345729 78.0553318436 78.1466339602 79.4008410805
192000 4096 1211.474 1213.686 1235.039 1273.53387221 1295.93980651 1298.3060305 79.5958670131 80.9962379067 81.1441269066
211200 4096 1316.189 1379.655 1381.048 1252.78078676 1254.04568533 1314.51516462 78.2987991728 78.3778553334 82.1571977885
232320 4096 1455.593 1456.51 1497.031 1271.29327315 1306.66143041 1307.48460593 79.455829572 81.6663394003 81.7177878706
255360 4096 1619.349 1632.027 1686.438 1240.43049315 1281.78585281 1291.82104661 77.5269058216 80.1116158005 80.7388154129
280704 2048 902.889 911.314 916.009 1255.18808658 1261.65469202 1273.42739141 78.4492554112 78.853418251 79.5892119629
308736 2048 968.892 969.648 973.271 1299.31196553 1304.16672442 1305.18433014 81.2069978454 81.5104202762 81.5740206339
339456 2048 1045.051 1057.706 1062.854 1308.18699088 1314.55411617 1330.47265253 81.7616869297 82.1596322608 83.1545407832
373248 2048 1171.156 1213.5 1217.324 1255.88898929 1259.84656613 1305.39723828 78.4930618307 78.7404103832 81.5873273928
410496 2048 1273.121 1280.103 1281.764 1311.77940401 1313.48150579 1320.68484928 81.9862127506 82.0925941116 82.54280308
451200 2048 1416.737 1423.667 1486.432 1243.32307162 1298.13727508 1304.48714193 77.7076919765 81.1335796924 81.5304463708
496128 2048 1545.343 1575.052 1580.577 1285.69521637 1290.20520465 1315.00921672 80.3559510229 80.6378252908 82.1880760453
545664 1024 844.01 848.114 858.055 1302.38722693 1317.65290044 1324.05998981 81.3992016829 82.3533062772 82.7537493632
600192 1024 899.222 976.684 979.937 1254.35942923 1258.53727101 1366.95189397 78.3974643268 78.6585794382 85.4344933732
660096 1024 1029.524 1031.557 1083.751 1247.40517702 1310.5205122 1313.10839572 77.9628235637 81.9075320123 82.0692747328
725760 1024 1130.433 1131.071 1142.761 1300.67133898 1314.11421564 1314.85588266 81.291958686 82.1321384776 82.1784926661
798336 1024 1295.206 1296.158 1299.434 1258.23406806 1261.41421648 1262.3413789 78.639629254 78.8383885298 78.8963361813
877824 1024 1396.439 1467.451 1503.162 1196.00119748 1225.10635926 1287.40571697 74.7500748422 76.5691474536 80.4628573106
965376 1024 1589.121 1627.162 1636.566 1208.07229773 1215.05421587 1244.14065889 75.5045186079 75.9408884917 77.7587911808
1061760 512 848.588 860.436 862.938 1259.93088727 1263.59454974 1281.2368782 78.7456804544 78.9746593587 80.0773048876
1167744 512 940.611 966.784 984.974 1214.01159421 1236.85317093 1271.26926647 75.8757246384 77.3033231828 79.4543291541
1284480 512 1042.05 1082.022 1085.448 1211.76465386 1215.60145727 1262.2307183 75.7352908661 75.9750910795 78.8894198935
1412736 512 1141.996 1146.223 1148.202 1259.91912921 1262.09443014 1266.76596415 78.7449455758 78.8809018838 79.1728727596
1553664 512 1307.328 1310.758 1312.36 1212.2831662 1213.7648109 1216.94933177 75.7676978878 75.860300681 76.0593332354
1708800 512 1393.942 1436.657 1444.675 1211.21442539 1217.97422767 1255.29699227 75.7009015869 76.1233892293 78.4560620169
1879680 512 1500.841 1555.389 1555.816 1237.15935561 1237.49899221 1282.47583855 77.3224597253 77.3436870133 80.1547399092
2067456 512 1707.148 1740.078 1747.801 1211.27916965 1216.65519822 1240.12384632 75.7049481034 76.0409498885 77.5077403951
2274048 256 921.312 923.3 939.482 1239.31334076 1261.03387415 1263.75492341 77.4570837972 78.8146171342 78.9846827133
2501376 256 1055.505 1057.293 1062.509 1205.35874237 1211.305203 1213.35712479 75.3349213983 75.7065751878 75.8348202993
2751360 256 1142.43 1155.731 1157.887 1216.60949644 1218.87906442 1233.07013996 76.0380935273 76.1799415262 77.0668837478
3026304 256 1205.802 1220.45 1222.85 1267.09543116 1269.58715883 1285.01001657 79.1934644478 79.3491974272 80.3131260356
3328896 256 1338.766 1349.904 1601.444 1064.2862017 1262.60441631 1273.10878227 66.5178876064 78.9127760196 79.5692988917
3661440 256 1476.463 1480.093 1483.746 1263.46239855 1266.58073513 1269.69472313 78.9663999094 79.1612959456 79.3559201958
4027392 256 1693.474 1706.205 1708.154 1207.16557406 1208.54452073 1217.62997483 75.447848379 75.5340325459 76.101873427
4429824 128 930.46 934.722 939.896 1206.55364423 1213.23232362 1218.78957075 75.4096027646 75.8270202263 76.1743481719
4872576 128 984.89 985.855 987.385 1263.31618973 1265.27679628 1266.51652063 78.9572618583 79.0797997677 79.1572825392
5359488 128 1090.124 1091.355 1137.624 1206.0478049 1257.17931196 1258.59895572 75.3779878062 78.5737069973 78.6624347322
5895168 128 1188.83 1243.835 1249.832 1207.49269342 1213.31447338 1269.4523254 75.4682933386 75.8321545864 79.3407703372
6484608 128 1306.764 1309.169 1354.937 1225.19323629 1268.02547876 1270.35918345 76.5745772682 79.2515924224 79.3974489655
7132800 128 1493.221 1498.034 1509.447 1209.71243111 1218.92880936 1222.85770157 75.6070269443 76.183050585 76.4286063483
7845888 128 1580.889 1584.771 1599.064 1256.07688498 1267.40540305 1270.51761888 78.5048053111 79.2128376907 79.4073511803
8630400 64 896.586 907.692 910.811 1212.86545727 1217.03309052 1232.10846478 75.8040910793 76.0645681575 77.0067790485
9493248 64 997.131 1001.578 1003.736 1210.61289423 1213.22128082 1218.63199921 75.6633058892 75.8263300512 76.1644999504
10442496 64 1049.593 1058.15 1078.865 1238.93118045 1263.18526485 1273.48361508 77.4331987783 78.9490790531 79.5927259423
11486592 64 1113.087 1148.876 1225.016 1200.21597759 1279.75845609 1320.90643049 75.0134985992 79.9849035057 82.5566519059
12635136 64 1292.964 1297.738 1331.528 1214.6176483 1246.24339273 1250.84488663 75.9136030185 77.8902120459 78.1778054145
13898496 64 1397.763 1403.643 1410.284 1261.45335833 1267.42162216 1272.75331226 78.8408348957 79.2138513853 79.547082016
15288192 64 1603.414 1607.258 1609.323 1215.97005449 1217.53232897 1220.4512222 75.9981284055 76.0957705608 76.2782013878
16816896 32 865.691 884.199 885.729 1215.13616919 1217.23881615 1243.26271614 75.9460105743 76.0774260093 77.7039197589
18498432 32 931.868 934.644 943.563 1254.71181892 1266.68512075 1270.45852846 78.4194886828 79.167820047 79.4036580288
20348160 32 1030.505 1066.375 1069.383 1217.78842566 1221.22352831 1263.73209252 76.1117766039 76.3264705193 78.9832557824
22382976 32 1173.802 1174.456 1176.944 1217.14411561 1219.72254729 1220.40213256 76.0715072255 76.2326592056 76.2751332848
24620928 32 1352.163 1408.049 1549.441 1016.97282568 1119.09414516 1165.34721923 63.5608016052 69.9433840726 72.8342012021
27082752 32 1700.389 1711.009 1711.321 1012.84103216 1013.02572225 1019.35270576 63.3025645101 63.3141076406 63.7095441102
29790720 32 1790.029 1793.528 1825.655 1044.34084205 1063.04784759 1065.12580522 65.2713026284 66.4404904746 66.5703628265
32769792 32 2103.363 2105.222 2185.157 959.778490973 996.221152924 997.101635809 59.9861556858 62.2638220577 62.3188522381
36046464 16 1148.328 1170.771 1183.632 974.53165173 985.236948985 1004.49248647 60.9082282331 61.5773093116 62.7807804042
39651072 16 1345.384 1409.701 1411.692 898.803920402 900.073351725 943.101972374 56.1752450251 56.2545844828 58.9438732734
43615872 16 1455.918 1507.025 1657.584 842.013378508 926.134539241 958.644583005 52.6258361567 57.8834087026 59.9152864378
47977344 16 1716.786 1864.276 1901.444 807.425834261 823.523452536 894.272791134 50.4641146413 51.4702157835 55.8920494459
52775040 16 2765.088 2920.363 3430.24 492.327440646 578.284713236 610.758601535 30.7704650403 36.1427945772 38.1724125959
58052352 16 5348.038 5394.31 5421.941 342.621814586 344.376808897 347.356406966 21.4138634116 21.523550556 21.7097754354
63857280 16 8575.032 8607.666 8724.683 234.212860227 237.396869256 238.300330541 14.6383037642 14.8373043285 14.8937706588
70242816 8 6895.773 6953.022 6960.901 161.456836694 161.639795761 162.981736203 10.0910522934 10.102487235 10.1863585127
77266944 8 9145.199 9177.941 9204.637 134.309598955 134.700267086 135.182526263 8.39434993471 8.41876669288 8.44890789145
84993408 8 11475.681 11504.714 11567.013 117.566611882 118.203245035 118.502294374 7.3479132426 7.38770281469 7.40639339835
93492480 8 13660.986 13881.395 13965.575 107.111929154 107.761480745 109.500125394 6.69449557215 6.73509254653 6.8437578371
102841728 8 15977.098 16374.906 16468.742 99.9145926264 100.487150766 102.989144086 6.24466203915 6.28044692287 6.43682150538
113125632 8 18412.727 19050.843 19136.279 94.5852697904 95.009449818 98.3021207016 5.9115793619 5.93809061363 6.14388254385
124437888 8 21339.798 21915.016 21987.513 90.5516784913 90.8512322327 93.300143141 5.65947990571 5.67820201455 5.83125894631
136881408 4 14799.255 15122.732 15142.572 72.3160678384 72.4109416209 73.9936749519 4.5197542399 4.5256838513 4.62460468449
150569472 4 16848.289 16940.653 17311.268 69.5821805774 71.1044477447 71.4942494161 4.34888628609 4.44402798405 4.4683905885
165626112 4 19001.52 19187.916 19262.41 68.7872854954 69.0543410759 69.7317317772 4.29920534346 4.31589631724 4.35823323608
182188416 4 21585.729 21696.15 21776.494 66.930302371 67.1781550183 67.5218023908 4.18314389819 4.19863468864 4.22011264943
200406912 4 24550.068 24553.927 24621.753 65.1154000286 65.2952701212 65.3055338177 4.06971250179 4.08095438257 4.0815958636
220447488 4 27705.792 27743.324 27753.033 63.5454836234 63.5677218779 63.6538346928 3.97159272646 3.97298261737 3.9783646683
242492160 4 31130.651 31173.522 31489.56 61.6057283747 62.2302888971 62.315988188 3.85035802342 3.88939305607 3.89474926175
266741376 4 35017.232 35430.844 35678.515 59.8099726965 60.2280602743 60.9394542664 3.73812329353 3.76425376714 3.80871589165
293415168 2 26020.156 26364.896 26414.927 44.4317212007 44.5160364752 45.1058276515 2.77698257504 2.7822522797 2.81911422822
322756608 2 29113.768 29432.667 29460.978 43.8215741514 43.8637257031 44.3441890449 2.73884838446 2.74148285645 2.7715118153
355032192 2 32876.956 32881.975 32907.904 43.1546405386 43.1886700236 43.1952632111 2.69716503366 2.69929187648 2.69970395069
390535296 2 36539.475 36678.027 36759.33 42.4964542063 42.5906547263 42.7521518577 2.65602838789 2.6619159204 2.67200949111
429588480 2 40653.292 40753.661 41291.613 41.6150834311 42.1644062849 42.2685060782 2.60094271444 2.6352753928 2.64178162989
472547328 2 45353.052 46179.519 56300.224 33.5733888377 40.9313339102 41.6772241039 2.09833680235 2.55820836939 2.60482650649
519801984 2 49074.864 50788.949 51102.686 40.6868620565 40.9381957481 42.368083506 2.54292887853 2.55863723425 2.64800521913
571782144 1 27368.712 28301.018 28337.412 40.3552832559 40.4071785686 41.7836355617 2.5222052035 2.52544866054 2.6114772226
628960128 1 30368.679 31292.823 31415.138 40.0418503971 40.1983629281 41.4216323338 2.50261564982 2.51239768301 2.58885202086
691855872 1 33686.85 34591.257 34878.92 39.6718632343 40.0017768652 41.075723732 2.47949145214 2.50011105407 2.56723273325
761041152 1 37413.424 38273.192 38561.179 39.4718819152 39.768888469 40.6827855157 2.4669926197 2.48555552931 2.54267409473
837144960 1 41863.065 42130.698 42591.726 39.3102153221 39.740379331 39.9944418785 2.45688845763 2.48377370819 2.49965261741
920859264 1 46362.001 46668.655 47149.893 39.0609269887 39.4637155924 39.7247419929 2.4413079368 2.46648222453 2.48279637456
1012945152 1 51178.844 51530.335 52205.537 38.806042815 39.3145184094 39.58452645 2.42537767594 2.45715740059 2.47403290313

META_DATA
ERT_VERSION  1.1.0
CONFIG  {'ERT_WORKING_SET_MIN': ['1'], 'ERT_CFLAGS': ['-O3'], 'ERT_CC': ['gcc'], 'ERT_OPENMP_LDFLAGS': ['-fopenmp'], 'ERT_MEMORY_MAX': ['1073741824'], 'ERT_LDFLAGS': [], 'ERT_LDLIBS': [], 'ERT_SPEC_GBYTES_DRAM': ['300'], 'ERT_RUN': ['export', 'KMP_AFFINITY=scatter;', 'export', 'OMP_NUM_THREADS=ERT_OPENMP_THREADS;', 'ERT_CODE'], 'ERT_FLOPS': ['1,2,4,8,16'], 'ERT_OPENMP_CFLAGS': ['-fopenmp'], 'ERT_SPEC_GFLOPS': ['1000'], 'ERT_MPI': [False], 'ERT_TRIALS_MIN': ['1'], 'ERT_DRIVER': ['driver1'], 'ERT_RESULTS': ['Results.madonna.lbl.gov.02'], 'ERT_OPENMP': ['True'], 'ERT_OPENMP_THREADS': ['1,2,4,8,16,32,48,64,80,96,112,128,144,160'], 'ERT_KERNEL': ['kernel1'], 'ERT_GPU': [False], 'ERT_LD': ['gcc'], 'ERT_NUM_EXPERIMENTS': ['3'], 'ERT_ALIGN': ['32'], 'ERT_GNUPLOT': ['gnuplot']}
TIMESTAMP_DATA  1634099595.3
UNAME  ('Linux', 'pmemMachine0', '5.9.13-derrick-pmo', '#120 SMP Tue Sep 28 02:02:07 EDT 2021', 'x86_64', 'x86_64')
TIMESTAMP_DATA  1634099598.85
FLOPS          1
TIMESTAMP_DATA  1634099597.1
HOSTNAME  ('pmemMachine0', ['pmemMachine0.local'], ['fe80::f035:4ef3:770d:269e'])
OPENMP_THREADS 48
