640 1048576 2456.563 2460.775 2467.335 543.978535545 545.428688117 546.363875056 33.9986584716 34.0892930073 34.147742191
1280 524288 1686.847 1697.207 1700.511 789.278799137 790.815310095 795.67220975 49.3299249461 49.4259568809 49.7295131094
1920 524288 2112.003 2155.225 2156.999 933.364327012 934.132594045 953.249555043 58.3352704382 58.3832871278 59.5780971902
2560 262144 1143.69 1164.815 1178.261 1139.11712261 1152.26648008 1173.54989551 71.1948201629 72.0166550053 73.3468684696
3200 262144 1319.926 1321.615 1322.232 1268.8556925 1269.44806165 1271.07246921 79.303480781 79.3405038532 79.4420293259
3840 262144 1371.926 1373.082 1379.314 1459.61392402 1466.23866601 1467.4741349 91.2258702514 91.6399166255 91.7171334314
4480 131072 819.138 819.414 823.456 1426.1904947 1433.22559781 1433.70850821 89.1369059185 89.5765998628 89.6067817633
5120 131072 799.452 801.899 803.264 1670.90431041 1673.7485394 1678.87162706 104.431519401 104.609283713 104.929476692
5760 131072 969.253 1008.207 1009.299 1496.03778464 1497.65815949 1557.84861125 93.50236154 93.6036349678 97.3655382031
6400 131072 919.791 957.416 957.469 1752.24639127 1752.34339096 1824.02480564 109.515399454 109.521461935 114.001550352
7040 131072 1098.368 1118.996 1119.308 1648.78099683 1649.24071221 1680.21442722 103.048812302 103.077544513 105.013401701
7680 131072 1113.51 1116.699 1118.684 1799.67347347 1802.8725019 1808.03577875 112.479592092 112.679531369 113.002236172
8320 65536 643.847 670.832 675.982 1613.23680216 1625.62167577 1693.75494489 100.827300135 101.601354736 105.859684055
8960 65536 615.301 622.274 630.534 1862.55637285 1887.27975136 1908.66766022 116.409773303 117.95498446 119.291728764
9600 65536 686.201 716.882 735.518 1710.75514127 1755.22777807 1833.70645044 106.92219633 109.70173613 114.606653153
10240 65536 718.976 719.198 6571.387 204.245660771 1866.213866 1866.79010148 12.7653537982 116.638366625 116.674381342
10880 65536 767.409 823.778 828.823 1720.58854544 1731.12581302 1858.28334044 107.53678409 108.195363314 116.142708777
11520 65536 767.683 771.85 773.076 1953.17076199 1956.27316188 1966.8918551 122.073172625 122.267072618 122.930740944
12160 65536 863.69 891.029 917.44 1737.26403907 1788.7583008 1845.37915224 108.579002442 111.7973938 115.336197015
12800 65536 841.945 877.544 878.524 1909.70491415 1911.83758307 1992.6736307 119.356557134 119.489848942 124.542101919
14080 65536 922.055 924.412 953.907 1934.66843204 1996.39745049 2001.50073477 120.916777002 124.774840655 125.093795923
15360 65536 996.642 1006.41 1034.165 1946.75503425 2000.44307986 2020.04924537 121.672189641 125.027692491 126.253077835
16640 32768 542.815 560.966 572.692 1904.19813792 1944.00202508 2009.00682553 119.01238362 121.500126567 125.562926596
17920 32768 579.977 602.151 609.726 1926.11947006 1950.34986241 2024.91671221 120.382466879 121.896866401 126.557294513
19200 32768 616.645 616.975 652.495 1928.43040943 2039.45248997 2040.543911 120.526900589 127.465780623 127.533994438
21120 32768 682.535 710.398 734.27 1885.02910374 1948.37305285 2027.91112544 117.814318983 121.773315803 126.74444534
23040 32768 756.475 758.37 759.15 1989.00011855 1991.04584833 1996.03349747 124.31250741 124.440365521 124.752093592
24960 32768 848.686 851.554 855.854 1911.28225141 1920.93344638 1927.4249369 119.455140713 120.058340399 120.464058556
26880 32768 841.112 842.74 869.347 2026.35734638 2090.3335311 2094.37944055 126.647334149 130.645845694 130.898715034
29440 32768 895.506 920.381 926.071 2083.40379949 2096.28386505 2154.51358227 130.212737468 131.017741566 134.657098892
32000 32768 1032.323 1036.133 1046.612 2003.75306226 2024.01815211 2031.48820669 125.234566391 126.501134507 126.968012918
35200 16384 564.051 566.331 588.383 1960.3448774 2036.67749073 2044.91012338 122.521554838 127.29234317 127.806882711
38400 16384 598.375 598.986 600.398 2095.76181133 2100.7021867 2102.8472112 130.985113208 131.293886668 131.4279507
42240 16384 654.724 682.518 702.526 1970.20511696 2027.96163618 2114.05160037 123.13781981 126.747602261 132.128225023
46080 16384 732.051 738.285 740.012 2040.43912801 2045.21213353 2062.62875128 127.527445501 127.825758345 128.914296955
50560 16384 816.495 824.521 828.451 1999.81662162 2009.3485551 2029.10009247 124.988538851 125.584284694 126.818755779
55040 16384 944.438 948.32 949.662 1899.15013973 1901.83769192 1909.65496941 118.696883733 118.864855745 119.353435588
60160 16384 906.167 953.891 974.049 2023.84364647 2066.61230686 2175.45207451 126.490227904 129.163269179 135.965754657
65920 8192 503.457 529.728 536.312 2013.81524187 2038.84499215 2145.23440929 125.863452617 127.427812009 134.077150581
72320 8192 563.22 583.38 586.908 2018.86987398 2031.07902225 2103.77983736 126.179367124 126.942438891 131.486239835
79360 8192 608.11 609.431 610.239 2130.69672702 2133.52166201 2138.1563204 133.168545439 133.345103876 133.634770025
87040 8192 638.664 662.114 675.5 2111.12266469 2153.80336317 2232.88514775 131.945166543 134.612710198 139.555321734
95360 8192 710.954 741.169 758.208 2060.61956613 2107.99188849 2197.57992782 128.788722883 131.749493031 137.348745488
104320 8192 843.128 878.099 887.526 1925.77894056 1946.45350923 2027.1879003 120.361183785 121.653344327 126.699243768
114560 8192 922.827 926.56 946.939 1982.12455079 2025.71991021 2033.91430897 123.882784424 126.607494388 127.11964431
125440 8192 983.123 984.46 1031.159 1993.10577709 2087.65105743 2090.49016247 124.569111068 130.47819109 130.655635155
137600 4096 536.569 551.104 555.295 2029.94660496 2045.3838114 2100.79076503 126.87166281 127.836488213 131.299422814
151040 4096 600.129 610.206 610.97 2025.17256166 2027.70815102 2061.75618909 126.573285104 126.731759439 128.859761818
165760 4096 634.825 640.541 642.292 2114.1566764 2119.93599161 2139.02401449 132.134792275 132.495999475 133.689000906
181760 4096 691.22 699.028 703.717 2115.87601266 2130.06906733 2154.13026243 132.242250791 133.129316708 134.633141402
199680 4096 737.655 751.524 768.948 2127.29412132 2176.61519792 2217.53876812 132.955882582 136.03844987 138.596173008
219520 4096 831.874 838.696 869.379 2068.49698463 2144.17123725 2161.75507348 129.281061539 134.010702328 135.109692093
241280 4096 919.666 920.437 956.301 2066.88663925 2147.42101849 2149.22130426 129.180414953 134.213813656 134.326331516
264960 2048 505.325 507.11 516.243 2102.25835508 2140.11981621 2147.67953297 131.391147192 133.757488513 134.229970811
291200 2048 534.556 561.693 587.542 2030.07648815 2123.50020385 2231.30074305 126.879780509 132.718762741 139.45629644
320000 2048 586.042 625.11 629.508 2082.133984 2096.7829662 2236.56324973 130.133374 131.048935387 139.785203108
352000 2048 667.578 696.352 697.706 2066.4749909 2070.49308396 2159.73564138 129.154686931 129.405817747 134.983477586
387200 2048 735.77 740.028 753.789 2103.9988644 2143.12323317 2155.52577572 131.499929025 133.945202073 134.720360982
425600 2048 782.734 804.134 805.886 2163.1565755 2167.86953418 2227.13923249 135.197285968 135.491845886 139.19620203
467840 2048 884.877 899.712 916.017 2091.96187407 2129.8733817 2165.58079824 130.747617129 133.117086357 135.34879989
514560 2048 968.935 999.963 1008.843 2089.16328904 2107.71574548 2175.21067977 130.572705565 131.732234093 135.950667485
565760 1024 536.896 540.026 540.119 2145.22444128 2145.59387881 2158.10227679 134.07652758 134.099617426 134.881392299
622080 1024 569.31 587.79 590.993 2155.72746208 2167.4745062 2237.83148021 134.73296638 135.467156638 139.864467513
684160 1024 634.581 649.66 672.442 2083.6885263 2156.75842749 2208.00761447 130.230532894 134.797401718 138.000475905
752000 1024 709.151 738.302 738.498 2085.44369788 2085.99732901 2171.74621484 130.340231118 130.374833063 135.734138427
826880 1024 777.625 783.469 814.301 2079.63669454 2161.47702079 2177.72093233 129.977293409 135.092313799 136.10755827
909440 1024 853.08 856.489 858.1 2170.53154644 2174.61417485 2183.30416843 135.658221652 135.913385928 136.456510527
1000320 1024 903.023 940.126 980.877 2088.59557315 2179.1284998 2268.66354456 130.537223322 136.195531237 141.791471535
1100160 512 516.725 521.27 536.997 2097.8959659 2161.19063058 2180.19999032 131.118497869 135.074414411 136.262499395
1209600 512 569.988 576.749 588.353 2105.25041939 2147.60736473 2173.08153856 131.578151212 134.225460296 135.81759616
1330560 512 628.972 633.281 655.493 2078.57816941 2151.48321203 2166.22272534 129.911135588 134.467700752 135.388920333
1463040 512 712.304 712.507 718.218 2085.93067843 2102.65016344 2103.24939913 130.370667402 131.415635215 131.453087446
1608960 512 785.335 787.516 789.3 2087.38760927 2092.11627446 2097.92641357 130.46172558 130.757267154 131.120400848
1769600 512 864.266 866.669 866.688 2090.79899572 2090.84483234 2096.65820477 130.674937232 130.677802021 131.041137798
1946240 512 923.356 964.234 1007.107 1978.88581849 2066.87355974 2158.37635755 123.680363656 129.179597484 134.898522347
2140800 256 541.485 543.326 547.561 2001.76710905 2017.37005039 2024.22892601 125.110444316 126.08562815 126.514307876
2354560 256 593.941 601.239 604.792 1993.30467334 2005.0840348 2029.72133596 124.581542084 125.317752175 126.857583497
2589440 256 630.215 636.595 655.011 2024.07788571 2082.63225442 2103.71584301 126.504867857 130.164515901 131.482240188
2848000 256 689.715 697.081 699.34 2085.07449881 2091.83150882 2114.1717956 130.317156176 130.739469301 132.135737225
3132800 256 766.216 792.193 799.956 2005.10228063 2024.7510392 2093.39611807 125.318892539 126.54693995 130.837257379
3445760 256 869.949 874.32 875.934 2014.11193081 2017.8299936 2027.96844413 125.881995675 126.1143746 126.748027758
3790080 256 923.913 926.411 950.857 2040.8126143 2094.66528355 2100.32866731 127.550788394 130.916580222 131.270541707
4168960 256 1006.423 1020.513 1055.897 2021.5111133 2091.60247836 2120.88507516 126.344444581 130.725154898 132.555317198
4585600 128 582.143 584.705 593.682 1977.34410004 2007.70234563 2016.53820453 123.584006253 125.481396602 126.033637783
5043840 128 639.325 643.953 647.771 1993.33258204 2005.15105916 2019.66611661 124.583286377 125.321941198 126.229132288
5548160 128 680.462 680.638 702.442 2021.98752353 2086.76118583 2087.30092202 126.37422022 130.422574114 130.456307626
6102400 128 742.282 747.284 755.738 2067.13755296 2090.52301401 2104.61037719 129.19609706 130.657688376 131.538148574
6712320 128 797.824 865.206 872.279 1969.95906126 1986.06334214 2153.80073801 123.122441329 124.128958884 134.612546125
7383040 128 917.007 933.386 936.036 2019.21532932 2024.94813507 2061.11648003 126.200958083 126.559258442 128.819780002
8120960 128 986.244 989.434 991.044 2097.753238 2101.16668722 2107.96289762 131.109577375 131.322917951 131.747681101
8932480 64 550.133 550.962 556.732 2053.69448855 2075.20199215 2078.32913132 128.355905534 129.700124509 129.895570707
9825280 64 597.067 628.649 636.644 1975.4145802 2000.53740641 2106.35630507 123.463411263 125.0335879 131.647269067
10807680 64 633.336 681.536 685.987 2016.63156882 2029.80185933 2184.27981356 126.039473051 126.862616208 136.517488347
11888000 64 723.832 754.194 763.663 1992.58573481 2017.60289793 2102.23366748 124.536608425 126.100181121 131.389604218
13076480 64 792.335 797.221 798.097 2097.22557534 2099.53004249 2112.47696997 131.076598459 131.220627655 132.029810623
14384000 64 870.433 873.658 876.069 2101.60615203 2107.40587278 2115.21392227 131.350384502 131.712867049 132.200870142
15822080 64 996.363 999.4 1017.81 1989.7881137 2026.44210526 2032.61887485 124.361757106 126.652631579 127.038679678
17404160 32 549.675 553.594 554.76 2007.83445093 2012.06342554 2026.40876882 125.489653183 125.753964096 126.650548051
19144320 32 581.238 586.792 603.423 2030.47692912 2088.02519462 2107.97724856 126.90480807 130.501574664 131.748578035
21058560 32 642.929 643.319 646.498 2084.68988303 2094.99150499 2096.26232446 130.293117689 130.936969062 131.016395278
23164160 32 702.607 740.6 745.21 1989.38049677 2001.76375911 2110.00778529 124.336281048 125.110234945 131.875486581
25480320 32 804.074 804.296 807.12 2020.4436515 2027.53772243 2028.09751341 126.277728219 126.721107652 126.756094588
28028160 32 864.052 878.325 890.077 2015.33377449 2042.29896678 2076.03505345 125.958360906 127.643685424 129.75219084
30830720 32 945.29 950.839 7134.942 276.549701455 2075.184211 2087.36586656 17.2843563409 129.699013187 130.46036666
33913600 16 477.61 543.171 546.834 1984.57886671 1997.96233599 2272.2204309 124.03617917 124.872645999 142.013776931
37304960 16 555.374 596.769 597.038 1999.46857654 2000.36985835 2149.46814219 124.966786034 125.023116147 134.341758887
41034880 16 694.874 736.843 739.946 1774.61079592 1782.08405318 1889.71836621 110.913174745 111.380253324 118.107397888
45137920 16 819.614 820.857 862.619 1674.45122354 1759.64076569 1762.30937978 104.653201471 109.977547855 110.144336236
49651200 16 970.438 991.812 1023.681 1552.08351039 1601.95520925 1637.23844285 97.0052193994 100.122200578 102.327402678
54616320 16 1087.604 1127.647 1135.993 1538.4973675 1549.88417475 1606.94723447 96.1560854688 96.8677609216 100.434202154
60077440 16 1187.709 1204.398 1263.046 1522.09664573 1596.21493892 1618.64402812 95.131040358 99.7634336822 101.165251758
66085120 16 1404.063 1407.614 1412.433 1497.22063985 1502.34641031 1506.14597778 93.5762899904 93.8966506443 94.1341236113
72693120 8 850.872 855.663 858.586 1354.65744841 1359.28504563 1366.938764 84.6660905256 84.955315352 85.4336727498
79962240 8 977.348 1005.587 1061.23 1205.57828181 1272.28756935 1309.04840446 75.3486426128 79.5179730844 81.8155252786
87958400 8 1869.783 1933.776 2080.496 676.441771578 727.764953128 752.672582861 42.2776107236 45.4853095705 47.0420364288
96753920 8 3462.753 3635.745 3709.943 417.273990463 425.78968547 447.061260217 26.0796244039 26.6118553419 27.9413287636
106428800 8 5416.253 5567.206 5751.413 296.076946656 305.873502795 314.398311896 18.504809166 19.1170939247 19.6498944935
117071360 8 7574.231 7746.018 8068.815 232.145830584 241.819959623 247.304546164 14.5091144115 15.1137474764 15.4565341353
128778240 8 9874.332 10051.752 10460.145 196.981192899 204.984348997 208.667466316 12.3113245562 12.8115218123 13.0417166447
141655680 4 7379.11 7496.92 7752.911 146.170314608 151.161468977 153.574813223 9.13564466302 9.44759181104 9.59842582642
155820800 4 8811.418 8978.017 9332.74 133.569176898 138.846518112 141.471713179 8.3480735561 8.677907382 8.84198207371
171402880 4 10342.341 10529.335 10905.741 125.734055118 130.228835914 132.583429612 7.85837844489 8.13930224463 8.28646435077
188542720 4 11949.422 12186.557 12583.0 119.871394739 123.770951878 126.227173164 7.49196217118 7.73568449235 7.88919832273
207396480 4 13663.519 13955.723 14398.619 115.23131767 118.888275441 121.430785144 7.20195735438 7.43051721505 7.5894240715
228135680 4 15569.898 15916.928 16418.757 111.158563343 114.663171185 117.218843694 6.94741020895 7.16644819905 7.3261777309
250949120 4 17676.361 18062.343 18651.804 107.635323639 111.147981189 113.575014676 6.72720772747 6.94674882434 7.09843841727
276043520 2 13321.658 13617.436 14059.144 78.5377886449 81.0853144454 82.8856348061 4.90861179031 5.06783215284 5.18035217538
303647360 2 15022.86 15313.22 15798.307 76.8809873109 79.3163972045 80.8494148251 4.80506170693 4.95727482528 5.05308842657
334011520 2 16858.603 17173.21 17744.341 75.2942067558 77.7982730078 79.2501063107 4.70588792224 4.86239206299 4.95313164442
367412480 2 18932.259 19227.888 19865.983 73.978212908 76.4332473749 77.6267597015 4.62363830675 4.77707796093 4.85167248135
404153600 2 21171.653 21496.097 22212.888 72.7782177626 75.2050197764 76.3574955626 4.54863861016 4.70031373602 4.77234347266
444568960 2 23596.781 24027.507 24814.624 71.6624132608 74.0100019532 75.3609502923 4.4789008288 4.62562512207 4.71005939327
489025280 2 26385.388 26771.736 27669.183 70.6960201897 73.0659050276 74.1357724207 4.41850126186 4.56661906423 4.63348577629
537927680 1 14624.73 14858.729 15321.999 70.2163836455 72.4056115432 73.5641177649 4.38852397784 4.52535072145 4.59775736031
591720320 1 16241.101 16618.472 20881.85 56.6731702411 71.2123617623 72.8670205302 3.54207314007 4.45077261014 4.55418878314
650892160 1 18086.552 18397.571 19590.275 66.4505383411 70.7584887157 71.9752620621 4.15315864632 4.42240554473 4.49845387888
715980800 1 20118.166 20501.309 22192.373 64.5249428711 69.8473253586 71.1775417302 4.03280892945 4.36545783491 4.44859635814
787578880 1 22309.793 22736.661 23716.229 66.4168725981 69.2783236729 70.6038715823 4.15105453738 4.32989522956 4.41274197389
866336640 1 24690.75 25236.013 26275.746 65.9419253025 68.6587568329 70.1749958993 4.12137033141 4.29117230206 4.3859372437
952970240 1 27405.565 27958.246 29059.86 65.5867055106 68.1709603671 69.5457466394 4.09916909441 4.26068502294 4.34660916496
1048266880 1 30288.222 31079.126 32259.867 64.9889151744 67.4579381672 69.2194398205 4.0618071984 4.21612113545 4.32621498878

META_DATA
ERT_VERSION  1.1.0
TIMESTAMP_DATA  1634099604.42
CONFIG  {'ERT_WORKING_SET_MIN': ['1'], 'ERT_CFLAGS': ['-O3'], 'ERT_CC': ['gcc'], 'ERT_OPENMP_LDFLAGS': ['-fopenmp'], 'ERT_MEMORY_MAX': ['1073741824'], 'ERT_LDFLAGS': [], 'ERT_LDLIBS': [], 'ERT_SPEC_GBYTES_DRAM': ['300'], 'ERT_RUN': ['export', 'KMP_AFFINITY=scatter;', 'export', 'OMP_NUM_THREADS=ERT_OPENMP_THREADS;', 'ERT_CODE'], 'ERT_FLOPS': ['1,2,4,8,16'], 'ERT_OPENMP_CFLAGS': ['-fopenmp'], 'ERT_SPEC_GFLOPS': ['1000'], 'ERT_MPI': [False], 'ERT_TRIALS_MIN': ['1'], 'ERT_DRIVER': ['driver1'], 'ERT_RESULTS': ['Results.madonna.lbl.gov.02'], 'ERT_OPENMP': ['True'], 'ERT_OPENMP_THREADS': ['1,2,4,8,16,32,48,64,80,96,112,128,144,160'], 'ERT_KERNEL': ['kernel1'], 'ERT_GPU': [False], 'ERT_LD': ['gcc'], 'ERT_NUM_EXPERIMENTS': ['3'], 'ERT_ALIGN': ['32'], 'ERT_GNUPLOT': ['gnuplot']}
UNAME  ('Linux', 'pmemMachine0', '5.9.13-derrick-pmo', '#120 SMP Tue Sep 28 02:02:07 EDT 2021', 'x86_64', 'x86_64')
FLOPS          1
OPENMP_THREADS 80
TIMESTAMP_DATA  1634099606.34
HOSTNAME  ('pmemMachine0', ['pmemMachine0.local'], ['fe80::f035:4ef3:770d:269e'])
TIMESTAMP_DATA  1634099605.36
