         640            1         827.002         1280           80
         640            2           3.633         2560          160
         640            4           7.693         5120          320
         640            8          13.382        10240          640
         640           16           8.219        20480         1280
         640           32          11.389        40960         2560
         640           64           8.365        81920         5120
         640          128          10.187       163840        10240
         640          256           7.048       327680        20480
         640          512           6.889       655360        40960
         640         1024          10.081      1310720        81920
         640         2048          10.965      2621440       163840
         640         4096          16.088      5242880       327680
         640         8192          26.921     10485760       655360
         640        16384          44.979     20971520      1310720
         640        32768          82.066     41943040      2621440
         640        65536         159.784     83886080      5242880
         640       131072         314.989    167772160     10485760
         640       262144         643.609    335544320     20971520
         640       524288        1252.865    671088640     41943040
         640      1048576        2467.335   1342177280     83886080
        1280            1           9.237         2560          160
        1280            2          10.842         5120          320
        1280            4           3.191        10240          640
        1280            8           9.118        20480         1280
        1280           16           7.716        40960         2560
        1280           32           8.805        81920         5120
        1280           64           9.228       163840        10240
        1280          128          11.186       327680        20480
        1280          256           5.860       655360        40960
        1280          512           9.163      1310720        81920
        1280         1024           8.445      2621440       163840
        1280         2048          11.375      5242880       327680
        1280         4096          21.907     10485760       655360
        1280         8192          28.164     20971520      1310720
        1280        16384          53.562     41943040      2621440
        1280        32768         101.432     83886080      5242880
        1280        65536         193.148    167772160     10485760
        1280       131072         429.082    335544320     20971520
        1280       262144         851.830    671088640     41943040
        1280       524288        1697.207   1342177280     83886080
        1920            1           8.665         3840          240
        1920            2           8.731         7680          480
        1920            4           8.153        15360          960
        1920            8          11.334        30720         1920
        1920           16           9.049        61440         3840
        1920           32           7.973       122880         7680
        1920           64          11.095       245760        15360
        1920          128           9.696       491520        30720
        1920          256           5.764       983040        61440
        1920          512           9.835      1966080       122880
        1920         1024          11.707      3932160       245760
        1920         2048          15.752      7864320       491520
        1920         4096          23.381     15728640       983040
        1920         8192          37.484     31457280      1966080
        1920        16384          73.582     62914560      3932160
        1920        32768         135.229    125829120      7864320
        1920        65536         263.922    251658240     15728640
        1920       131072         529.796    503316480     31457280
        1920       262144        1063.692   1006632960     62914560
        1920       524288        2112.003   2013265920    125829120
        2560            1           8.615         5120          320
        2560            2          12.847        10240          640
        2560            4           7.568        20480         1280
        2560            8           8.362        40960         2560
        2560           16           6.269        81920         5120
        2560           32           8.691       163840        10240
        2560           64          12.863       327680        20480
        2560          128           8.374       655360        40960
        2560          256           7.172      1310720        81920
        2560          512           6.480      2621440       163840
        2560         1024           8.770      5242880       327680
        2560         2048          13.228     10485760       655360
        2560         4096          21.483     20971520      1310720
        2560         8192          39.795     41943040      2621440
        2560        16384          67.403     83886080      5242880
        2560        32768         129.494    167772160     10485760
        2560        65536         273.681    335544320     20971520
        2560       131072         556.004    671088640     41943040
        2560       262144        1178.261   1342177280     83886080
        3200            1           7.438         6400          400
        3200            2           6.092        12800          800
        3200            4          10.388        25600         1600
        3200            8           6.826        51200         3200
        3200           16          10.465       102400         6400
        3200           32           8.675       204800        12800
        3200           64          14.016       409600        25600
        3200          128          11.327       819200        51200
        3200          256          15.764      1638400       102400
        3200          512          10.077      3276800       204800
        3200         1024          14.198      6553600       409600
        3200         2048          17.042     13107200       819200
        3200         4096          26.719     26214400      1638400
        3200         8192          46.013     52428800      3276800
        3200        16384          87.009    104857600      6553600
        3200        32768         168.974    209715200     13107200
        3200        65536         333.699    419430400     26214400
        3200       131072         666.346    838860800     52428800
        3200       262144        1319.926   1677721600    104857600
        3840            1           9.197         7680          480
        3840            2           8.917        15360          960
        3840            4           9.641        30720         1920
        3840            8           7.313        61440         3840
        3840           16           8.869       122880         7680
        3840           32           9.873       245760        15360
        3840           64          10.488       491520        30720
        3840          128           7.590       983040        61440
        3840          256           9.897      1966080       122880
        3840          512           9.506      3932160       245760
        3840         1024          12.007      7864320       491520
        3840         2048          17.833     15728640       983040
        3840         4096          29.195     31457280      1966080
        3840         8192          46.687     62914560      3932160
        3840        16384          85.453    125829120      7864320
        3840        32768         170.640    251658240     15728640
        3840        65536         341.512    503316480     31457280
        3840       131072         705.826   1006632960     62914560
        3840       262144        1379.314   2013265920    125829120
        4480            1           8.659         8960          560
        4480            2           7.637        17920         1120
        4480            4           9.074        35840         2240
        4480            8           9.888        71680         4480
        4480           16           8.340       143360         8960
        4480           32           8.297       286720        17920
        4480           64           8.715       573440        35840
        4480          128           9.882      1146880        71680
        4480          256           9.100      2293760       143360
        4480          512          13.240      4587520       286720
        4480         1024          14.120      9175040       573440
        4480         2048          23.443     18350080      1146880
        4480         4096          33.672     36700160      2293760
        4480         8192          58.620     73400320      4587520
        4480        16384         110.491    146800640      9175040
        4480        32768         209.656    293601280     18350080
        4480        65536         415.736    587202560     36700160
        4480       131072         819.138   1174405120     73400320
        5120            1          14.062        10240          640
        5120            2           9.366        20480         1280
        5120            4          16.150        40960         2560
        5120            8          10.396        81920         5120
        5120           16           6.947       163840        10240
        5120           32           9.324       327680        20480
        5120           64           8.858       655360        40960
        5120          128          10.853      1310720        81920
        5120          256          10.832      2621440       163840
        5120          512          16.536      5242880       327680
        5120         1024          17.217     10485760       655360
        5120         2048          21.003     20971520      1310720
        5120         4096          33.652     41943040      2621440
        5120         8192          54.917     83886080      5242880
        5120        16384         104.186    167772160     10485760
        5120        32768         201.095    335544320     20971520
        5120        65536         401.621    671088640     41943040
        5120       131072         799.452   1342177280     83886080
        5760            1           9.109        11520          720
        5760            2           8.149        23040         1440
        5760            4          10.757        46080         2880
        5760            8          10.071        92160         5760
        5760           16           9.154       184320        11520
        5760           32           9.885       368640        23040
        5760           64          10.903       737280        46080
        5760          128           8.086      1474560        92160
        5760          256           9.506      2949120       184320
        5760          512          13.831      5898240       368640
        5760         1024          15.503     11796480       737280
        5760         2048          25.557     23592960      1474560
        5760         4096          39.563     47185920      2949120
        5760         8192          67.831     94371840      5898240
        5760        16384         129.418    188743680     11796480
        5760        32768         247.727    377487360     23592960
        5760        65536         502.187    754974720     47185920
        5760       131072         969.253   1509949440     94371840
        6400            1          20.914        12800          800
        6400            2           9.604        25600         1600
        6400            4           9.301        51200         3200
        6400            8           9.295       102400         6400
        6400           16          11.179       204800        12800
        6400           32           9.671       409600        25600
        6400           64           9.249       819200        51200
        6400          128           9.081      1638400       102400
        6400          256          13.231      3276800       204800
        6400          512          14.186      6553600       409600
        6400         1024          17.088     13107200       819200
        6400         2048          25.986     26214400      1638400
        6400         4096          37.571     52428800      3276800
        6400         8192          65.654    104857600      6553600
        6400        16384         123.310    209715200     13107200
        6400        32768         242.175    419430400     26214400
        6400        65536         481.467    838860800     52428800
        6400       131072         957.416   1677721600    104857600
        7040            1          12.169        14080          880
        7040            2          11.431        28160         1760
        7040            4          11.009        56320         3520
        7040            8          11.075       112640         7040
        7040           16           9.706       225280        14080
        7040           32           9.518       450560        28160
        7040           64          13.708       901120        56320
        7040          128          10.219      1802240       112640
        7040          256          13.812      3604480       225280
        7040          512          13.119      7208960       450560
        7040         1024          19.005     14417920       901120
        7040         2048          27.726     28835840      1802240
        7040         4096          42.348     57671680      3604480
        7040         8192          85.364    115343360      7208960
        7040        16384         151.590    230686720     14417920
        7040        32768         297.898    461373440     28835840
        7040        65536         590.589    922746880     57671680
        7040       131072        1118.996   1845493760    115343360
        7680            1           8.576        15360          960
        7680            2           9.111        30720         1920
        7680            4          11.216        61440         3840
        7680            8           9.992       122880         7680
        7680           16          10.256       245760        15360
        7680           32           9.802       491520        30720
        7680           64           9.772       983040        61440
        7680          128          11.722      1966080       122880
        7680          256        1034.047      3932160       245760
        7680          512          12.499      7864320       491520
        7680         1024          23.211     15728640       983040
        7680         2048          42.339     31457280      1966080
        7680         4096          41.488     62914560      3932160
        7680         8192          70.804    125829120      7864320
        7680        16384         139.928    251658240     15728640
        7680        32768         260.732    503316480     31457280
        7680        65536         568.841   1006632960     62914560
        7680       131072        1116.699   2013265920    125829120
        8320            1           8.337        16640         1040
        8320            2           8.570        33280         2080
        8320            4           9.951        66560         4160
        8320            8           7.427       133120         8320
        8320           16           7.885       266240        16640
        8320           32          12.741       532480        33280
        8320           64           9.281      1064960        66560
        8320          128           9.589      2129920       133120
        8320          256          12.254      4259840       266240
        8320          512          17.165      8519680       532480
        8320         1024          17.938     17039360      1064960
        8320         2048          29.551     34078720      2129920
        8320         4096          49.504     68157440      4259840
        8320         8192          93.590    136314880      8519680
        8320        16384         173.309    272629760     17039360
        8320        32768         337.978    545259520     34078720
        8320        65536         675.982   1090519040     68157440
        8960            1           7.962        17920         1120
        8960            2           9.517        35840         2240
        8960            4           8.898        71680         4480
        8960            8           9.529       143360         8960
        8960           16           9.909       286720        17920
        8960           32          13.748       573440        35840
        8960           64          10.898      1146880        71680
        8960          128           8.859      2293760       143360
        8960          256          11.399      4587520       286720
        8960          512          13.043      9175040       573440
        8960         1024          17.071     18350080      1146880
        8960         2048          27.402     36700160      2293760
        8960         4096          44.282     73400320      4587520
        8960         8192          86.289    146800640      9175040
        8960        16384         157.316    293601280     18350080
        8960        32768         308.303    587202560     36700160
        8960        65536         615.301   1174405120     73400320
        9600            1          10.018        19200         1200
        9600            2          10.037        38400         2400
        9600            4          12.020        76800         4800
        9600            8           9.426       153600         9600
        9600           16           9.104       307200        19200
        9600           32          12.051       614400        38400
        9600           64          11.526      1228800        76800
        9600          128           8.792      2457600       153600
        9600          256          10.897      4915200       307200
        9600          512          15.551      9830400       614400
        9600         1024          22.218     19660800      1228800
        9600         2048          31.661     39321600      2457600
        9600         4096          53.231     78643200      4915200
        9600         8192          95.578    157286400      9830400
        9600        16384         184.129    314572800     19660800
        9600        32768         374.677    629145600     39321600
        9600        65536         686.201   1258291200     78643200
       10240            1          12.400        20480         1280
       10240            2           9.798        40960         2560
       10240            4           9.403        81920         5120
       10240            8           5.768       163840        10240
       10240           16           6.051       327680        20480
       10240           32          12.093       655360        40960
       10240           64          10.953      1310720        81920
       10240          128           7.582      2621440       163840
       10240          256          11.155      5242880       327680
       10240          512          14.798     10485760       655360
       10240         1024          19.219     20971520      1310720
       10240         2048          27.395     41943040      2621440
       10240         4096          50.948     83886080      5242880
       10240         8192          92.085    167772160     10485760
       10240        16384         171.498    335544320     20971520
       10240        32768        6057.298    671088640     41943040
       10240        65536        6571.387   1342177280     83886080
       10880            1        5453.377        21760         1360
       10880            2        5474.103        43520         2720
       10880            4        5457.540        87040         5440
       10880            8           5.579       174080        10880
       10880           16          10.681       348160        21760
       10880           32           8.283       696320        43520
       10880           64           6.675      1392640        87040
       10880          128           8.609      2785280       174080
       10880          256           9.074      5570560       348160
       10880          512          10.944     11141120       696320
       10880         1024          16.968     22282240      1392640
       10880         2048          28.334     44564480      2785280
       10880         4096          55.460     89128960      5570560
       10880         8192          96.663    178257920     11141120
       10880        16384         196.768    356515840     22282240
       10880        32768         384.422    713031680     44564480
       10880        65536         767.409   1426063360     89128960
       11520            1          11.047        23040         1440
       11520            2          10.174        46080         2880
       11520            4          10.432        92160         5760
       11520            8          10.526       184320        11520
       11520           16           8.997       368640        23040
       11520           32           6.767       737280        46080
       11520           64           7.938      1474560        92160
       11520          128           9.942      2949120       184320
       11520          256           9.310      5898240       368640
       11520          512          12.295     11796480       737280
       11520         1024          19.000     23592960      1474560
       11520         2048          28.465     47185920      2949120
       11520         4096          52.538     94371840      5898240
       11520         8192          98.030    188743680     11796480
       11520        16384         184.870    377487360     23592960
       11520        32768         363.907    754974720     47185920
       11520        65536         767.683   1509949440     94371840
       12160            1           8.019        24320         1520
       12160            2           9.476        48640         3040
       12160            4           9.177        97280         6080
       12160            8           9.784       194560        12160
       12160           16           6.643       389120        24320
       12160           32           8.674       778240        48640
       12160           64           8.778      1556480        97280
       12160          128          10.278      3112960       194560
       12160          256          12.706      6225920       389120
       12160          512          13.225     12451840       778240
       12160         1024          23.347     24903680      1556480
       12160         2048          33.420     49807360      3112960
       12160         4096          61.943     99614720      6225920
       12160         8192         113.387    199229440     12451840
       12160        16384         223.461    398458880     24903680
       12160        32768         443.136    796917760     49807360
       12160        65536         863.690   1593835520     99614720
       12800            1          11.471        25600         1600
       12800            2           9.564        51200         3200
       12800            4          12.791       102400         6400
       12800            8          11.923       204800        12800
       12800           16           1.378       409600        25600
       12800           32          11.440       819200        51200
       12800           64           8.790      1638400       102400
       12800          128           9.180      3276800       204800
       12800          256          11.574      6553600       409600
       12800          512          14.467     13107200       819200
       12800         1024          20.535     26214400      1638400
       12800         2048          35.986     52428800      3276800
       12800         4096          59.769    104857600      6553600
       12800         8192         112.663    209715200     13107200
       12800        16384         219.367    419430400     26214400
       12800        32768         429.714    838860800     52428800
       12800        65536         841.945   1677721600    104857600
       14080            1          14.777        28160         1760
       14080            2          15.343        56320         3520
       14080            4           5.442       112640         7040
       14080            8          13.778       225280        14080
       14080           16           8.799       450560        28160
       14080           32           8.114       901120        56320
       14080           64          11.262      1802240       112640
       14080          128           8.819      3604480       225280
       14080          256          14.235      7208960       450560
       14080          512          15.315     14417920       901120
       14080         1024          29.502     28835840      1802240
       14080         2048          36.317     57671680      3604480
       14080         4096          63.536    115343360      7208960
       14080         8192         121.761    230686720     14417920
       14080        16384         234.399    461373440     28835840
       14080        32768         466.437    922746880     57671680
       14080        65536         924.412   1845493760    115343360
       15360            1          11.422        30720         1920
       15360            2          10.493        61440         3840
       15360            4          10.054       122880         7680
       15360            8           9.570       245760        15360
       15360           16           8.958       491520        30720
       15360           32          11.153       983040        61440
       15360           64          10.113      1966080       122880
       15360          128          14.283      3932160       245760
       15360          256          13.850      7864320       491520
       15360          512          15.465     15728640       983040
       15360         1024          22.874     31457280      1966080
       15360         2048          38.276     62914560      3932160
       15360         4096          69.265    125829120      7864320
       15360         8192         130.397    251658240     15728640
       15360        16384         254.600    503316480     31457280
       15360        32768         503.902   1006632960     62914560
       15360        65536         996.642   2013265920    125829120
       16640            1          12.381        33280         2080
       16640            2          10.436        66560         4160
       16640            4          11.803       133120         8320
       16640            8          10.646       266240        16640
       16640           16          11.216       532480        33280
       16640           32          14.030      1064960        66560
       16640           64           7.969      2129920       133120
       16640          128          13.242      4259840       266240
       16640          256          14.472      8519680       532480
       16640          512          16.440     17039360      1064960
       16640         1024          23.965     34078720      2129920
       16640         2048          43.872     68157440      4259840
       16640         4096          77.694    136314880      8519680
       16640         8192         147.100    272629760     17039360
       16640        16384         282.306    545259520     34078720
       16640        32768         542.815   1090519040     68157440
       17920            1           6.044        35840         2240
       17920            2          10.186        71680         4480
       17920            4           8.438       143360         8960
       17920            8           8.726       286720        17920
       17920           16           6.952       573440        35840
       17920           32           8.050      1146880        71680
       17920           64           8.565      2293760       143360
       17920          128          10.529      4587520       286720
       17920          256          14.767      9175040       573440
       17920          512          19.232     18350080      1146880
       17920         1024          25.518     36700160      2293760
       17920         2048          47.334     73400320      4587520
       17920         4096          88.791    146800640      9175040
       17920         8192         150.955    293601280     18350080
       17920        16384         292.443    587202560     36700160
       17920        32768         579.977   1174405120     73400320
       19200            1           8.087        38400         2400
       19200            2          10.147        76800         4800
       19200            4           9.673       153600         9600
       19200            8           7.280       307200        19200
       19200           16           8.780       614400        38400
       19200           32           9.404      1228800        76800
       19200           64           8.898      2457600       153600
       19200          128          10.917      4915200       307200
       19200          256          15.790      9830400       614400
       19200          512          18.858     19660800      1228800
       19200         1024          29.032     39321600      2457600
       19200         2048          46.082     78643200      4915200
       19200         4096          84.355    157286400      9830400
       19200         8192         161.501    314572800     19660800
       19200        16384         312.511    629145600     39321600
       19200        32768         616.975   1258291200     78643200
       21120            1          10.056        42240         2640
       21120            2           8.080        84480         5280
       21120            4           9.144       168960        10560
       21120            8          13.012       337920        21120
       21120           16          11.033       675840        42240
       21120           32           8.244      1351680        84480
       21120           64          11.318      2703360       168960
       21120          128          11.153      5406720       337920
       21120          256          14.832     10813440       675840
       21120          512          20.628     21626880      1351680
       21120         1024          27.911     43253760      2703360
       21120         2048          51.714     86507520      5406720
       21120         4096          94.777    173015040     10813440
       21120         8192         183.622    346030080     21626880
       21120        16384         357.812    692060160     43253760
       21120        32768         682.535   1384120320     86507520
       23040            1           9.547        46080         2880
       23040            2          18.786        92160         5760
       23040            4          11.279       184320        11520
       23040            8           9.725       368640        23040
       23040           16           9.861       737280        46080
       23040           32          15.574      1474560        92160
       23040           64          13.595      2949120       184320
       23040          128          11.398      5898240       368640
       23040          256          12.578     11796480       737280
       23040          512          18.269     23592960      1474560
       23040         1024          30.423     47185920      2949120
       23040         2048          52.959     94371840      5898240
       23040         4096          99.815    188743680     11796480
       23040         8192         195.733    377487360     23592960
       23040        16384         386.686    754974720     47185920
       23040        32768         759.150   1509949440     94371840
       24960            1          10.382        49920         3120
       24960            2           7.918        99840         6240
       24960            4           9.379       199680        12480
       24960            8           7.420       399360        24960
       24960           16           8.767       798720        49920
       24960           32           9.912      1597440        99840
       24960           64          10.393      3194880       199680
       24960          128          13.666      6389760       399360
       24960          256          20.708     12779520       798720
       24960          512          22.120     25559040      1597440
       24960         1024          32.982     51118080      3194880
       24960         2048          60.091    102236160      6389760
       24960         4096         111.028    204472320     12779520
       24960         8192         214.703    408944640     25559040
       24960        16384         431.343    817889280     51118080
       24960        32768         851.554   1635778560    102236160
       26880            1           8.399        53760         3360
       26880            2           7.979       107520         6720
       26880            4          13.173       215040        13440
       26880            8           8.000       430080        26880
       26880           16           9.752       860160        53760
       26880           32          11.193      1720320       107520
       26880           64           9.126      3440640       215040
       26880          128          10.799      6881280       430080
       26880          256          14.703     13762560       860160
       26880          512          21.081     27525120      1720320
       26880         1024          34.873     55050240      3440640
       26880         2048          64.647    110100480      6881280
       26880         4096         118.056    220200960     13762560
       26880         8192         216.458    440401920     27525120
       26880        16384         428.654    880803840     55050240
       26880        32768         841.112   1761607680    110100480
       29440            1           7.859        58880         3680
       29440            2           9.302       117760         7360
       29440            4          12.854       235520        14720
       29440            8          10.979       471040        29440
       29440           16           8.481       942080        58880
       29440           32          10.219      1884160       117760
       29440           64          11.715      3768320       235520
       29440          128          12.488      7536640       471040
       29440          256          15.442     15073280       942080
       29440          512          23.382     30146560      1884160
       29440         1024          38.213     60293120      3768320
       29440         2048          64.585    120586240      7536640
       29440         4096         129.885    241172480     15073280
       29440         8192         235.562    482344960     30146560
       29440        16384         449.380    964689920     60293120
       29440        32768         920.381   1929379840    120586240
       32000            1          14.699        64000         4000
       32000            2           9.976       128000         8000
       32000            4           7.863       256000        16000
       32000            8           8.924       512000        32000
       32000           16          11.911      1024000        64000
       32000           32          11.153      2048000       128000
       32000           64          12.437      4096000       256000
       32000          128          15.198      8192000       512000
       32000          256          16.428     16384000      1024000
       32000          512          22.446     32768000      2048000
       32000         1024          41.352     65536000      4096000
       32000         2048          71.678    131072000      8192000
       32000         4096         135.242    262144000     16384000
       32000         8192         264.248    524288000     32768000
       32000        16384         522.390   1048576000     65536000
       32000        32768        1036.133   2097152000    131072000
       35200            1           9.742        70400         4400
       35200            2           7.503       140800         8800
       35200            4          10.922       281600        17600
       35200            8          12.748       563200        35200
       35200           16           8.993      1126400        70400
       35200           32           9.808      2252800       140800
       35200           64          10.610      4505600       281600
       35200          128          13.557      9011200       563200
       35200          256          17.510     18022400      1126400
       35200          512          25.807     36044800      2252800
       35200         1024          46.149     72089600      4505600
       35200         2048          77.364    144179200      9011200
       35200         4096         161.769    288358400     18022400
       35200         8192         292.412    576716800     36044800
       35200        16384         564.051   1153433600     72089600
       38400            1           9.561        76800         4800
       38400            2          10.894       153600         9600
       38400            4           8.222       307200        19200
       38400            8          11.226       614400        38400
       38400           16           9.629      1228800        76800
       38400           32           9.027      2457600       153600
       38400           64          11.878      4915200       307200
       38400          128          12.970      9830400       614400
       38400          256          16.293     19660800      1228800
       38400          512          29.638     39321600      2457600
       38400         1024          46.568     78643200      4915200
       38400         2048          85.636    157286400      9830400
       38400         4096         154.638    314572800     19660800
       38400         8192         303.859    629145600     39321600
       38400        16384         600.398   1258291200     78643200
       42240            1          12.903        84480         5280
       42240            2           9.568       168960        10560
       42240            4          11.193       337920        21120
       42240            8           7.649       675840        42240
       42240           16          11.217      1351680        84480
       42240           32          13.004      2703360       168960
       42240           64          12.725      5406720       337920
       42240          128          13.282     10813440       675840
       42240          256          18.949     21626880      1351680
       42240          512          36.051     43253760      2703360
       42240         1024          50.313     86507520      5406720
       42240         2048          85.913    173015040     10813440
       42240         4096         168.759    346030080     21626880
       42240         8192         318.081    692060160     43253760
       42240        16384         682.518   1384120320     86507520
       46080            1           6.212        92160         5760
       46080            2          10.312       184320        11520
       46080            4          10.468       368640        23040
       46080            8           8.460       737280        46080
       46080           16           9.044      1474560        92160
       46080           32          11.299      2949120       184320
       46080           64          12.276      5898240       368640
       46080          128          13.555     11796480       737280
       46080          256          19.136     23592960      1474560
       46080          512          28.248     47185920      2949120
       46080         1024          52.824     94371840      5898240
       46080         2048         101.042    188743680     11796480
       46080         4096         188.797    377487360     23592960
       46080         8192         369.947    754974720     47185920
       46080        16384         738.285   1509949440     94371840
       50560            1           9.921       101120         6320
       50560            2           9.367       202240        12640
       50560            4           8.371       404480        25280
       50560            8          12.529       808960        50560
       50560           16          11.061      1617920       101120
       50560           32          10.361      3235840       202240
       50560           64          17.362      6471680       404480
       50560          128          15.588     12943360       808960
       50560          256          24.690     25886720      1617920
       50560          512          36.105     51773440      3235840
       50560         1024          57.678    103546880      6471680
       50560         2048         108.002    207093760     12943360
       50560         4096         211.827    414187520     25886720
       50560         8192         413.060    828375040     51773440
       50560        16384         816.495   1656750080    103546880
       55040            1           9.180       110080         6880
       55040            2           8.621       220160        13760
       55040            4          10.214       440320        27520
       55040            8           7.528       880640        55040
       55040           16           9.139      1761280       110080
       55040           32           9.036      3522560       220160
       55040           64          16.475      7045120       440320
       55040          128          15.199     14090240       880640
       55040          256          26.355     28180480      1761280
       55040          512          38.135     56360960      3522560
       55040         1024          66.456    112721920      7045120
       55040         2048         123.886    225443840     14090240
       55040         4096         244.800    450887680     28180480
       55040         8192         481.247    901775360     56360960
       55040        16384         949.662   1803550720    112721920
       60160            1          19.933       120320         7520
       60160            2           9.212       240640        15040
       60160            4           9.281       481280        30080
       60160            8           7.960       962560        60160
       60160           16          10.101      1925120       120320
       60160           32           9.451      3850240       240640
       60160           64          12.623      7700480       481280
       60160          128          14.159     15400960       962560
       60160          256          21.682     30801920      1925120
       60160          512          35.696     61603840      3850240
       60160         1024          64.458    123207680      7700480
       60160         2048         118.754    246415360     15400960
       60160         4096         231.062    492830720     30801920
       60160         8192         452.199    985661440     61603840
       60160        16384         953.891   1971322880    123207680
       65920            1           8.476       131840         8240
       65920            2           9.634       263680        16480
       65920            4           9.356       527360        32960
       65920            8          10.649      1054720        65920
       65920           16          11.727      2109440       131840
       65920           32          10.923      4218880       263680
       65920           64          11.804      8437760       527360
       65920          128          15.771     16875520      1054720
       65920          256          25.017     33751040      2109440
       65920          512          39.360     67502080      4218880
       65920         1024          74.432    135004160      8437760
       65920         2048         138.695    270008320     16875520
       65920         4096         274.193    540016640     33751040
       65920         8192         529.728   1080033280     67502080
       72320            1           8.739       144640         9040
       72320            2           8.778       289280        18080
       72320            4          12.276       578560        36160
       72320            8           9.731      1157120        72320
       72320           16           9.568      2314240       144640
       72320           32          14.623      4628480       289280
       72320           64          12.072      9256960       578560
       72320          128          29.609     18513920      1157120
       72320          256          26.267     37027840      2314240
       72320          512          47.636     74055680      4628480
       72320         1024          86.424    148111360      9256960
       72320         2048         151.439    296222720     18513920
       72320         4096         292.427    592445440     37027840
       72320         8192         583.380   1184890880     74055680
       79360            1           8.585       158720         9920
       79360            2           9.774       317440        19840
       79360            4          10.474       634880        39680
       79360            8           8.207      1269760        79360
       79360           16           9.158      2539520       158720
       79360           32          10.481      5079040       317440
       79360           64          14.731     10158080       634880
       79360          128          20.514     20316160      1269760
       79360          256          29.600     40632320      2539520
       79360          512          44.832     81264640      5079040
       79360         1024          81.525    162529280     10158080
       79360         2048         155.835    325058560     20316160
       79360         4096         306.677    650117120     40632320
       79360         8192         610.239   1300234240     81264640
       87040            1           8.855       174080        10880
       87040            2           9.207       348160        21760
       87040            4           8.675       696320        43520
       87040            8           9.767      1392640        87040
       87040           16           9.441      2785280       174080
       87040           32          13.275      5570560       348160
       87040           64          12.379     11141120       696320
       87040          128          18.740     22282240      1392640
       87040          256          30.119     44564480      2785280
       87040          512          48.211     89128960      5570560
       87040         1024          88.926    178257920     11141120
       87040         2048         176.020    356515840     22282240
       87040         4096         340.775    713031680     44564480
       87040         8192         638.664   1426063360     89128960
       95360            1           9.332       190720        11920
       95360            2           8.847       381440        23840
       95360            4          10.980       762880        47680
       95360            8           9.910      1525760        95360
       95360           16          10.130      3051520       190720
       95360           32          11.780      6103040       381440
       95360           64          13.960     12206080       762880
       95360          128          18.515     24412160      1525760
       95360          256          50.561     48824320      3051520
       95360          512          52.999     97648640      6103040
       95360         1024         100.036    195297280     12206080
       95360         2048         194.473    390594560     24412160
       95360         4096         384.976    781189120     48824320
       95360         8192         758.208   1562378240     97648640
      104320            1           7.871       208640        13040
      104320            2          16.885       417280        26080
      104320            4           9.846       834560        52160
      104320            8          12.169      1669120       104320
      104320           16          10.469      3338240       208640
      104320           32          11.792      6676480       417280
      104320           64          21.500     13352960       834560
      104320          128          20.576     26705920      1669120
      104320          256          34.910     53411840      3338240
      104320          512          63.924    106823680      6676480
      104320         1024         113.167    213647360     13352960
      104320         2048         225.547    427294720     26705920
      104320         4096         440.485    854589440     53411840
      104320         8192         887.526   1709178880    106823680
      114560            1           8.678       229120        14320
      114560            2           9.107       458240        28640
      114560            4           7.785       916480        57280
      114560            8          10.052      1832960       114560
      114560           16          10.000      3665920       229120
      114560           32          10.713      7331840       458240
      114560           64          15.440     14663680       916480
      114560          128          23.657     29327360      1832960
      114560          256          35.826     58654720      3665920
      114560          512          68.194    117309440      7331840
      114560         1024         124.993    234618880     14663680
      114560         2048         237.696    469237760     29327360
      114560         4096         463.139    938475520     58654720
      114560         8192         922.827   1876951040    117309440
      125440            1           8.700       250880        15680
      125440            2           5.319       501760        31360
      125440            4          12.199      1003520        62720
      125440            8           9.517      2007040       125440
      125440           16          10.519      4014080       250880
      125440           32          15.323      8028160       501760
      125440           64          14.968     16056320      1003520
      125440          128          24.451     32112640      2007040
      125440          256          43.343     64225280      4014080
      125440          512          69.377    128450560      8028160
      125440         1024         133.814    256901120     16056320
      125440         2048         253.575    513802240     32112640
      125440         4096         477.304   1027604480     64225280
      125440         8192         984.460   2055208960    128450560
      137600            1          10.151       275200        17200
      137600            2          10.250       550400        34400
      137600            4           9.642      1100800        68800
      137600            8          10.192      2201600       137600
      137600           16          11.135      4403200       275200
      137600           32          12.685      8806400       550400
      137600           64          19.960     17612800      1100800
      137600          128          25.404     35225600      2201600
      137600          256          40.241     70451200      4403200
      137600          512          75.763    140902400      8806400
      137600         1024         142.524    281804800     17612800
      137600         2048         280.329    563609600     35225600
      137600         4096         555.295   1127219200     70451200
      151040            1           9.273       302080        18880
      151040            2          12.570       604160        37760
      151040            4           8.246      1208320        75520
      151040            8           8.748      2416640       151040
      151040           16          14.870      4833280       302080
      151040           32          14.114      9666560       604160
      151040           64          17.249     19333120      1208320
      151040          128          27.692     38666240      2416640
      151040          256          46.868     77332480      4833280
      151040          512          80.705    154664960      9666560
      151040         1024         157.594    309329920     19333120
      151040         2048         310.365    618659840     38666240
      151040         4096         610.970   1237319680     77332480
      165760            1          11.485       331520        20720
      165760            2          21.953       663040        41440
      165760            4           8.388      1326080        82880
      165760            8           9.728      2652160       165760
      165760           16          11.860      5304320       331520
      165760           32          12.155     10608640       663040
      165760           64          18.724     21217280      1326080
      165760          128          27.392     42434560      2652160
      165760          256          58.276     84869120      5304320
      165760          512          87.431    169738240     10608640
      165760         1024         165.909    339476480     21217280
      165760         2048         322.572    678952960     42434560
      165760         4096         640.541   1357905920     84869120
      181760            1           7.936       363520        22720
      181760            2           8.328       727040        45440
      181760            4           9.125      1454080        90880
      181760            8          13.862      2908160       181760
      181760           16          11.032      5816320       363520
      181760           32          12.341     11632640       727040
      181760           64          20.108     23265280      1454080
      181760          128          35.679     46530560      2908160
      181760          256          53.638     93061120      5816320
      181760          512          94.556    186122240     11632640
      181760         1024         182.391    372244480     23265280
      181760         2048         358.867    744488960     46530560
      181760         4096         691.220   1488977920     93061120
      199680            1           8.278       399360        24960
      199680            2           8.886       798720        49920
      199680            4          10.131      1597440        99840
      199680            8           9.649      3194880       199680
      199680           16          10.832      6389760       399360
      199680           32          13.591     12779520       798720
      199680           64          19.522     25559040      1597440
      199680          128          32.622     51118080      3194880
      199680          256          53.585    102236160      6389760
      199680          512          99.852    204472320     12779520
      199680         1024         189.746    408944640     25559040
      199680         2048         371.702    817889280     51118080
      199680         4096         768.948   1635778560    102236160
      219520            1           9.721       439040        27440
      219520            2           8.632       878080        54880
      219520            4           9.969      1756160       109760
      219520            8          10.393      3512320       219520
      219520           16          12.942      7024640       439040
      219520           32          20.166     14049280       878080
      219520           64          21.124     28098560      1756160
      219520          128          33.895     56197120      3512320
      219520          256          59.293    112394240      7024640
      219520          512         115.208    224788480     14049280
      219520         1024         218.238    449576960     28098560
      219520         2048         425.888    899153920     56197120
      219520         4096         838.696   1798307840    112394240
      241280            1          10.220       482560        30160
      241280            2           9.216       965120        60320
      241280            4          12.596      1930240       120640
      241280            8           9.361      3860480       241280
      241280           16          16.038      7720960       482560
      241280           32          17.148     15441920       965120
      241280           64          22.860     30883840      1930240
      241280          128          35.710     61767680      3860480
      241280          256          65.599    123535360      7720960
      241280          512         122.502    247070720     15441920
      241280         1024         240.639    494141440     30883840
      241280         2048         464.802    988282880     61767680
      241280         4096         919.666   1976565760    123535360
      264960            1           9.164       529920        33120
      264960            2          10.890      1059840        66240
      264960            4           8.759      2119680       132480
      264960            8          11.720      4239360       264960
      264960           16          10.538      8478720       529920
      264960           32          16.456     16957440      1059840
      264960           64          24.536     33914880      2119680
      264960          128          39.628     67829760      4239360
      264960          256          70.533    135659520      8478720
      264960          512         133.938    271319040     16957440
      264960         1024         263.616    542638080     33914880
      264960         2048         507.110   1085276160     67829760
      291200            1          10.276       582400        36400
      291200            2           8.945      1164800        72800
      291200            4          14.731      2329600       145600
      291200            8          12.381      4659200       291200
      291200           16          11.861      9318400       582400
      291200           32          16.419     18636800      1164800
      291200           64          24.568     37273600      2329600
      291200          128          41.564     74547200      4659200
      291200          256          73.605    149094400      9318400
      291200          512         139.971    298188800     18636800
      291200         1024         270.827    596377600     37273600
      291200         2048         534.556   1192755200     74547200
      320000            1          10.185       640000        40000
      320000            2          12.147      1280000        80000
      320000            4           8.471      2560000       160000
      320000            8           9.980      5120000       320000
      320000           16          11.545     10240000       640000
      320000           32          19.942     20480000      1280000
      320000           64          27.063     40960000      2560000
      320000          128          47.763     81920000      5120000
      320000          256          80.786    163840000     10240000
      320000          512         153.141    327680000     20480000
      320000         1024         297.012    655360000     40960000
      320000         2048         586.042   1310720000     81920000
      352000            1           9.528       704000        44000
      352000            2          21.088      1408000        88000
      352000            4          10.644      2816000       176000
      352000            8          10.117      5632000       352000
      352000           16          15.636     11264000       704000
      352000           32          23.443     22528000      1408000
      352000           64          31.882     45056000      2816000
      352000          128          51.474     90112000      5632000
      352000          256          90.620    180224000     11264000
      352000          512         173.459    360448000     22528000
      352000         1024         345.650    720896000     45056000
      352000         2048         667.578   1441792000     90112000
      387200            1           9.955       774400        48400
      387200            2           9.350      1548800        96800
      387200            4          11.301      3097600       193600
      387200            8          13.641      6195200       387200
      387200           16          14.901     12390400       774400
      387200           32          20.686     24780800      1548800
      387200           64          33.006     49561600      3097600
      387200          128          53.348     99123200      6195200
      387200          256          99.457    198246400     12390400
      387200          512         189.449    396492800     24780800
      387200         1024         369.841    792985600     49561600
      387200         2048         740.028   1585971200     99123200
      425600            1           8.627       851200        53200
      425600            2          13.193      1702400       106400
      425600            4          10.851      3404800       212800
      425600            8          15.515      6809600       425600
      425600           16          17.323     13619200       851200
      425600           32          23.245     27238400      1702400
      425600           64          33.684     54476800      3404800
      425600          128          57.175    108953600      6809600
      425600          256         110.578    217907200     13619200
      425600          512         210.545    435814400     27238400
      425600         1024         416.102    871628800     54476800
      425600         2048         782.734   1743257600    108953600
      467840            1          14.085       935680        58480
      467840            2          16.230      1871360       116960
      467840            4          13.020      3742720       233920
      467840            8          20.607      7485440       467840
      467840           16          20.689     14970880       935680
      467840           32          21.794     29941760      1871360
      467840           64          36.809     59883520      3742720
      467840          128          64.513    119767040      7485440
      467840          256         118.863    239534080     14970880
      467840          512         235.079    479068160     29941760
      467840         1024         465.600    958136320     59883520
      467840         2048         916.017   1916272640    119767040
      514560            1          11.864      1029120        64320
      514560            2          11.260      2058240       128640
      514560            4          11.056      4116480       257280
      514560            8          14.640      8232960       514560
      514560           16          15.500     16465920      1029120
      514560           32          22.576     32931840      2058240
      514560           64          43.807     65863680      4116480
      514560          128          68.499    131727360      8232960
      514560          256         130.749    263454720     16465920
      514560          512         255.183    526909440     32931840
      514560         1024         509.578   1053818880     65863680
      514560         2048         999.963   2107637760    131727360
      565760            1           7.589      1131520        70720
      565760            2           8.486      2263040       141440
      565760            4          10.841      4526080       282880
      565760            8          14.658      9052160       565760
      565760           16          19.328     18104320      1131520
      565760           32          25.300     36208640      2263040
      565760           64          42.502     72417280      4526080
      565760          128          75.889    144834560      9052160
      565760          256         139.624    289669120     18104320
      565760          512         277.725    579338240     36208640
      565760         1024         540.026   1158676480     72417280
      622080            1           9.463      1244160        77760
      622080            2          10.097      2488320       155520
      622080            4          11.988      4976640       311040
      622080            8          13.453      9953280       622080
      622080           16          17.043     19906560      1244160
      622080           32          26.160     39813120      2488320
      622080           64          45.131     79626240      4976640
      622080          128          83.757    159252480      9953280
      622080          256         157.075    318504960     19906560
      622080          512         308.114    637009920     39813120
      622080         1024         569.310   1274019840     79626240
      684160            1           9.258      1368320        85520
      684160            2           8.928      2736640       171040
      684160            4          12.354      5473280       342080
      684160            8          14.180     10946560       684160
      684160           16          18.338     21893120      1368320
      684160           32          27.757     43786240      2736640
      684160           64          47.338     87572480      5473280
      684160          128          89.717    175144960     10946560
      684160          256         161.854    350289920     21893120
      684160          512         312.691    700579840     43786240
      684160         1024         649.660   1401159680     87572480
      752000            1           8.620      1504000        94000
      752000            2           9.399      3008000       188000
      752000            4          15.054      6016000       376000
      752000            8          14.189     12032000       752000
      752000           16          18.587     24064000      1504000
      752000           32          29.110     48128000      3008000
      752000           64          49.401     96256000      6016000
      752000          128          93.617    192512000     12032000
      752000          256         184.716    385024000     24064000
      752000          512         358.639    770048000     48128000
      752000         1024         709.151   1540096000     96256000
      826880            1           9.339      1653760       103360
      826880            2          11.008      3307520       206720
      826880            4          12.906      6615040       413440
      826880            8          16.813     13230080       826880
      826880           16          22.432     26460160      1653760
      826880           32          30.959     52920320      3307520
      826880           64          58.064    105840640      6615040
      826880          128         104.173    211681280     13230080
      826880          256         203.925    423362560     26460160
      826880          512         395.160    846725120     52920320
      826880         1024         777.625   1693450240    105840640
      909440            1           9.891      1818880       113680
      909440            2          11.790      3637760       227360
      909440            4          12.022      7275520       454720
      909440            8          13.980     14551040       909440
      909440           16          22.399     29102080      1818880
      909440           32          33.522     58204160      3637760
      909440           64          67.101    116408320      7275520
      909440          128         113.775    232816640     14551040
      909440          256         222.021    465633280     29102080
      909440          512         430.042    931266560     58204160
      909440         1024         858.100   1862533120    116408320
     1000320            1           8.864      2000640       125040
     1000320            2           9.901      4001280       250080
     1000320            4          11.107      8002560       500160
     1000320            8          14.859     16005120      1000320
     1000320           16          23.060     32010240      2000640
     1000320           32          35.944     64020480      4001280
     1000320           64          65.961    128040960      8002560
     1000320          128         124.445    256081920     16005120
     1000320          256         236.100    512163840     32010240
     1000320          512         456.503   1024327680     64020480
     1000320         1024         940.126   2048655360    128040960
     1100160            1           9.261      2200320       137520
     1100160            2          11.889      4400640       275040
     1100160            4          12.637      8801280       550080
     1100160            8          16.314     17602560      1100160
     1100160           16          25.803     35205120      2200320
     1100160           32          41.051     70410240      4400640
     1100160           64          71.808    140820480      8801280
     1100160          128         146.740    281640960     17602560
     1100160          256         263.980    563281920     35205120
     1100160          512         516.725   1126563840     70410240
     1209600            1           9.466      2419200       151200
     1209600            2          13.379      4838400       302400
     1209600            4          11.838      9676800       604800
     1209600            8          17.217     19353600      1209600
     1209600           16          44.384     38707200      2419200
     1209600           32          43.603     77414400      4838400
     1209600           64          77.556    154828800      9676800
     1209600          128         151.042    309657600     19353600
     1209600          256         288.515    619315200     38707200
     1209600          512         576.749   1238630400     77414400
     1330560            1          10.598      2661120       166320
     1330560            2          14.098      5322240       332640
     1330560            4          13.293     10644480       665280
     1330560            8          17.822     21288960      1330560
     1330560           16          26.300     42577920      2661120
     1330560           32          45.952     85155840      5322240
     1330560           64          85.139    170311680     10644480
     1330560          128         161.491    340623360     21288960
     1330560          256         316.884    681246720     42577920
     1330560          512         628.972   1362493440     85155840
     1463040            1          13.751      2926080       182880
     1463040            2          11.082      5852160       365760
     1463040            4          14.841     11704320       731520
     1463040            8          20.394     23408640      1463040
     1463040           16          30.533     46817280      2926080
     1463040           32          50.507     93634560      5852160
     1463040           64          94.142    187269120     11704320
     1463040          128         182.341    374538240     23408640
     1463040          256         347.222    749076480     46817280
     1463040          512         712.507   1498152960     93634560
     1608960            1          11.591      3217920       201120
     1608960            2          14.046      6435840       402240
     1608960            4          14.376     12871680       804480
     1608960            8          23.956     25743360      1608960
     1608960           16          34.804     51486720      3217920
     1608960           32          56.713    102973440      6435840
     1608960           64         105.223    205946880     12871680
     1608960          128         204.098    411893760     25743360
     1608960          256         401.074    823787520     51486720
     1608960          512         785.335   1647575040    102973440
     1769600            1          12.015      3539200       221200
     1769600            2          16.038      7078400       442400
     1769600            4          15.541     14156800       884800
     1769600            8          22.739     28313600      1769600
     1769600           16          38.502     56627200      3539200
     1769600           32          66.584    113254400      7078400
     1769600           64         116.849    226508800     14156800
     1769600          128         220.779    453017600     28313600
     1769600          256         434.048    906035200     56627200
     1769600          512         866.688   1812070400    113254400
     1946240            1          11.584      3892480       243280
     1946240            2          11.044      7784960       486560
     1946240            4          19.208     15569920       973120
     1946240            8          25.979     31139840      1946240
     1946240           16          37.715     62279680      3892480
     1946240           32          74.866    124559360      7784960
     1946240           64         132.471    249118720     15569920
     1946240          128         232.696    498237440     31139840
     1946240          256         460.971    996474880     62279680
     1946240          512         964.234   1992949760    124559360
     2140800            1          13.883      4281600       267600
     2140800            2          13.632      8563200       535200
     2140800            4          16.397     17126400      1070400
     2140800            8          25.051     34252800      2140800
     2140800           16          39.337     68505600      4281600
     2140800           32          80.206    137011200      8563200
     2140800           64         141.724    274022400     17126400
     2140800          128         276.062    548044800     34252800
     2140800          256         541.485   1096089600     68505600
     2354560            1          14.643      4709120       294320
     2354560            2          12.623      9418240       588640
     2354560            4          19.642     18836480      1177280
     2354560            8          25.592     37672960      2354560
     2354560           16          43.691     75345920      4709120
     2354560           32          82.806    150691840      9418240
     2354560           64         153.447    301383680     18836480
     2354560          128         304.623    602767360     37672960
     2354560          256         601.239   1205534720     75345920
     2589440            1          12.025      5178880       323680
     2589440            2          15.999     10357760       647360
     2589440            4          17.719     20715520      1294720
     2589440            8          38.460     41431040      2589440
     2589440           16          52.006     82862080      5178880
     2589440           32          89.148    165724160     10357760
     2589440           64         164.485    331448320     20715520
     2589440          128         325.187    662896640     41431040
     2589440          256         630.215   1325793280     82862080
     2848000            1          16.558      5696000       356000
     2848000            2          17.800     11392000       712000
     2848000            4          20.150     22784000      1424000
     2848000            8          32.522     45568000      2848000
     2848000           16          53.812     91136000      5696000
     2848000           32          99.136    182272000     11392000
     2848000           64         180.303    364544000     22784000
     2848000          128         350.089    729088000     45568000
     2848000          256         699.340   1458176000     91136000
     3132800            1          15.021      6265600       391600
     3132800            2          13.919     12531200       783200
     3132800            4          20.773     25062400      1566400
     3132800            8          31.991     50124800      3132800
     3132800           16          78.194    100249600      6265600
     3132800           32         104.472    200499200     12531200
     3132800           64         201.902    400998400     25062400
     3132800          128         407.426    801996800     50124800
     3132800          256         799.956   1603993600    100249600
     3445760            1          16.182      6891520       430720
     3445760            2          13.572     13783040       861440
     3445760            4          20.949     27566080      1722880
     3445760            8          32.793     55132160      3445760
     3445760           16          59.528    110264320      6891520
     3445760           32         114.796    220528640     13783040
     3445760           64         222.156    441057280     27566080
     3445760          128         438.785    882114560     55132160
     3445760          256         869.949   1764229120    110264320
     3790080            1          18.133      7580160       473760
     3790080            2          16.135     15160320       947520
     3790080            4          24.639     30320640      1895040
     3790080            8          41.124     60641280      3790080
     3790080           16          66.745    121282560      7580160
     3790080           32         125.483    242565120     15160320
     3790080           64         256.597    485130240     30320640
     3790080          128         464.617    970260480     60641280
     3790080          256         923.913   1940520960    121282560
     4168960            1          17.887      8337920       521120
     4168960            2          16.775     16675840      1042240
     4168960            4          22.390     33351680      2084480
     4168960            8          48.256     66703360      4168960
     4168960           16          70.656    133406720      8337920
     4168960           32         135.871    266813440     16675840
     4168960           64         258.430    533626880     33351680
     4168960          128         523.567   1067253760     66703360
     4168960          256        1006.423   2134507520    133406720
     4585600            1          19.771      9171200       573200
     4585600            2          16.893     18342400      1146400
     4585600            4          24.796     36684800      2292800
     4585600            8          44.700     73369600      4585600
     4585600           16          83.481    146739200      9171200
     4585600           32         152.124    293478400     18342400
     4585600           64         297.965    586956800     36684800
     4585600          128         593.682   1173913600     73369600
     5043840            1          23.752     10087680       630480
     5043840            2          18.400     20175360      1260960
     5043840            4          28.764     40350720      2521920
     5043840            8          48.607     80701440      5043840
     5043840           16          87.711    161402880     10087680
     5043840           32         165.821    322805760     20175360
     5043840           64         329.772    645611520     40350720
     5043840          128         639.325   1291223040     80701440
     5548160            1          23.192     11096320       693520
     5548160            2          19.661     22192640      1387040
     5548160            4          29.758     44385280      2774080
     5548160            8          51.351     88770560      5548160
     5548160           16         100.948    177541120     11096320
     5548160           32         180.275    355082240     22192640
     5548160           64         364.089    710164480     44385280
     5548160          128         680.638   1420328960     88770560
     6102400            1          23.264     12204800       762800
     6102400            2          20.424     24409600      1525600
     6102400            4          29.684     48819200      3051200
     6102400            8          56.722     97638400      6102400
     6102400           16          98.937    195276800     12204800
     6102400           32         189.824    390553600     24409600
     6102400           64         382.187    781107200     48819200
     6102400          128         742.282   1562214400     97638400
     6712320            1          25.604     13424640       839040
     6712320            2          24.164     26849280      1678080
     6712320            4          46.674     53698560      3356160
     6712320            8          61.000    107397120      6712320
     6712320           16         105.909    214794240     13424640
     6712320           32         201.741    429588480     26849280
     6712320           64         395.716    859176960     53698560
     6712320          128         865.206   1718353920    107397120
     7383040            1          26.850     14766080       922880
     7383040            2          21.647     29532160      1845760
     7383040            4          36.704     59064320      3691520
     7383040            8          64.680    118128640      7383040
     7383040           16         124.126    236257280     14766080
     7383040           32         236.650    472514560     29532160
     7383040           64         469.622    945029120     59064320
     7383040          128         936.036   1890058240    118128640
     8120960            1          29.207     16241920      1015120
     8120960            2          28.344     32483840      2030240
     8120960            4          42.254     64967680      4060480
     8120960            8          71.423    129935360      8120960
     8120960           16         138.821    259870720     16241920
     8120960           32         263.254    519741440     32483840
     8120960           64         516.402   1039482880     64967680
     8120960          128         991.044   2078965760    129935360
     8932480            1          33.519     17864960      1116560
     8932480            2          27.894     35729920      2233120
     8932480            4          42.812     71459840      4466240
     8932480            8          81.261    142919680      8932480
     8932480           16         141.703    285839360     17864960
     8932480           32         276.992    571678720     35729920
     8932480           64         556.732   1143357440     71459840
     9825280            1          41.539     19650560      1228160
     9825280            2          24.865     39301120      2456320
     9825280            4          43.830     78602240      4912640
     9825280            8          80.950    157204480      9825280
     9825280           16         149.399    314408960     19650560
     9825280           32         292.454    628817920     39301120
     9825280           64         628.649   1257635840     78602240
    10807680            1          39.699     21615360      1350960
    10807680            2          29.840     43230720      2701920
    10807680            4          52.281     86461440      5403840
    10807680            8          92.053    172922880     10807680
    10807680           16         175.508    345845760     21615360
    10807680           32         346.401    691691520     43230720
    10807680           64         681.536   1383383040     86461440
    11888000            1          44.532     23776000      1486000
    11888000            2          35.248     47552000      2972000
    11888000            4          52.737     95104000      5944000
    11888000            8         105.829    190208000     11888000
    11888000           16         192.537    380416000     23776000
    11888000           32         380.301    760832000     47552000
    11888000           64         754.194   1521664000     95104000
    13076480            1          46.508     26152960      1634560
    13076480            2          32.739     52305920      3269120
    13076480            4          58.447    104611840      6538240
    13076480            8         105.875    209223680     13076480
    13076480           16         204.117    418447360     26152960
    13076480           32         403.349    836894720     52305920
    13076480           64         797.221   1673789440    104611840
    14384000            1          50.593     28768000      1798000
    14384000            2          36.330     57536000      3596000
    14384000            4          64.125    115072000      7192000
    14384000            8         115.252    230144000     14384000
    14384000           16         223.626    460288000     28768000
    14384000           32         449.206    920576000     57536000
    14384000           64         876.069   1841152000    115072000
    15822080            1          54.351     31644160      1977760
    15822080            2          39.473     63288320      3955520
    15822080            4          67.559    126576640      7911040
    15822080            8         130.687    253153280     15822080
    15822080           16         252.664    506306560     31644160
    15822080           32         503.210   1012613120     63288320
    15822080           64         996.363   2025226240    126576640
    17404160            1          58.027     34808320      2175520
    17404160            2          41.126     69616640      4351040
    17404160            4          74.537    139233280      8702080
    17404160            8         141.945    278466560     17404160
    17404160           16         278.004    556933120     34808320
    17404160           32         553.594   1113866240     69616640
    19144320            1          62.912     38288640      2393040
    19144320            2          45.031     76577280      4786080
    19144320            4          91.017    153154560      9572160
    19144320            8         152.397    306309120     19144320
    19144320           16         299.866    612618240     38288640
    19144320           32         581.238   1225236480     76577280
    21058560            1          68.339     42117120      2632320
    21058560            2          48.872     84234240      5264640
    21058560            4          87.481    168468480     10529280
    21058560            8         169.944    336936960     21058560
    21058560           16         323.641    673873920     42117120
    21058560           32         642.929   1347747840     84234240
    23164160            1          80.229     46328320      2895520
    23164160            2          49.155     92656640      5791040
    23164160            4          91.723    185313280     11582080
    23164160            8         175.524    370626560     23164160
    23164160           16         339.472    741253120     46328320
    23164160           32         740.600   1482506240     92656640
    25480320            1          81.733     50960640      3185040
    25480320            2          56.588    101921280      6370080
    25480320            4         107.608    203842560     12740160
    25480320            8         210.617    407685120     25480320
    25480320           16         405.517    815370240     50960640
    25480320           32         807.120   1630740480    101921280
    28028160            1          87.194     56056320      3503520
    28028160            2          63.107    112112640      7007040
    28028160            4         115.989    224225280     14014080
    28028160            8         224.906    448450560     28028160
    28028160           16         448.113    896901120     56056320
    28028160           32         878.325   1793802240    112112640
    30830720            1          95.767     61661440      3853840
    30830720            2          69.554    123322880      7707680
    30830720            4         127.767    246645760     15415360
    30830720            8         237.897    493291520     30830720
    30830720           16         480.386    986583040     61661440
    30830720           32         950.839   1973166080    123322880
    33913600            1          96.894     67827200      4239200
    33913600            2          72.970    135654400      8478400
    33913600            4         131.148    271308800     16956800
    33913600            8         285.215    542617600     33913600
    33913600           16         543.171   1085235200     67827200
    37304960            1         103.184     74609920      4663120
    37304960            2          84.946    149219840      9326240
    37304960            4         152.852    298439680     18652480
    37304960            8         301.541    596879360     37304960
    37304960           16         596.769   1193758720     74609920
    41034880            1         102.720     82069760      5129360
    41034880            2          93.460    164139520     10258720
    41034880            4         169.104    328279040     20517440
    41034880            8         332.181    656558080     41034880
    41034880           16         736.843   1313116160     82069760
    45137920            1         113.764     90275840      5642240
    45137920            2         114.157    180551680     11284480
    45137920            4         212.830    361103360     22568960
    45137920            8         411.591    722206720     45137920
    45137920           16         820.857   1444413440     90275840
    49651200            1         119.568     99302400      6206400
    49651200            2         145.685    198604800     12412800
    49651200            4         251.221    397209600     24825600
    49651200            8         471.639    794419200     49651200
    49651200           16         991.812   1588838400     99302400
    54616320            1         136.931    109232640      6827040
    54616320            2         181.959    218465280     13654080
    54616320            4         317.343    436930560     27308160
    54616320            8         587.057    873861120     54616320
    54616320           16        1127.647   1747722240    109232640
    60077440            1         163.031    120154880      7509680
    60077440            2         221.785    240309760     15019360
    60077440            4         352.522    480619520     30038720
    60077440            8         641.196    961239040     60077440
    60077440           16        1187.709   1922478080    120154880
    66085120            1         191.982    132170240      8260640
    66085120            2         246.792    264340480     16521280
    66085120            4         405.626    528680960     33042560
    66085120            8         717.402   1057361920     66085120
    66085120           16        1404.063   2114723840    132170240
    72693120            1         223.032    145386240      9086640
    72693120            2         304.110    290772480     18173280
    72693120            4         472.569    581544960     36346560
    72693120            8         858.586   1163089920     72693120
    79962240            1         249.924    159924480      9995280
    79962240            2         477.452    319848960     19990560
    79962240            4         652.063    639697920     39981120
    79962240            8        1061.230   1279395840     79962240
    87958400            1         332.335    175916800     10994800
    87958400            2         895.295    351833600     21989600
    87958400            4        1249.040    703667200     43979200
    87958400            8        2080.496   1407334400     87958400
    96753920            1         606.038    193507840     12094240
    96753920            2        1545.468    387015680     24188480
    96753920            4        2292.472    774031360     48376960
    96753920            8        3709.943   1548062720     96753920
   106428800            1         973.386    212857600     13303600
   106428800            2        2399.693    425715200     26607200
   106428800            4        3483.733    851430400     53214400
   106428800            8        5751.413   1702860800    106428800
   117071360            1        1436.210    234142720     14633920
   117071360            2        3261.861    468285440     29267840
   117071360            4        4861.428    936570880     58535680
   117071360            8        8068.815   1873141760    117071360
   128778240            1        1903.269    257556480     16097280
   128778240            2        4203.123    515112960     32194560
   128778240            4        6271.846   1030225920     64389120
   128778240            8       10460.145   2060451840    128778240
   141655680            1        2421.761    283311360     17706960
   141655680            2        5174.156    566622720     35413920
   141655680            4        7752.911   1133245440     70827840
   155820800            1        2973.998    311641600     19477600
   155820800            2        6207.893    623283200     38955200
   155820800            4        9332.740   1246566400     77910400
   171402880            1        3536.733    342805760     21425360
   171402880            2        7277.664    685611520     42850720
   171402880            4       10905.741   1371223040     85701440
   188542720            1        4144.715    377085440     23567840
   188542720            2        8389.574    754170880     47135680
   188542720            4       12583.000   1508341760     94271360
   207396480            1        4732.095    414792960     25924560
   207396480            2        9615.716    829585920     51849120
   207396480            4       14398.619   1659171840    103698240
   228135680            1        5421.757    456271360     28516960
   228135680            2       10978.848    912542720     57033920
   228135680            4       16418.757   1825085440    114067840
   250949120            1        6142.871    501898240     31368640
   250949120            2       12475.714   1003796480     62737280
   250949120            4       18651.804   2007592960    125474560
   276043520            1        6978.650    552087040     34505440
   276043520            2       14059.144   1104174080     69010880
   303647360            1        7833.425    607294720     37955920
   303647360            2       15798.307   1214589440     75911840
   334011520            1        8821.155    668023040     41751440
   334011520            2       17744.341   1336046080     83502880
   367412480            1        9879.365    734824960     45926560
   367412480            2       19865.983   1469649920     91853120
   404153600            1       11080.698    808307200     50519200
   404153600            2       22212.888   1616614400    101038400
   444568960            1       12337.356    889137920     55571120
   444568960            2       24814.624   1778275840    111142240
   489025280            1       13768.499    978050560     61128160
   489025280            2       27669.183   1956101120    122256320
   537927680            1       15321.999   1075855360     67240960
   591720320            1       20881.850   1183440640     73965040
   650892160            1       19590.275   1301784320     81361520
   715980800            1       22192.373   1431961600     89497600
   787578880            1       23716.229   1575157760     98447360
   866336640            1       26275.746   1732673280    108292080
   952970240            1       29059.860   1905940480    119121280
  1048266880            1       32259.867   2096533760    131033360

META_DATA
FLOPS          1
OPENMP_THREADS 80
ERT_VERSION  1.1.0
TIMESTAMP_DATA  1634099606.34
HOSTNAME  ('pmemMachine0', ['pmemMachine0.local'], ['fe80::f035:4ef3:770d:269e'])
UNAME  ('Linux', 'pmemMachine0', '5.9.13-derrick-pmo', '#120 SMP Tue Sep 28 02:02:07 EDT 2021', 'x86_64', 'x86_64')
CONFIG  {'ERT_WORKING_SET_MIN': ['1'], 'ERT_CFLAGS': ['-O3'], 'ERT_CC': ['gcc'], 'ERT_OPENMP_LDFLAGS': ['-fopenmp'], 'ERT_MEMORY_MAX': ['1073741824'], 'ERT_LDFLAGS': [], 'ERT_LDLIBS': [], 'ERT_SPEC_GBYTES_DRAM': ['300'], 'ERT_RUN': ['export', 'KMP_AFFINITY=scatter;', 'export', 'OMP_NUM_THREADS=ERT_OPENMP_THREADS;', 'ERT_CODE'], 'ERT_FLOPS': ['1,2,4,8,16'], 'ERT_OPENMP_CFLAGS': ['-fopenmp'], 'ERT_SPEC_GFLOPS': ['1000'], 'ERT_MPI': [False], 'ERT_TRIALS_MIN': ['1'], 'ERT_DRIVER': ['driver1'], 'ERT_RESULTS': ['Results.madonna.lbl.gov.02'], 'ERT_OPENMP': ['True'], 'ERT_OPENMP_THREADS': ['1,2,4,8,16,32,48,64,80,96,112,128,144,160'], 'ERT_KERNEL': ['kernel1'], 'ERT_GPU': [False], 'ERT_LD': ['gcc'], 'ERT_NUM_EXPERIMENTS': ['3'], 'ERT_ALIGN': ['32'], 'ERT_GNUPLOT': ['gnuplot']}
