         640            1          98.290         1280           80
         640            2           9.676         2560          160
         640            4          17.641         5120          320
         640            8          17.886        10240          640
         640           16          14.755        20480         1280
         640           32          16.851        40960         2560
         640           64          19.571        81920         5120
         640          128          16.293       163840        10240
         640          256          16.237       327680        20480
         640          512          21.137       655360        40960
         640         1024          26.714      1310720        81920
         640         2048          40.716      2621440       163840
         640         4096          15.644      5242880       327680
         640         8192          25.701     10485760       655360
         640        16384          46.343     20971520      1310720
         640        32768          82.761     41943040      2621440
         640        65536         161.402     83886080      5242880
         640       131072         336.089    167772160     10485760
         640       262144         620.452    335544320     20971520
         640       524288        1248.448    671088640     41943040
         640      1048576        2460.775   1342177280     83886080
        1280            1           8.852         2560          160
        1280            2           8.403         5120          320
        1280            4           7.318        10240          640
        1280            8           8.694        20480         1280
        1280           16           8.746        40960         2560
        1280           32           7.819        81920         5120
        1280           64           8.357       163840        10240
        1280          128           9.228       327680        20480
        1280          256           6.710       655360        40960
        1280          512           7.163      1310720        81920
        1280         1024           9.691      2621440       163840
        1280         2048          15.782      5242880       327680
        1280         4096          22.954     10485760       655360
        1280         8192          30.151     20971520      1310720
        1280        16384          52.700     41943040      2621440
        1280        32768         115.337     83886080      5242880
        1280        65536         216.712    167772160     10485760
        1280       131072         426.018    335544320     20971520
        1280       262144         851.595    671088640     41943040
        1280       524288        1686.847   1342177280     83886080
        1920            1          11.323         3840          240
        1920            2          11.451         7680          480
        1920            4          12.603        15360          960
        1920            8           7.993        30720         1920
        1920           16          10.609        61440         3840
        1920           32           8.808       122880         7680
        1920           64           8.036       245760        15360
        1920          128           9.179       491520        30720
        1920          256          10.073       983040        61440
        1920          512           9.735      1966080       122880
        1920         1024           9.693      3932160       245760
        1920         2048          15.766      7864320       491520
        1920         4096          22.072     15728640       983040
        1920         8192          40.093     31457280      1966080
        1920        16384          73.256     62914560      3932160
        1920        32768         136.682    125829120      7864320
        1920        65536         271.168    251658240     15728640
        1920       131072         533.047    503316480     31457280
        1920       262144        1069.902   1006632960     62914560
        1920       524288        2156.999   2013265920    125829120
        2560            1          11.863         5120          320
        2560            2          10.412        10240          640
        2560            4          13.605        20480         1280
        2560            8           8.356        40960         2560
        2560           16           9.552        81920         5120
        2560           32           8.569       163840        10240
        2560           64          11.130       327680        20480
        2560          128          11.844       655360        40960
        2560          256          16.066      1310720        81920
        2560          512          10.235      2621440       163840
        2560         1024          11.583      5242880       327680
        2560         2048          18.154     10485760       655360
        2560         4096          23.732     20971520      1310720
        2560         8192          40.493     41943040      2621440
        2560        16384          73.790     83886080      5242880
        2560        32768         146.642    167772160     10485760
        2560        65536         296.124    335544320     20971520
        2560       131072         571.128    671088640     41943040
        2560       262144        1164.815   1342177280     83886080
        3200            1          11.351         6400          400
        3200            2          10.565        12800          800
        3200            4           9.206        25600         1600
        3200            8           9.592        51200         3200
        3200           16           9.740       102400         6400
        3200           32          13.996       204800        12800
        3200           64           9.084       409600        25600
        3200          128          10.987       819200        51200
        3200          256          11.282      1638400       102400
        3200          512          10.893      3276800       204800
        3200         1024          15.062      6553600       409600
        3200         2048          18.773     13107200       819200
        3200         4096          29.005     26214400      1638400
        3200         8192          46.826     52428800      3276800
        3200        16384          87.879    104857600      6553600
        3200        32768         177.543    209715200     13107200
        3200        65536         336.184    419430400     26214400
        3200       131072         666.212    838860800     52428800
        3200       262144        1322.232   1677721600    104857600
        3840            1          11.120         7680          480
        3840            2          10.195        15360          960
        3840            4           8.964        30720         1920
        3840            8          10.863        61440         3840
        3840           16           8.258       122880         7680
        3840           32          10.603       245760        15360
        3840           64          10.411       491520        30720
        3840          128          10.096       983040        61440
        3840          256           9.607      1966080       122880
        3840          512          11.387      3932160       245760
        3840         1024          12.822      7864320       491520
        3840         2048          18.116     15728640       983040
        3840         4096          27.288     31457280      1966080
        3840         8192          46.732     62914560      3932160
        3840        16384          85.231    125829120      7864320
        3840        32768         174.073    251658240     15728640
        3840        65536         344.136    503316480     31457280
        3840       131072         691.706   1006632960     62914560
        3840       262144        1371.926   2013265920    125829120
        4480            1           8.956         8960          560
        4480            2          13.581        17920         1120
        4480            4          13.471        35840         2240
        4480            8          13.559        71680         4480
        4480           16           9.514       143360         8960
        4480           32          13.302       286720        17920
        4480           64          10.683       573440        35840
        4480          128           7.028      1146880        71680
        4480          256          11.326      2293760       143360
        4480          512          11.488      4587520       286720
        4480         1024          14.712      9175040       573440
        4480         2048          21.354     18350080      1146880
        4480         4096          34.931     36700160      2293760
        4480         8192          61.101     73400320      4587520
        4480        16384         116.538    146800640      9175040
        4480        32768         209.856    293601280     18350080
        4480        65536         410.484    587202560     36700160
        4480       131072         823.456   1174405120     73400320
        5120            1          11.775        10240          640
        5120            2           9.495        20480         1280
        5120            4          10.112        40960         2560
        5120            8          10.179        81920         5120
        5120           16          11.447       163840        10240
        5120           32          11.593       327680        20480
        5120           64           7.959       655360        40960
        5120          128           8.392      1310720        81920
        5120          256           9.393      2621440       163840
        5120          512          10.529      5242880       327680
        5120         1024          15.739     10485760       655360
        5120         2048          21.329     20971520      1310720
        5120         4096          33.085     41943040      2621440
        5120         8192          56.264     83886080      5242880
        5120        16384         104.091    167772160     10485760
        5120        32768         208.751    335544320     20971520
        5120        65536         401.795    671088640     41943040
        5120       131072         803.264   1342177280     83886080
        5760            1           9.807        11520          720
        5760            2           9.664        23040         1440
        5760            4           9.982        46080         2880
        5760            8           8.670        92160         5760
        5760           16           9.653       184320        11520
        5760           32           9.566       368640        23040
        5760           64           8.834       737280        46080
        5760          128          12.168      1474560        92160
        5760          256          10.543      2949120       184320
        5760          512          13.744      5898240       368640
        5760         1024          16.521     11796480       737280
        5760         2048          24.397     23592960      1474560
        5760         4096          52.117     47185920      2949120
        5760         8192          69.511     94371840      5898240
        5760        16384         128.162    188743680     11796480
        5760        32768         253.020    377487360     23592960
        5760        65536         485.408    754974720     47185920
        5760       131072        1009.299   1509949440     94371840
        6400            1          10.076        12800          800
        6400            2           9.392        25600         1600
        6400            4          11.995        51200         3200
        6400            8           9.256       102400         6400
        6400           16           9.898       204800        12800
        6400           32           7.839       409600        25600
        6400           64          11.042       819200        51200
        6400          128           9.289      1638400       102400
        6400          256          12.679      3276800       204800
        6400          512          13.733      6553600       409600
        6400         1024          19.636     13107200       819200
        6400         2048          24.273     26214400      1638400
        6400         4096          41.530     52428800      3276800
        6400         8192          68.822    104857600      6553600
        6400        16384         125.211    209715200     13107200
        6400        32768         243.201    419430400     26214400
        6400        65536         476.801    838860800     52428800
        6400       131072         957.469   1677721600    104857600
        7040            1          11.609        14080          880
        7040            2           9.154        28160         1760
        7040            4          14.051        56320         3520
        7040            8           9.542       112640         7040
        7040           16          10.017       225280        14080
        7040           32           9.563       450560        28160
        7040           64          11.478       901120        56320
        7040          128          10.614      1802240       112640
        7040          256          10.990      3604480       225280
        7040          512          11.826      7208960       450560
        7040         1024          17.887     14417920       901120
        7040         2048          26.642     28835840      1802240
        7040         4096          43.941     57671680      3604480
        7040         8192          77.685    115343360      7208960
        7040        16384         147.625    230686720     14417920
        7040        32768         289.787    461373440     28835840
        7040        65536         569.006    922746880     57671680
        7040       131072        1119.308   1845493760    115343360
        7680            1          10.868        15360          960
        7680            2          10.787        30720         1920
        7680            4           9.928        61440         3840
        7680            8           8.412       122880         7680
        7680           16           9.281       245760        15360
        7680           32          10.124       491520        30720
        7680           64          11.670       983040        61440
        7680          128          13.178      1966080       122880
        7680          256          11.236      3932160       245760
        7680          512          15.026      7864320       491520
        7680         1024          26.025     15728640       983040
        7680         2048          24.364     31457280      1966080
        7680         4096          44.095     62914560      3932160
        7680         8192          73.792    125829120      7864320
        7680        16384         139.953    251658240     15728640
        7680        32768         266.107    503316480     31457280
        7680        65536         560.889   1006632960     62914560
        7680       131072        1118.684   2013265920    125829120
        8320            1          10.894        16640         1040
        8320            2           7.966        33280         2080
        8320            4          10.420        66560         4160
        8320            8           8.899       133120         8320
        8320           16           8.830       266240        16640
        8320           32          10.371       532480        33280
        8320           64          13.732      1064960        66560
        8320          128          11.531      2129920       133120
        8320          256          13.867      4259840       266240
        8320          512          15.525      8519680       532480
        8320         1024          20.599     17039360      1064960
        8320         2048          30.544     34078720      2129920
        8320         4096          48.183     68157440      4259840
        8320         8192          87.187    136314880      8519680
        8320        16384         172.493    272629760     17039360
        8320        32768         335.675    545259520     34078720
        8320        65536         670.832   1090519040     68157440
        8960            1           8.017        17920         1120
        8960            2          12.207        35840         2240
        8960            4          10.008        71680         4480
        8960            8          11.542       143360         8960
        8960           16           7.980       286720        17920
        8960           32           8.532       573440        35840
        8960           64           6.640      1146880        71680
        8960          128          10.398      2293760       143360
        8960          256          12.608      4587520       286720
        8960          512          13.486      9175040       573440
        8960         1024          20.050     18350080      1146880
        8960         2048          28.097     36700160      2293760
        8960         4096          48.251     73400320      4587520
        8960         8192          91.640    146800640      9175040
        8960        16384         163.988    293601280     18350080
        8960        32768         308.920    587202560     36700160
        8960        65536         630.534   1174405120     73400320
        9600            1           9.411        19200         1200
        9600            2           7.654        38400         2400
        9600            4          11.078        76800         4800
        9600            8           9.389       153600         9600
        9600           16           9.075       307200        19200
        9600           32          10.717       614400        38400
        9600           64          10.981      1228800        76800
        9600          128          12.104      2457600       153600
        9600          256          14.244      4915200       307200
        9600          512          14.364      9830400       614400
        9600         1024          21.981     19660800      1228800
        9600         2048          30.490     39321600      2457600
        9600         4096          53.473     78643200      4915200
        9600         8192          93.668    157286400      9830400
        9600        16384         182.617    314572800     19660800
        9600        32768         362.609    629145600     39321600
        9600        65536         716.882   1258291200     78643200
       10240            1          10.856        20480         1280
       10240            2          10.862        40960         2560
       10240            4          11.193        81920         5120
       10240            8          10.229       163840        10240
       10240           16          10.022       327680        20480
       10240           32          16.129       655360        40960
       10240           64           9.397      1310720        81920
       10240          128          11.234      2621440       163840
       10240          256          13.196      5242880       327680
       10240          512          20.695     10485760       655360
       10240         1024          18.435     20971520      1310720
       10240         2048          31.417     41943040      2621440
       10240         4096          51.103     83886080      5242880
       10240         8192          92.126    167772160     10485760
       10240        16384         174.076    335544320     20971520
       10240        32768         342.233    671088640     41943040
       10240        65536         718.976   1342177280     83886080
       10880            1           8.186        21760         1360
       10880            2          18.329        43520         2720
       10880            4          11.636        87040         5440
       10880            8          11.650       174080        10880
       10880           16          13.199       348160        21760
       10880           32           9.256       696320        43520
       10880           64           8.990      1392640        87040
       10880          128          10.206      2785280       174080
       10880          256          13.385      5570560       348160
       10880          512          14.744     11141120       696320
       10880         1024          21.064     22282240      1392640
       10880         2048          32.340     44564480      2785280
       10880         4096          59.072     89128960      5570560
       10880         8192         114.775    178257920     11141120
       10880        16384         210.397    356515840     22282240
       10880        32768         413.569    713031680     44564480
       10880        65536         823.778   1426063360     89128960
       11520            1          11.292        23040         1440
       11520            2           9.020        46080         2880
       11520            4           9.104        92160         5760
       11520            8           4.695       184320        11520
       11520           16           7.966       368640        23040
       11520           32           9.168       737280        46080
       11520           64           9.693      1474560        92160
       11520          128           9.117      2949120       184320
       11520          256          13.075      5898240       368640
       11520          512          16.573     11796480       737280
       11520         1024          21.370     23592960      1474560
       11520         2048          34.867     47185920      2949120
       11520         4096          57.851     94371840      5898240
       11520         8192         106.323    188743680     11796480
       11520        16384         206.499    377487360     23592960
       11520        32768         397.403    754974720     47185920
       11520        65536         771.850   1509949440     94371840
       12160            1           8.633        24320         1520
       12160            2           6.069        48640         3040
       12160            4           9.614        97280         6080
       12160            8          11.189       194560        12160
       12160           16           9.491       389120        24320
       12160           32          12.248       778240        48640
       12160           64          10.159      1556480        97280
       12160          128          11.516      3112960       194560
       12160          256          14.303      6225920       389120
       12160          512          15.611     12451840       778240
       12160         1024          20.832     24903680      1556480
       12160         2048          35.519     49807360      3112960
       12160         4096          62.723     99614720      6225920
       12160         8192         113.091    199229440     12451840
       12160        16384         229.826    398458880     24903680
       12160        32768         434.789    796917760     49807360
       12160        65536         891.029   1593835520     99614720
       12800            1          10.861        25600         1600
       12800            2          10.853        51200         3200
       12800            4           6.486       102400         6400
       12800            8          12.035       204800        12800
       12800           16           9.330       409600        25600
       12800           32          11.405       819200        51200
       12800           64           9.195      1638400       102400
       12800          128          12.659      3276800       204800
       12800          256          12.719      6553600       409600
       12800          512          15.146     13107200       819200
       12800         1024          29.681     26214400      1638400
       12800         2048          33.746     52428800      3276800
       12800         4096          61.316    104857600      6553600
       12800         8192         117.071    209715200     13107200
       12800        16384         229.684    419430400     26214400
       12800        32768         439.773    838860800     52428800
       12800        65536         877.544   1677721600    104857600
       14080            1           8.577        28160         1760
       14080            2          10.759        56320         3520
       14080            4          11.200       112640         7040
       14080            8          10.734       225280        14080
       14080           16           6.347       450560        28160
       14080           32          10.715       901120        56320
       14080           64          10.455      1802240       112640
       14080          128           9.809      3604480       225280
       14080          256          17.695      7208960       450560
       14080          512          16.360     14417920       901120
       14080         1024          24.762     28835840      1802240
       14080         2048          39.620     57671680      3604480
       14080         4096          65.952    115343360      7208960
       14080         8192         125.767    230686720     14417920
       14080        16384         249.448    461373440     28835840
       14080        32768         477.463    922746880     57671680
       14080        65536         953.907   1845493760    115343360
       15360            1          12.947        30720         1920
       15360            2           8.860        61440         3840
       15360            4           9.134       122880         7680
       15360            8           8.863       245760        15360
       15360           16           9.176       491520        30720
       15360           32          10.235       983040        61440
       15360           64          12.229      1966080       122880
       15360          128          12.803      3932160       245760
       15360          256          13.445      7864320       491520
       15360          512          21.195     15728640       983040
       15360         1024          25.332     31457280      1966080
       15360         2048          43.509     62914560      3932160
       15360         4096          70.826    125829120      7864320
       15360         8192         145.830    251658240     15728640
       15360        16384         252.771    503316480     31457280
       15360        32768         498.783   1006632960     62914560
       15360        65536        1006.410   2013265920    125829120
       16640            1           5.569        33280         2080
       16640            2          16.026        66560         4160
       16640            4          11.067       133120         8320
       16640            8           9.527       266240        16640
       16640           16           4.183       532480        33280
       16640           32          12.370      1064960        66560
       16640           64          11.776      2129920       133120
       16640          128          10.575      4259840       266240
       16640          256          13.605      8519680       532480
       16640          512          19.088     17039360      1064960
       16640         1024          26.571     34078720      2129920
       16640         2048          43.628     68157440      4259840
       16640         4096          76.563    136314880      8519680
       16640         8192         145.759    272629760     17039360
       16640        16384         282.574    545259520     34078720
       16640        32768         572.692   1090519040     68157440
       17920            1           8.345        35840         2240
       17920            2           9.288        71680         4480
       17920            4           9.546       143360         8960
       17920            8          12.856       286720        17920
       17920           16          10.373       573440        35840
       17920           32          10.605      1146880        71680
       17920           64          10.212      2293760       143360
       17920          128          12.324      4587520       286720
       17920          256          16.964      9175040       573440
       17920          512          20.167     18350080      1146880
       17920         1024          28.696     36700160      2293760
       17920         2048          50.556     73400320      4587520
       17920         4096          84.421    146800640      9175040
       17920         8192         154.808    293601280     18350080
       17920        16384         310.414    587202560     36700160
       17920        32768         602.151   1174405120     73400320
       19200            1          11.430        38400         2400
       19200            2          11.041        76800         4800
       19200            4          10.272       153600         9600
       19200            8           9.481       307200        19200
       19200           16          10.224       614400        38400
       19200           32          10.533      1228800        76800
       19200           64          12.561      2457600       153600
       19200          128          10.749      4915200       307200
       19200          256          19.137      9830400       614400
       19200          512          21.914     19660800      1228800
       19200         1024          31.578     39321600      2457600
       19200         2048          48.119     78643200      4915200
       19200         4096          84.103    157286400      9830400
       19200         8192         164.423    314572800     19660800
       19200        16384         320.810    629145600     39321600
       19200        32768         652.495   1258291200     78643200
       21120            1          11.131        42240         2640
       21120            2          10.645        84480         5280
       21120            4          10.619       168960        10560
       21120            8          11.073       337920        21120
       21120           16          10.182       675840        42240
       21120           32           9.466      1351680        84480
       21120           64          10.449      2703360       168960
       21120          128          14.731      5406720       337920
       21120          256          14.199     10813440       675840
       21120          512          22.262     21626880      1351680
       21120         1024          31.635     43253760      2703360
       21120         2048          56.586     86507520      5406720
       21120         4096          94.749    173015040     10813440
       21120         8192         183.260    346030080     21626880
       21120        16384         363.434    692060160     43253760
       21120        32768         710.398   1384120320     86507520
       23040            1          10.347        46080         2880
       23040            2           8.165        92160         5760
       23040            4          10.333       184320        11520
       23040            8           9.135       368640        23040
       23040           16          10.475       737280        46080
       23040           32          12.429      1474560        92160
       23040           64          20.260      2949120       184320
       23040          128          11.323      5898240       368640
       23040          256          14.557     11796480       737280
       23040          512          19.819     23592960      1474560
       23040         1024          34.768     47185920      2949120
       23040         2048          55.540     94371840      5898240
       23040         4096         105.893    188743680     11796480
       23040         8192         198.368    377487360     23592960
       23040        16384         385.830    754974720     47185920
       23040        32768         758.370   1509949440     94371840
       24960            1          11.776        49920         3120
       24960            2          13.301        99840         6240
       24960            4           9.658       199680        12480
       24960            8           7.469       399360        24960
       24960           16           6.071       798720        49920
       24960           32           8.391      1597440        99840
       24960           64          10.792      3194880       199680
       24960          128          16.713      6389760       399360
       24960          256          16.060     12779520       798720
       24960          512          28.040     25559040      1597440
       24960         1024          33.963     51118080      3194880
       24960         2048          60.401    102236160      6389760
       24960         4096         113.692    204472320     12779520
       24960         8192         220.595    408944640     25559040
       24960        16384         427.833    817889280     51118080
       24960        32768         855.854   1635778560    102236160
       26880            1           7.177        53760         3360
       26880            2          12.901       107520         6720
       26880            4          12.241       215040        13440
       26880            8          10.742       430080        26880
       26880           16          10.101       860160        53760
       26880           32          12.042      1720320       107520
       26880           64          12.263      3440640       215040
       26880          128          14.776      6881280       430080
       26880          256          17.234     13762560       860160
       26880          512          23.188     27525120      1720320
       26880         1024          39.289     55050240      3440640
       26880         2048          61.291    110100480      6881280
       26880         4096         116.650    220200960     13762560
       26880         8192         222.243    440401920     27525120
       26880        16384         438.060    880803840     55050240
       26880        32768         869.347   1761607680    110100480
       29440            1          11.745        58880         3680
       29440            2          15.525       117760         7360
       29440            4           9.744       235520        14720
       29440            8          10.199       471040        29440
       29440           16           9.999       942080        58880
       29440           32          12.396      1884160       117760
       29440           64          10.789      3768320       235520
       29440          128          12.721      7536640       471040
       29440          256          15.263     15073280       942080
       29440          512          25.987     30146560      1884160
       29440         1024          35.850     60293120      3768320
       29440         2048          66.935    120586240      7536640
       29440         4096         127.121    241172480     15073280
       29440         8192         236.599    482344960     30146560
       29440        16384         461.740    964689920     60293120
       29440        32768         926.071   1929379840    120586240
       32000            1           3.556        64000         4000
       32000            2           9.814       128000         8000
       32000            4          10.719       256000        16000
       32000            8           9.928       512000        32000
       32000           16           9.985      1024000        64000
       32000           32          14.320      2048000       128000
       32000           64          12.148      4096000       256000
       32000          128          13.969      8192000       512000
       32000          256          15.307     16384000      1024000
       32000          512          25.088     32768000      2048000
       32000         1024          37.882     65536000      4096000
       32000         2048          67.918    131072000      8192000
       32000         4096         128.679    262144000     16384000
       32000         8192         245.464    524288000     32768000
       32000        16384         485.122   1048576000     65536000
       32000        32768        1046.612   2097152000    131072000
       35200            1           9.150        70400         4400
       35200            2           9.675       140800         8800
       35200            4           6.568       281600        17600
       35200            8          12.146       563200        35200
       35200           16          10.240      1126400        70400
       35200           32          10.846      2252800       140800
       35200           64          11.541      4505600       281600
       35200          128          16.306      9011200       563200
       35200          256          16.015     18022400      1126400
       35200          512          28.239     36044800      2252800
       35200         1024          43.259     72089600      4505600
       35200         2048          80.349    144179200      9011200
       35200         4096         150.825    288358400     18022400
       35200         8192         294.467    576716800     36044800
       35200        16384         588.383   1153433600     72089600
       38400            1           9.908        76800         4800
       38400            2           8.594       153600         9600
       38400            4          12.675       307200        19200
       38400            8           9.103       614400        38400
       38400           16          10.065      1228800        76800
       38400           32          11.159      2457600       153600
       38400           64          11.092      4915200       307200
       38400          128          17.284      9830400       614400
       38400          256          18.303     19660800      1228800
       38400          512          26.595     39321600      2457600
       38400         1024          45.876     78643200      4915200
       38400         2048          83.860    157286400      9830400
       38400         4096         164.545    314572800     19660800
       38400         8192         317.959    629145600     39321600
       38400        16384         598.375   1258291200     78643200
       42240            1           9.239        84480         5280
       42240            2          10.549       168960        10560
       42240            4           9.831       337920        21120
       42240            8          10.329       675840        42240
       42240           16          10.299      1351680        84480
       42240           32          13.203      2703360       168960
       42240           64          12.852      5406720       337920
       42240          128          19.464     10813440       675840
       42240          256          19.329     21626880      1351680
       42240          512          31.109     43253760      2703360
       42240         1024          48.055     86507520      5406720
       42240         2048          88.424    173015040     10813440
       42240         4096         166.640    346030080     21626880
       42240         8192         327.770    692060160     43253760
       42240        16384         654.724   1384120320     86507520
       46080            1           7.851        92160         5760
       46080            2          11.107       184320        11520
       46080            4           9.891       368640        23040
       46080            8           8.822       737280        46080
       46080           16           9.127      1474560        92160
       46080           32           9.000      2949120       184320
       46080           64          10.688      5898240       368640
       46080          128          16.141     11796480       737280
       46080          256          21.551     23592960      1474560
       46080          512          42.451     47185920      2949120
       46080         1024          53.868     94371840      5898240
       46080         2048         101.740    188743680     11796480
       46080         4096         191.103    377487360     23592960
       46080         8192         370.138    754974720     47185920
       46080        16384         740.012   1509949440     94371840
       50560            1          10.648       101120         6320
       50560            2           9.789       202240        12640
       50560            4           8.827       404480        25280
       50560            8           9.860       808960        50560
       50560           16          10.687      1617920       101120
       50560           32          11.968      3235840       202240
       50560           64          11.915      6471680       404480
       50560          128          14.898     12943360       808960
       50560          256          23.100     25886720      1617920
       50560          512          37.249     51773440      3235840
       50560         1024          60.762    103546880      6471680
       50560         2048         110.579    207093760     12943360
       50560         4096         218.313    414187520     25886720
       50560         8192         426.717    828375040     51773440
       50560        16384         824.521   1656750080    103546880
       55040            1           8.281       110080         6880
       55040            2          10.890       220160        13760
       55040            4           8.994       440320        27520
       55040            8          10.779       880640        55040
       55040           16          11.333      1761280       110080
       55040           32          10.950      3522560       220160
       55040           64          12.030      7045120       440320
       55040          128          15.300     14090240       880640
       55040          256          23.781     28180480      1761280
       55040          512          42.346     56360960      3522560
       55040         1024          67.109    112721920      7045120
       55040         2048         128.070    225443840     14090240
       55040         4096         249.576    450887680     28180480
       55040         8192         500.175    901775360     56360960
       55040        16384         944.438   1803550720    112721920
       60160            1          10.180       120320         7520
       60160            2           9.208       240640        15040
       60160            4          12.937       481280        30080
       60160            8          14.948       962560        60160
       60160           16          14.295      1925120       120320
       60160           32          13.594      3850240       240640
       60160           64          10.675      7700480       481280
       60160          128          17.315     15400960       962560
       60160          256          26.803     30801920      1925120
       60160          512          38.279     61603840      3850240
       60160         1024          63.540    123207680      7700480
       60160         2048         119.668    246415360     15400960
       60160         4096         240.449    492830720     30801920
       60160         8192         462.512    985661440     61603840
       60160        16384         906.167   1971322880    123207680
       65920            1          10.508       131840         8240
       65920            2           9.940       263680        16480
       65920            4           9.214       527360        32960
       65920            8          11.047      1054720        65920
       65920           16           9.321      2109440       131840
       65920           32           9.621      4218880       263680
       65920           64          13.645      8437760       527360
       65920          128          16.898     16875520      1054720
       65920          256          33.736     33751040      2109440
       65920          512          38.096     67502080      4218880
       65920         1024          67.265    135004160      8437760
       65920         2048         129.545    270008320     16875520
       65920         4096         251.651    540016640     33751040
       65920         8192         503.457   1080033280     67502080
       72320            1           9.108       144640         9040
       72320            2           9.463       289280        18080
       72320            4          15.606       578560        36160
       72320            8          10.260      1157120        72320
       72320           16          10.434      2314240       144640
       72320           32          22.682      4628480       289280
       72320           64          13.597      9256960       578560
       72320          128          22.607     18513920      1157120
       72320          256          27.984     37027840      2314240
       72320          512          45.989     74055680      4628480
       72320         1024          86.552    148111360      9256960
       72320         2048         145.687    296222720     18513920
       72320         4096         289.323    592445440     37027840
       72320         8192         563.220   1184890880     74055680
       79360            1          14.826       158720         9920
       79360            2          12.241       317440        19840
       79360            4          10.578       634880        39680
       79360            8          10.182      1269760        79360
       79360           16           9.855      2539520       158720
       79360           32          10.131      5079040       317440
       79360           64          12.581     10158080       634880
       79360          128          18.279     20316160      1269760
       79360          256          27.709     40632320      2539520
       79360          512          45.181     81264640      5079040
       79360         1024          83.258    162529280     10158080
       79360         2048         158.136    325058560     20316160
       79360         4096         306.704    650117120     40632320
       79360         8192         609.431   1300234240     81264640
       87040            1           9.113       174080        10880
       87040            2           9.951       348160        21760
       87040            4           8.275       696320        43520
       87040            8           8.996      1392640        87040
       87040           16          12.566      2785280       174080
       87040           32          12.711      5570560       348160
       87040           64          12.871     11141120       696320
       87040          128          20.407     22282240      1392640
       87040          256          29.865     44564480      2785280
       87040          512          48.529     89128960      5570560
       87040         1024          96.515    178257920     11141120
       87040         2048         178.521    356515840     22282240
       87040         4096         340.080    713031680     44564480
       87040         8192         662.114   1426063360     89128960
       95360            1          13.148       190720        11920
       95360            2          11.113       381440        23840
       95360            4          11.804       762880        47680
       95360            8          10.350      1525760        95360
       95360           16          12.044      3051520       190720
       95360           32          16.091      6103040       381440
       95360           64          16.860     12206080       762880
       95360          128          19.604     24412160      1525760
       95360          256          36.419     48824320      3051520
       95360          512          54.460     97648640      6103040
       95360         1024          95.213    195297280     12206080
       95360         2048         189.793    390594560     24412160
       95360         4096         376.404    781189120     48824320
       95360         8192         710.954   1562378240     97648640
      104320            1           9.490       208640        13040
      104320            2          14.838       417280        26080
      104320            4          11.719       834560        52160
      104320            8          11.228      1669120       104320
      104320           16          20.872      3338240       208640
      104320           32          11.918      6676480       417280
      104320           64          17.677     13352960       834560
      104320          128          21.647     26705920      1669120
      104320          256          35.891     53411840      3338240
      104320          512          64.501    106823680      6676480
      104320         1024         117.420    213647360     13352960
      104320         2048         224.137    427294720     26705920
      104320         4096         438.826    854589440     53411840
      104320         8192         878.099   1709178880    106823680
      114560            1          11.102       229120        14320
      114560            2          13.334       458240        28640
      114560            4          11.361       916480        57280
      114560            8           8.609      1832960       114560
      114560           16          10.752      3665920       229120
      114560           32          12.776      7331840       458240
      114560           64          22.815     14663680       916480
      114560          128          25.476     29327360      1832960
      114560          256          41.544     58654720      3665920
      114560          512          74.316    117309440      7331840
      114560         1024         128.869    234618880     14663680
      114560         2048         244.330    469237760     29327360
      114560         4096         480.745    938475520     58654720
      114560         8192         946.939   1876951040    117309440
      125440            1          10.145       250880        15680
      125440            2          11.101       501760        31360
      125440            4          12.983      1003520        62720
      125440            8          10.069      2007040       125440
      125440           16          10.711      4014080       250880
      125440           32          14.244      8028160       501760
      125440           64          20.955     16056320      1003520
      125440          128          24.438     32112640      2007040
      125440          256          40.255     64225280      4014080
      125440          512          69.565    128450560      8028160
      125440         1024         125.562    256901120     16056320
      125440         2048         248.409    513802240     32112640
      125440         4096         495.493   1027604480     64225280
      125440         8192         983.123   2055208960    128450560
      137600            1          10.593       275200        17200
      137600            2           9.632       550400        34400
      137600            4          10.721      1100800        68800
      137600            8           9.732      2201600       137600
      137600           16          11.240      4403200       275200
      137600           32          11.791      8806400       550400
      137600           64          15.575     17612800      1100800
      137600          128          23.381     35225600      2201600
      137600          256          40.248     70451200      4403200
      137600          512          71.146    140902400      8806400
      137600         1024         135.395    281804800     17612800
      137600         2048         270.923    563609600     35225600
      137600         4096         536.569   1127219200     70451200
      151040            1          10.428       302080        18880
      151040            2          10.362       604160        37760
      151040            4          11.103      1208320        75520
      151040            8           9.974      2416640       151040
      151040           16          11.060      4833280       302080
      151040           32          14.379      9666560       604160
      151040           64          19.237     19333120      1208320
      151040          128          30.800     38666240      2416640
      151040          256          44.316     77332480      4833280
      151040          512          80.817    154664960      9666560
      151040         1024         149.287    309329920     19333120
      151040         2048         299.136    618659840     38666240
      151040         4096         600.129   1237319680     77332480
      165760            1          10.087       331520        20720
      165760            2          15.750       663040        41440
      165760            4          10.377      1326080        82880
      165760            8           9.880      2652160       165760
      165760           16          10.819      5304320       331520
      165760           32          14.190     10608640       663040
      165760           64          17.241     21217280      1326080
      165760          128          29.072     42434560      2652160
      165760          256          46.594     84869120      5304320
      165760          512          93.344    169738240     10608640
      165760         1024         165.569    339476480     21217280
      165760         2048         324.160    678952960     42434560
      165760         4096         642.292   1357905920     84869120
      181760            1           9.336       363520        22720
      181760            2           7.581       727040        45440
      181760            4          13.099      1454080        90880
      181760            8          10.928      2908160       181760
      181760           16          11.749      5816320       363520
      181760           32          14.692     11632640       727040
      181760           64          19.881     23265280      1454080
      181760          128          30.421     46530560      2908160
      181760          256          51.380     93061120      5816320
      181760          512          94.674    186122240     11632640
      181760         1024         180.498    372244480     23265280
      181760         2048         358.778    744488960     46530560
      181760         4096         699.028   1488977920     93061120
      199680            1          11.208       399360        24960
      199680            2          10.123       798720        49920
      199680            4           9.957      1597440        99840
      199680            8          11.171      3194880       199680
      199680           16          11.839      6389760       399360
      199680           32          16.777     12779520       798720
      199680           64          24.551     25559040      1597440
      199680          128          34.298     51118080      3194880
      199680          256          55.927    102236160      6389760
      199680          512         103.850    204472320     12779520
      199680         1024         196.010    408944640     25559040
      199680         2048         383.795    817889280     51118080
      199680         4096         751.524   1635778560    102236160
      219520            1           8.565       439040        27440
      219520            2           7.849       878080        54880
      219520            4          11.289      1756160       109760
      219520            8          11.529      3512320       219520
      219520           16          12.358      7024640       439040
      219520           32          15.832     14049280       878080
      219520           64          20.907     28098560      1756160
      219520          128          34.066     56197120      3512320
      219520          256          56.384    112394240      7024640
      219520          512         107.073    224788480     14049280
      219520         1024         210.412    449576960     28098560
      219520         2048         443.231    899153920     56197120
      219520         4096         869.379   1798307840    112394240
      241280            1           8.527       482560        30160
      241280            2          10.295       965120        60320
      241280            4          11.699      1930240       120640
      241280            8          11.866      3860480       241280
      241280           16          14.167      7720960       482560
      241280           32          18.902     15441920       965120
      241280           64          23.304     30883840      1930240
      241280          128          38.680     61767680      3860480
      241280          256          65.022    123535360      7720960
      241280          512         125.010    247070720     15441920
      241280         1024         248.688    494141440     30883840
      241280         2048         479.905    988282880     61767680
      241280         4096         956.301   1976565760    123535360
      264960            1          14.627       529920        33120
      264960            2          10.017      1059840        66240
      264960            4          10.431      2119680       132480
      264960            8          11.436      4239360       264960
      264960           16          12.824      8478720       529920
      264960           32          16.002     16957440      1059840
      264960           64          28.001     33914880      2119680
      264960          128          41.857     67829760      4239360
      264960          256          72.219    135659520      8478720
      264960          512         137.293    271319040     16957440
      264960         1024         263.654    542638080     33914880
      264960         2048         505.325   1085276160     67829760
      291200            1           9.658       582400        36400
      291200            2          11.572      1164800        72800
      291200            4          11.704      2329600       145600
      291200            8          10.560      4659200       291200
      291200           16          12.427      9318400       582400
      291200           32          18.953     18636800      1164800
      291200           64          28.776     37273600      2329600
      291200          128          45.385     74547200      4659200
      291200          256          76.620    149094400      9318400
      291200          512         144.308    298188800     18636800
      291200         1024         278.267    596377600     37273600
      291200         2048         561.693   1192755200     74547200
      320000            1          14.946       640000        40000
      320000            2           9.748      1280000        80000
      320000            4          10.862      2560000       160000
      320000            8          11.712      5120000       320000
      320000           16          13.083     10240000       640000
      320000           32          18.784     20480000      1280000
      320000           64          29.598     40960000      2560000
      320000          128          44.634     81920000      5120000
      320000          256          84.666    163840000     10240000
      320000          512         153.954    327680000     20480000
      320000         1024         301.186    655360000     40960000
      320000         2048         625.110   1310720000     81920000
      352000            1           8.748       704000        44000
      352000            2           8.630      1408000        88000
      352000            4          10.939      2816000       176000
      352000            8          10.904      5632000       352000
      352000           16          14.186     11264000       704000
      352000           32          21.900     22528000      1408000
      352000           64          27.905     45056000      2816000
      352000          128          51.389     90112000      5632000
      352000          256          91.846    180224000     11264000
      352000          512         181.436    360448000     22528000
      352000         1024         349.913    720896000     45056000
      352000         2048         696.352   1441792000     90112000
      387200            1          11.287       774400        48400
      387200            2           9.954      1548800        96800
      387200            4           9.782      3097600       193600
      387200            8          12.307      6195200       387200
      387200           16          14.634     12390400       774400
      387200           32          19.653     24780800      1548800
      387200           64          35.512     49561600      3097600
      387200          128          53.552     99123200      6195200
      387200          256         100.106    198246400     12390400
      387200          512         195.486    396492800     24780800
      387200         1024         387.226    792985600     49561600
      387200         2048         753.789   1585971200     99123200
      425600            1          12.994       851200        53200
      425600            2          10.873      1702400       106400
      425600            4          16.608      3404800       212800
      425600            8          14.977      6809600       425600
      425600           16          17.227     13619200       851200
      425600           32          23.829     27238400      1702400
      425600           64          34.445     54476800      3404800
      425600          128          62.151    108953600      6809600
      425600          256         106.025    217907200     13619200
      425600          512         204.766    435814400     27238400
      425600         1024         402.606    871628800     54476800
      425600         2048         805.886   1743257600    108953600
      467840            1          10.971       935680        58480
      467840            2           9.831      1871360       116960
      467840            4           9.911      3742720       233920
      467840            8          12.127      7485440       467840
      467840           16          17.048     14970880       935680
      467840           32          22.404     29941760      1871360
      467840           64          35.434     59883520      3742720
      467840          128          62.226    119767040      7485440
      467840          256         122.374    239534080     14970880
      467840          512         222.704    479068160     29941760
      467840         1024         428.039    958136320     59883520
      467840         2048         884.877   1916272640    119767040
      514560            1           7.235      1029120        64320
      514560            2          12.199      2058240       128640
      514560            4          11.519      4116480       257280
      514560            8          11.913      8232960       514560
      514560           16          16.461     16465920      1029120
      514560           32          24.952     32931840      2058240
      514560           64          38.478     65863680      4116480
      514560          128          68.867    131727360      8232960
      514560          256         134.111    263454720     16465920
      514560          512         260.078    526909440     32931840
      514560         1024         504.401   1053818880     65863680
      514560         2048        1008.843   2107637760    131727360
      565760            1          10.826      1131520        70720
      565760            2           9.530      2263040       141440
      565760            4          18.041      4526080       282880
      565760            8          13.383      9052160       565760
      565760           16          17.223     18104320      1131520
      565760           32          26.734     36208640      2263040
      565760           64          48.107     72417280      4526080
      565760          128          74.297    144834560      9052160
      565760          256         152.355    289669120     18104320
      565760          512         288.128    579338240     36208640
      565760         1024         536.896   1158676480     72417280
      622080            1          10.703      1244160        77760
      622080            2          10.491      2488320       155520
      622080            4          10.511      4976640       311040
      622080            8          14.599      9953280       622080
      622080           16          17.280     19906560      1244160
      622080           32          28.008     39813120      2488320
      622080           64          46.229     79626240      4976640
      622080          128          89.075    159252480      9953280
      622080          256         150.347    318504960     19906560
      622080          512         295.477    637009920     39813120
      622080         1024         587.790   1274019840     79626240
      684160            1           9.016      1368320        85520
      684160            2           9.337      2736640       171040
      684160            4          12.801      5473280       342080
      684160            8          13.288     10946560       684160
      684160           16          17.270     21893120      1368320
      684160           32          28.137     43786240      2736640
      684160           64          50.950     87572480      5473280
      684160          128          87.337    175144960     10946560
      684160          256         171.008    350289920     21893120
      684160          512         328.719    700579840     43786240
      684160         1024         634.581   1401159680     87572480
      752000            1           9.100      1504000        94000
      752000            2           9.413      3008000       188000
      752000            4          13.370      6016000       376000
      752000            8          31.553     12032000       752000
      752000           16          19.548     24064000      1504000
      752000           32          29.332     48128000      3008000
      752000           64          57.424     96256000      6016000
      752000          128          99.057    192512000     12032000
      752000          256         188.593    385024000     24064000
      752000          512         370.196    770048000     48128000
      752000         1024         738.498   1540096000     96256000
      826880            1           9.964      1653760       103360
      826880            2           9.892      3307520       206720
      826880            4          11.548      6615040       413440
      826880            8          17.711     13230080       826880
      826880           16          18.834     26460160      1653760
      826880           32          31.089     52920320      3307520
      826880           64          58.429    105840640      6615040
      826880          128         105.770    211681280     13230080
      826880          256         205.151    423362560     26460160
      826880          512         409.247    846725120     52920320
      826880         1024         814.301   1693450240    105840640
      909440            1          10.320      1818880       113680
      909440            2          13.070      3637760       227360
      909440            4          14.854      7275520       454720
      909440            8          17.022     14551040       909440
      909440           16          21.776     29102080      1818880
      909440           32          45.459     58204160      3637760
      909440           64          60.858    116408320      7275520
      909440          128         113.840    232816640     14551040
      909440          256         216.217    465633280     29102080
      909440          512         436.061    931266560     58204160
      909440         1024         853.080   1862533120    116408320
     1000320            1           9.896      2000640       125040
     1000320            2           9.031      4001280       250080
     1000320            4          13.877      8002560       500160
     1000320            8          16.208     16005120      1000320
     1000320           16          24.415     32010240      2000640
     1000320           32          36.151     64020480      4001280
     1000320           64          66.505    128040960      8002560
     1000320          128         121.286    256081920     16005120
     1000320          256         237.759    512163840     32010240
     1000320          512         474.203   1024327680     64020480
     1000320         1024         903.023   2048655360    128040960
     1100160            1          10.473      2200320       137520
     1100160            2          11.223      4400640       275040
     1100160            4          15.974      8801280       550080
     1100160            8          17.724     17602560      1100160
     1100160           16          30.844     35205120      2200320
     1100160           32          51.022     70410240      4400640
     1100160           64          72.111    140820480      8801280
     1100160          128         136.257    281640960     17602560
     1100160          256         263.866    563281920     35205120
     1100160          512         521.270   1126563840     70410240
     1209600            1           9.332      2419200       151200
     1209600            2          11.986      4838400       302400
     1209600            4           9.545      9676800       604800
     1209600            8          17.294     19353600      1209600
     1209600           16          26.713     38707200      2419200
     1209600           32          41.110     77414400      4838400
     1209600           64          77.559    154828800      9676800
     1209600          128         147.339    309657600     19353600
     1209600          256         290.250    619315200     38707200
     1209600          512         569.988   1238630400     77414400
     1330560            1          11.290      2661120       166320
     1330560            2          12.355      5322240       332640
     1330560            4          15.184     10644480       665280
     1330560            8          21.386     21288960      1330560
     1330560           16          25.773     42577920      2661120
     1330560           32          46.795     85155840      5322240
     1330560           64          85.150    170311680     10644480
     1330560          128         168.867    340623360     21288960
     1330560          256         317.040    681246720     42577920
     1330560          512         633.281   1362493440     85155840
     1463040            1           8.779      2926080       182880
     1463040            2          12.545      5852160       365760
     1463040            4          14.189     11704320       731520
     1463040            8          19.451     23408640      1463040
     1463040           16          30.441     46817280      2926080
     1463040           32          52.540     93634560      5852160
     1463040           64         101.263    187269120     11704320
     1463040          128         177.655    374538240     23408640
     1463040          256         344.088    749076480     46817280
     1463040          512         718.218   1498152960     93634560
     1608960            1          10.566      3217920       201120
     1608960            2          14.875      6435840       402240
     1608960            4          15.514     12871680       804480
     1608960            8          24.653     25743360      1608960
     1608960           16          33.779     51486720      3217920
     1608960           32          57.890    102973440      6435840
     1608960           64         104.832    205946880     12871680
     1608960          128         208.362    411893760     25743360
     1608960          256         396.786    823787520     51486720
     1608960          512         789.300   1647575040    102973440
     1769600            1          10.578      3539200       221200
     1769600            2          13.975      7078400       442400
     1769600            4          16.196     14156800       884800
     1769600            8          25.678     28313600      1769600
     1769600           16          35.196     56627200      3539200
     1769600           32          62.405    113254400      7078400
     1769600           64         113.797    226508800     14156800
     1769600          128         222.746    453017600     28313600
     1769600          256         439.559    906035200     56627200
     1769600          512         866.669   1812070400    113254400
     1946240            1          11.525      3892480       243280
     1946240            2          12.415      7784960       486560
     1946240            4          16.928     15569920       973120
     1946240            8          23.560     31139840      1946240
     1946240           16          40.082     62279680      3892480
     1946240           32          72.001    124559360      7784960
     1946240           64         123.464    249118720     15569920
     1946240          128         240.934    498237440     31139840
     1946240          256         481.689    996474880     62279680
     1946240          512         923.356   1992949760    124559360
     2140800            1          10.919      4281600       267600
     2140800            2          14.067      8563200       535200
     2140800            4          20.902     17126400      1070400
     2140800            8          22.049     34252800      2140800
     2140800           16          65.838     68505600      4281600
     2140800           32          73.024    137011200      8563200
     2140800           64         139.669    274022400     17126400
     2140800          128         275.590    548044800     34252800
     2140800          256         547.561   1096089600     68505600
     2354560            1          11.958      4709120       294320
     2354560            2          13.219      9418240       588640
     2354560            4          19.344     18836480      1177280
     2354560            8          25.587     37672960      2354560
     2354560           16          45.205     75345920      4709120
     2354560           32          81.013    150691840      9418240
     2354560           64         153.759    301383680     18836480
     2354560          128         304.975    602767360     37672960
     2354560          256         593.941   1205534720     75345920
     2589440            1          14.728      5178880       323680
     2589440            2          13.321     10357760       647360
     2589440            4          19.848     20715520      1294720
     2589440            8          31.234     41431040      2589440
     2589440           16          46.924     82862080      5178880
     2589440           32          91.470    165724160     10357760
     2589440           64         171.235    331448320     20715520
     2589440          128         335.168    662896640     41431040
     2589440          256         655.011   1325793280     82862080
     2848000            1          11.959      5696000       356000
     2848000            2          17.516     11392000       712000
     2848000            4          19.991     22784000      1424000
     2848000            8          29.639     45568000      2848000
     2848000           16          51.267     91136000      5696000
     2848000           32          92.635    182272000     11392000
     2848000           64         180.182    364544000     22784000
     2848000          128         351.835    729088000     45568000
     2848000          256         689.715   1458176000     91136000
     3132800            1          16.202      6265600       391600
     3132800            2          20.038     12531200       783200
     3132800            4          20.654     25062400      1566400
     3132800            8          33.609     50124800      3132800
     3132800           16          56.684    100249600      6265600
     3132800           32         104.567    200499200     12531200
     3132800           64         197.967    400998400     25062400
     3132800          128         384.233    801996800     50124800
     3132800          256         766.216   1603993600    100249600
     3445760            1          18.021      6891520       430720
     3445760            2          15.907     13783040       861440
     3445760            4          21.288     27566080      1722880
     3445760            8          35.411     55132160      3445760
     3445760           16          65.952    110264320      6891520
     3445760           32         116.603    220528640     13783040
     3445760           64         227.389    441057280     27566080
     3445760          128         436.912    882114560     55132160
     3445760          256         875.934   1764229120    110264320
     3790080            1          17.381      7580160       473760
     3790080            2          16.438     15160320       947520
     3790080            4          23.376     30320640      1895040
     3790080            8          38.806     60641280      3790080
     3790080           16          69.247    121282560      7580160
     3790080           32         125.479    242565120     15160320
     3790080           64         242.206    485130240     30320640
     3790080          128         485.256    970260480     60641280
     3790080          256         950.857   1940520960    121282560
     4168960            1          19.400      8337920       521120
     4168960            2          18.164     16675840      1042240
     4168960            4          28.452     33351680      2084480
     4168960            8          40.019     66703360      4168960
     4168960           16          71.957    133406720      8337920
     4168960           32         136.711    266813440     16675840
     4168960           64         265.457    533626880     33351680
     4168960          128         509.571   1067253760     66703360
     4168960          256        1020.513   2134507520    133406720
     4585600            1          20.414      9171200       573200
     4585600            2          17.662     18342400      1146400
     4585600            4          28.138     36684800      2292800
     4585600            8          42.849     73369600      4585600
     4585600           16          79.692    146739200      9171200
     4585600           32         152.101    293478400     18342400
     4585600           64         299.900    586956800     36684800
     4585600          128         582.143   1173913600     73369600
     5043840            1          27.299     10087680       630480
     5043840            2          47.337     20175360      1260960
     5043840            4          28.440     40350720      2521920
     5043840            8          54.280     80701440      5043840
     5043840           16          87.190    161402880     10087680
     5043840           32         166.396    322805760     20175360
     5043840           64         323.585    645611520     40350720
     5043840          128         647.771   1291223040     80701440
     5548160            1          24.050     11096320       693520
     5548160            2          19.020     22192640      1387040
     5548160            4          31.751     44385280      2774080
     5548160            8          48.895     88770560      5548160
     5548160           16          98.274    177541120     11096320
     5548160           32         182.209    355082240     22192640
     5548160           64         358.610    710164480     44385280
     5548160          128         702.442   1420328960     88770560
     6102400            1          24.815     12204800       762800
     6102400            2          20.184     24409600      1525600
     6102400            4          41.501     48819200      3051200
     6102400            8          57.011     97638400      6102400
     6102400           16          99.829    195276800     12204800
     6102400           32         193.114    390553600     24409600
     6102400           64         375.192    781107200     48819200
     6102400          128         747.284   1562214400     97638400
     6712320            1          25.731     13424640       839040
     6712320            2          22.452     26849280      1678080
     6712320            4          32.854     53698560      3356160
     6712320            8          60.986    107397120      6712320
     6712320           16         107.530    214794240     13424640
     6712320           32         209.374    429588480     26849280
     6712320           64         416.194    859176960     53698560
     6712320          128         797.824   1718353920    107397120
     7383040            1          29.084     14766080       922880
     7383040            2          21.774     29532160      1845760
     7383040            4          45.117     59064320      3691520
     7383040            8          61.169    118128640      7383040
     7383040           16         113.368    236257280     14766080
     7383040           32         220.798    472514560     29532160
     7383040           64         436.248    945029120     59064320
     7383040          128         917.007   1890058240    118128640
     8120960            1          27.971     16241920      1015120
     8120960            2          24.634     32483840      2030240
     8120960            4          39.949     64967680      4060480
     8120960            8          70.068    129935360      8120960
     8120960           16         129.735    259870720     16241920
     8120960           32         256.372    519741440     32483840
     8120960           64         501.723   1039482880     64967680
     8120960          128         986.244   2078965760    129935360
     8932480            1          34.332     17864960      1116560
     8932480            2          26.090     35729920      2233120
     8932480            4          42.866     71459840      4466240
     8932480            8          76.745    142919680      8932480
     8932480           16         143.459    285839360     17864960
     8932480           32         283.425    571678720     35729920
     8932480           64         550.133   1143357440     71459840
     9825280            1          38.170     19650560      1228160
     9825280            2          28.849     39301120      2456320
     9825280            4          44.253     78602240      4912640
     9825280            8          82.087    157204480      9825280
     9825280           16         153.579    314408960     19650560
     9825280           32         307.080    628817920     39301120
     9825280           64         597.067   1257635840     78602240
    10807680            1          41.023     21615360      1350960
    10807680            2          26.125     43230720      2701920
    10807680            4          51.680     86461440      5403840
    10807680            8          86.597    172922880     10807680
    10807680           16         171.041    345845760     21615360
    10807680           32         322.397    691691520     43230720
    10807680           64         633.336   1383383040     86461440
    11888000            1          46.425     23776000      1486000
    11888000            2          33.416     47552000      2972000
    11888000            4          52.169     95104000      5944000
    11888000            8         117.568    190208000     11888000
    11888000           16         208.829    380416000     23776000
    11888000           32         368.810    760832000     47552000
    11888000           64         723.832   1521664000     95104000
    13076480            1          46.918     26152960      1634560
    13076480            2          32.663     52305920      3269120
    13076480            4          59.147    104611840      6538240
    13076480            8         111.068    209223680     13076480
    13076480           16         204.421    418447360     26152960
    13076480           32         402.389    836894720     52305920
    13076480           64         798.097   1673789440    104611840
    14384000            1          50.559     28768000      1798000
    14384000            2          40.289     57536000      3596000
    14384000            4          62.365    115072000      7192000
    14384000            8         118.909    230144000     14384000
    14384000           16         227.863    460288000     28768000
    14384000           32         434.356    920576000     57536000
    14384000           64         873.658   1841152000    115072000
    15822080            1          55.928     31644160      1977760
    15822080            2          39.150     63288320      3955520
    15822080            4          80.138    126576640      7911040
    15822080            8         122.179    253153280     15822080
    15822080           16         236.600    506306560     31644160
    15822080           32         477.532   1012613120     63288320
    15822080           64        1017.810   2025226240    126576640
    17404160            1          59.768     34808320      2175520
    17404160            2          41.425     69616640      4351040
    17404160            4          77.360    139233280      8702080
    17404160            8         142.196    278466560     17404160
    17404160           16         282.704    556933120     34808320
    17404160           32         549.675   1113866240     69616640
    19144320            1          63.337     38288640      2393040
    19144320            2          43.961     76577280      4786080
    19144320            4          79.373    153154560      9572160
    19144320            8         157.932    306309120     19144320
    19144320           16         303.951    612618240     38288640
    19144320           32         603.423   1225236480     76577280
    21058560            1          86.949     42117120      2632320
    21058560            2          46.242     84234240      5264640
    21058560            4          89.166    168468480     10529280
    21058560            8         167.357    336936960     21058560
    21058560           16         323.206    673873920     42117120
    21058560           32         643.319   1347747840     84234240
    23164160            1          75.560     46328320      2895520
    23164160            2          49.335     92656640      5791040
    23164160            4          90.574    185313280     11582080
    23164160            8         178.440    370626560     23164160
    23164160           16         356.887    741253120     46328320
    23164160           32         702.607   1482506240     92656640
    25480320            1          84.572     50960640      3185040
    25480320            2          54.097    101921280      6370080
    25480320            4         105.469    203842560     12740160
    25480320            8         198.582    407685120     25480320
    25480320           16         375.576    815370240     50960640
    25480320           32         804.296   1630740480    101921280
    28028160            1          94.212     56056320      3503520
    28028160            2          62.906    112112640      7007040
    28028160            4         115.653    224225280     14014080
    28028160            8         228.756    448450560     28028160
    28028160           16         439.525    896901120     56056320
    28028160           32         890.077   1793802240    112112640
    30830720            1          96.680     61661440      3853840
    30830720            2          71.188    123322880      7707680
    30830720            4         124.724    246645760     15415360
    30830720            8         244.472    493291520     30830720
    30830720           16         492.850    986583040     61661440
    30830720           32        7134.942   1973166080    123322880
    33913600            1        5663.296     67827200      4239200
    33913600            2         167.753    135654400      8478400
    33913600            4         120.930    271308800     16956800
    33913600            8         233.624    542617600     33913600
    33913600           16         477.610   1085235200     67827200
    37304960            1          83.093     74609920      4663120
    37304960            2          93.295    149219840      9326240
    37304960            4         134.209    298439680     18652480
    37304960            8         266.187    596879360     37304960
    37304960           16         555.374   1193758720     74609920
    41034880            1         107.361     82069760      5129360
    41034880            2          88.634    164139520     10258720
    41034880            4         162.242    328279040     20517440
    41034880            8         352.491    656558080     41034880
    41034880           16         694.874   1313116160     82069760
    45137920            1         105.882     90275840      5642240
    45137920            2         121.672    180551680     11284480
    45137920            4         205.474    361103360     22568960
    45137920            8         447.391    722206720     45137920
    45137920           16         862.619   1444413440     90275840
    49651200            1         123.469     99302400      6206400
    49651200            2         137.483    198604800     12412800
    49651200            4         258.846    397209600     24825600
    49651200            8         483.276    794419200     49651200
    49651200           16        1023.681   1588838400     99302400
    54616320            1         137.005    109232640      6827040
    54616320            2         185.032    218465280     13654080
    54616320            4         312.902    436930560     27308160
    54616320            8         583.493    873861120     54616320
    54616320           16        1135.993   1747722240    109232640
    60077440            1         157.288    120154880      7509680
    60077440            2         216.159    240309760     15019360
    60077440            4         368.783    480619520     30038720
    60077440            8         668.944    961239040     60077440
    60077440           16        1263.046   1922478080    120154880
    66085120            1         188.095    132170240      8260640
    66085120            2         254.510    264340480     16521280
    66085120            4         423.549    528680960     33042560
    66085120            8         757.248   1057361920     66085120
    66085120           16        1412.433   2114723840    132170240
    72693120            1         221.639    145386240      9086640
    72693120            2         295.747    290772480     18173280
    72693120            4         473.787    581544960     36346560
    72693120            8         855.663   1163089920     72693120
    79962240            1         261.004    159924480      9995280
    79962240            2         421.253    319848960     19990560
    79962240            4         607.630    639697920     39981120
    79962240            8        1005.587   1279395840     79962240
    87958400            1         309.134    175916800     10994800
    87958400            2         839.406    351833600     21989600
    87958400            4        1167.107    703667200     43979200
    87958400            8        1933.776   1407334400     87958400
    96753920            1         528.943    193507840     12094240
    96753920            2        1531.393    387015680     24188480
    96753920            4        2176.812    774031360     48376960
    96753920            8        3635.745   1548062720     96753920
   106428800            1         916.241    212857600     13303600
   106428800            2        2280.343    425715200     26607200
   106428800            4        3353.692    851430400     53214400
   106428800            8        5567.206   1702860800    106428800
   117071360            1        1355.795    234142720     14633920
   117071360            2        3163.778    468285440     29267840
   117071360            4        4653.182    936570880     58535680
   117071360            8        7746.018   1873141760    117071360
   128778240            1        1845.832    257556480     16097280
   128778240            2        4055.457    515112960     32194560
   128778240            4        6053.016   1030225920     64389120
   128778240            8       10051.752   2060451840    128778240
   141655680            1        2335.055    283311360     17706960
   141655680            2        5020.120    566622720     35413920
   141655680            4        7496.920   1133245440     70827840
   155820800            1        2880.044    311641600     19477600
   155820800            2        5991.367    623283200     38955200
   155820800            4        8978.017   1246566400     77910400
   171402880            1        3406.968    342805760     21425360
   171402880            2        7018.790    685611520     42850720
   171402880            4       10529.335   1371223040     85701440
   188542720            1        3992.675    377085440     23567840
   188542720            2        8121.665    754170880     47135680
   188542720            4       12186.557   1508341760     94271360
   207396480            1        4599.927    414792960     25924560
   207396480            2        9316.686    829585920     51849120
   207396480            4       13955.723   1659171840    103698240
   228135680            1        5239.459    456271360     28516960
   228135680            2       10633.320    912542720     57033920
   228135680            4       15916.928   1825085440    114067840
   250949120            1        5977.779    501898240     31368640
   250949120            2       12055.613   1003796480     62737280
   250949120            4       18062.343   2007592960    125474560
   276043520            1        6745.009    552087040     34505440
   276043520            2       13617.436   1104174080     69010880
   303647360            1        7630.372    607294720     37955920
   303647360            2       15313.220   1214589440     75911840
   334011520            1        8573.666    668023040     41751440
   334011520            2       17173.210   1336046080     83502880
   367412480            1        9582.475    734824960     45926560
   367412480            2       19227.888   1469649920     91853120
   404153600            1       10731.523    808307200     50519200
   404153600            2       21496.097   1616614400    101038400
   444568960            1       11956.225    889137920     55571120
   444568960            2       24027.507   1778275840    111142240
   489025280            1       13351.376    978050560     61128160
   489025280            2       26771.736   1956101120    122256320
   537927680            1       14858.729   1075855360     67240960
   591720320            1       16618.472   1183440640     73965040
   650892160            1       18397.571   1301784320     81361520
   715980800            1       20501.309   1431961600     89497600
   787578880            1       22736.661   1575157760     98447360
   866336640            1       25236.013   1732673280    108292080
   952970240            1       27958.246   1905940480    119121280
  1048266880            1       31079.126   2096533760    131033360

META_DATA
FLOPS          1
OPENMP_THREADS 80
ERT_VERSION  1.1.0
TIMESTAMP_DATA  1634099605.36
HOSTNAME  ('pmemMachine0', ['pmemMachine0.local'], ['fe80::f035:4ef3:770d:269e'])
UNAME  ('Linux', 'pmemMachine0', '5.9.13-derrick-pmo', '#120 SMP Tue Sep 28 02:02:07 EDT 2021', 'x86_64', 'x86_64')
CONFIG  {'ERT_WORKING_SET_MIN': ['1'], 'ERT_CFLAGS': ['-O3'], 'ERT_CC': ['gcc'], 'ERT_OPENMP_LDFLAGS': ['-fopenmp'], 'ERT_MEMORY_MAX': ['1073741824'], 'ERT_LDFLAGS': [], 'ERT_LDLIBS': [], 'ERT_SPEC_GBYTES_DRAM': ['300'], 'ERT_RUN': ['export', 'KMP_AFFINITY=scatter;', 'export', 'OMP_NUM_THREADS=ERT_OPENMP_THREADS;', 'ERT_CODE'], 'ERT_FLOPS': ['1,2,4,8,16'], 'ERT_OPENMP_CFLAGS': ['-fopenmp'], 'ERT_SPEC_GFLOPS': ['1000'], 'ERT_MPI': [False], 'ERT_TRIALS_MIN': ['1'], 'ERT_DRIVER': ['driver1'], 'ERT_RESULTS': ['Results.madonna.lbl.gov.02'], 'ERT_OPENMP': ['True'], 'ERT_OPENMP_THREADS': ['1,2,4,8,16,32,48,64,80,96,112,128,144,160'], 'ERT_KERNEL': ['kernel1'], 'ERT_GPU': [False], 'ERT_LD': ['gcc'], 'ERT_NUM_EXPERIMENTS': ['3'], 'ERT_ALIGN': ['32'], 'ERT_GNUPLOT': ['gnuplot']}
