         640            1         158.993         1280           80
         640            2          13.237         2560          160
         640            4          16.972         5120          320
         640            8          15.387        10240          640
         640           16           9.813        20480         1280
         640           32          23.896        40960         2560
         640           64           9.814        81920         5120
         640          128           8.631       163840        10240
         640          256           9.211       327680        20480
         640          512           7.034       655360        40960
         640         1024          10.031      1310720        81920
         640         2048          10.566      2621440       163840
         640         4096          17.631      5242880       327680
         640         8192          24.590     10485760       655360
         640        16384          59.037     20971520      1310720
         640        32768          82.503     41943040      2621440
         640        65536         164.112     83886080      5242880
         640       131072         311.136    167772160     10485760
         640       262144         621.454    335544320     20971520
         640       524288        1237.900    671088640     41943040
         640      1048576        2456.563   1342177280     83886080
        1280            1           9.520         2560          160
        1280            2           6.275         5120          320
        1280            4           8.608        10240          640
        1280            8          10.568        20480         1280
        1280           16           8.818        40960         2560
        1280           32           7.510        81920         5120
        1280           64           8.477       163840        10240
        1280          128           7.667       327680        20480
        1280          256          10.463       655360        40960
        1280          512           9.812      1310720        81920
        1280         1024          10.304      2621440       163840
        1280         2048          12.906      5242880       327680
        1280         4096          18.301     10485760       655360
        1280         8192          29.752     20971520      1310720
        1280        16384          55.311     41943040      2621440
        1280        32768         112.606     83886080      5242880
        1280        65536         213.900    167772160     10485760
        1280       131072         423.076    335544320     20971520
        1280       262144         851.252    671088640     41943040
        1280       524288        1700.511   1342177280     83886080
        1920            1           8.904         3840          240
        1920            2           7.750         7680          480
        1920            4          14.164        15360          960
        1920            8           8.925        30720         1920
        1920           16           8.436        61440         3840
        1920           32           8.916       122880         7680
        1920           64          11.076       245760        15360
        1920          128           8.278       491520        30720
        1920          256           8.118       983040        61440
        1920          512           9.465      1966080       122880
        1920         1024           8.908      3932160       245760
        1920         2048          16.636      7864320       491520
        1920         4096          22.601     15728640       983040
        1920         8192          37.364     31457280      1966080
        1920        16384          70.298     62914560      3932160
        1920        32768         134.995    125829120      7864320
        1920        65536         268.504    251658240     15728640
        1920       131072         528.847    503316480     31457280
        1920       262144        1066.243   1006632960     62914560
        1920       524288        2155.225   2013265920    125829120
        2560            1          10.337         5120          320
        2560            2          12.327        10240          640
        2560            4          11.591        20480         1280
        2560            8           5.996        40960         2560
        2560           16           8.907        81920         5120
        2560           32           8.425       163840        10240
        2560           64           8.948       327680        20480
        2560          128           8.157       655360        40960
        2560          256           7.343      1310720        81920
        2560          512          11.182      2621440       163840
        2560         1024          12.481      5242880       327680
        2560         2048          17.180     10485760       655360
        2560         4096          26.396     20971520      1310720
        2560         8192          37.440     41943040      2621440
        2560        16384          73.532     83886080      5242880
        2560        32768         148.538    167772160     10485760
        2560        65536         290.317    335544320     20971520
        2560       131072         563.620    671088640     41943040
        2560       262144        1143.690   1342177280     83886080
        3200            1           8.220         6400          400
        3200            2           4.165        12800          800
        3200            4           8.923        25600         1600
        3200            8           8.033        51200         3200
        3200           16           8.045       102400         6400
        3200           32          11.375       204800        12800
        3200           64          11.467       409600        25600
        3200          128          10.695       819200        51200
        3200          256           8.335      1638400       102400
        3200          512          15.791      3276800       204800
        3200         1024          12.055      6553600       409600
        3200         2048          19.770     13107200       819200
        3200         4096          26.651     26214400      1638400
        3200         8192          49.003     52428800      3276800
        3200        16384          87.185    104857600      6553600
        3200        32768         173.334    209715200     13107200
        3200        65536         332.165    419430400     26214400
        3200       131072         666.734    838860800     52428800
        3200       262144        1321.615   1677721600    104857600
        3840            1           8.716         7680          480
        3840            2           8.111        15360          960
        3840            4           9.165        30720         1920
        3840            8           8.389        61440         3840
        3840           16           7.578       122880         7680
        3840           32           8.492       245760        15360
        3840           64          11.234       491520        30720
        3840          128          10.311       983040        61440
        3840          256           7.895      1966080       122880
        3840          512           9.477      3932160       245760
        3840         1024          15.507      7864320       491520
        3840         2048          16.585     15728640       983040
        3840         4096          28.784     31457280      1966080
        3840         8192          48.037     62914560      3932160
        3840        16384          85.377    125829120      7864320
        3840        32768         174.968    251658240     15728640
        3840        65536         341.444    503316480     31457280
        3840       131072         692.091   1006632960     62914560
        3840       262144        1373.082   2013265920    125829120
        4480            1           9.025         8960          560
        4480            2           8.988        17920         1120
        4480            4          12.153        35840         2240
        4480            8           9.496        71680         4480
        4480           16           6.497       143360         8960
        4480           32           9.345       286720        17920
        4480           64          10.404       573440        35840
        4480          128          10.409      1146880        71680
        4480          256           8.906      2293760       143360
        4480          512          12.022      4587520       286720
        4480         1024          20.287      9175040       573440
        4480         2048          19.654     18350080      1146880
        4480         4096          34.541     36700160      2293760
        4480         8192          59.376     73400320      4587520
        4480        16384         108.505    146800640      9175040
        4480        32768         210.029    293601280     18350080
        4480        65536         413.010    587202560     36700160
        4480       131072         819.414   1174405120     73400320
        5120            1           8.180        10240          640
        5120            2          10.250        20480         1280
        5120            4          11.740        40960         2560
        5120            8          10.391        81920         5120
        5120           16          11.290       163840        10240
        5120           32           9.785       327680        20480
        5120           64          11.465       655360        40960
        5120          128           8.445      1310720        81920
        5120          256          11.837      2621440       163840
        5120          512          13.218      5242880       327680
        5120         1024          14.738     10485760       655360
        5120         2048          19.858     20971520      1310720
        5120         4096          34.662     41943040      2621440
        5120         8192          56.846     83886080      5242880
        5120        16384         112.913    167772160     10485760
        5120        32768         208.143    335544320     20971520
        5120        65536         401.403    671088640     41943040
        5120       131072         801.899   1342177280     83886080
        5760            1           8.248        11520          720
        5760            2           9.831        23040         1440
        5760            4          12.010        46080         2880
        5760            8           9.364        92160         5760
        5760           16          10.826       184320        11520
        5760           32          10.396       368640        23040
        5760           64           8.329       737280        46080
        5760          128          10.298      1474560        92160
        5760          256          14.354      2949120       184320
        5760          512          13.781      5898240       368640
        5760         1024          15.998     11796480       737280
        5760         2048          24.475     23592960      1474560
        5760         4096          38.306     47185920      2949120
        5760         8192          68.815     94371840      5898240
        5760        16384         129.944    188743680     11796480
        5760        32768         263.860    377487360     23592960
        5760        65536         508.972    754974720     47185920
        5760       131072        1008.207   1509949440     94371840
        6400            1          11.845        12800          800
        6400            2           8.232        25600         1600
        6400            4           9.064        51200         3200
        6400            8          13.270       102400         6400
        6400           16           7.486       204800        12800
        6400           32           7.131       409600        25600
        6400           64           8.973       819200        51200
        6400          128          11.460      1638400       102400
        6400          256          13.507      3276800       204800
        6400          512          16.146      6553600       409600
        6400         1024          17.032     13107200       819200
        6400         2048          21.311     26214400      1638400
        6400         4096          36.784     52428800      3276800
        6400         8192          69.532    104857600      6553600
        6400        16384         128.687    209715200     13107200
        6400        32768         253.972    419430400     26214400
        6400        65536         463.954    838860800     52428800
        6400       131072         919.791   1677721600    104857600
        7040            1          14.430        14080          880
        7040            2           9.528        28160         1760
        7040            4          12.158        56320         3520
        7040            8          10.621       112640         7040
        7040           16           8.507       225280        14080
        7040           32           8.718       450560        28160
        7040           64           9.439       901120        56320
        7040          128           9.756      1802240       112640
        7040          256          12.440      3604480       225280
        7040          512          15.690      7208960       450560
        7040         1024          18.009     14417920       901120
        7040         2048          27.800     28835840      1802240
        7040         4096          42.453     57671680      3604480
        7040         8192          78.804    115343360      7208960
        7040        16384         151.789    230686720     14417920
        7040        32768         286.749    461373440     28835840
        7040        65536         565.781    922746880     57671680
        7040       131072        1098.368   1845493760    115343360
        7680            1           8.065        15360          960
        7680            2           8.971        30720         1920
        7680            4          10.347        61440         3840
        7680            8          24.022       122880         7680
        7680           16           9.130       245760        15360
        7680           32          12.131       491520        30720
        7680           64          10.356       983040        61440
        7680          128          12.598      1966080       122880
        7680          256           9.945      3932160       245760
        7680          512          11.294      7864320       491520
        7680         1024          17.772     15728640       983040
        7680         2048          24.104     31457280      1966080
        7680         4096          40.520     62914560      3932160
        7680         8192          74.706    125829120      7864320
        7680        16384         143.256    251658240     15728640
        7680        32768         288.281    503316480     31457280
        7680        65536         555.961   1006632960     62914560
        7680       131072        1113.510   2013265920    125829120
        8320            1          10.374        16640         1040
        8320            2           7.877        33280         2080
        8320            4          10.288        66560         4160
        8320            8           9.094       133120         8320
        8320           16           8.968       266240        16640
        8320           32          10.261       532480        33280
        8320           64          11.999      1064960        66560
        8320          128          15.988      2129920       133120
        8320          256          11.670      4259840       266240
        8320          512          13.198      8519680       532480
        8320         1024          18.706     17039360      1064960
        8320         2048          29.320     34078720      2129920
        8320         4096          50.647     68157440      4259840
        8320         8192          90.025    136314880      8519680
        8320        16384         181.690    272629760     17039360
        8320        32768         327.428    545259520     34078720
        8320        65536         643.847   1090519040     68157440
        8960            1           5.867        17920         1120
        8960            2           5.631        35840         2240
        8960            4          10.526        71680         4480
        8960            8           8.389       143360         8960
        8960           16           9.705       286720        17920
        8960           32           7.256       573440        35840
        8960           64           7.736      1146880        71680
        8960          128          12.267      2293760       143360
        8960          256          11.084      4587520       286720
        8960          512          12.351      9175040       573440
        8960         1024          17.598     18350080      1146880
        8960         2048          27.978     36700160      2293760
        8960         4096          49.572     73400320      4587520
        8960         8192          84.262    146800640      9175040
        8960        16384         160.472    293601280     18350080
        8960        32768         316.516    587202560     36700160
        8960        65536         622.274   1174405120     73400320
        9600            1          11.521        19200         1200
        9600            2          10.986        38400         2400
        9600            4           8.551        76800         4800
        9600            8           9.760       153600         9600
        9600           16          14.343       307200        19200
        9600           32          10.582       614400        38400
        9600           64          10.620      1228800        76800
        9600          128           8.580      2457600       153600
        9600          256          11.300      4915200       307200
        9600          512          16.318      9830400       614400
        9600         1024          18.028     19660800      1228800
        9600         2048          32.446     39321600      2457600
        9600         4096          57.760     78643200      4915200
        9600         8192          96.530    157286400      9830400
        9600        16384         192.289    314572800     19660800
        9600        32768         348.176    629145600     39321600
        9600        65536         735.518   1258291200     78643200
       10240            1          10.580        20480         1280
       10240            2           9.696        40960         2560
       10240            4          10.996        81920         5120
       10240            8          10.882       163840        10240
       10240           16           9.445       327680        20480
       10240           32          13.840       655360        40960
       10240           64          10.549      1310720        81920
       10240          128           9.736      2621440       163840
       10240          256          11.325      5242880       327680
       10240          512          15.557     10485760       655360
       10240         1024          20.891     20971520      1310720
       10240         2048          29.471     41943040      2621440
       10240         4096          55.617     83886080      5242880
       10240         8192         100.942    167772160     10485760
       10240        16384         190.457    335544320     20971520
       10240        32768         361.475    671088640     41943040
       10240        65536         719.198   1342177280     83886080
       10880            1           9.142        21760         1360
       10880            2           8.409        43520         2720
       10880            4          11.035        87040         5440
       10880            8          11.459       174080        10880
       10880           16          12.403       348160        21760
       10880           32          10.471       696320        43520
       10880           64           9.260      1392640        87040
       10880          128          10.551      2785280       174080
       10880          256          13.964      5570560       348160
       10880          512          14.522     11141120       696320
       10880         1024          21.658     22282240      1392640
       10880         2048          36.107     44564480      2785280
       10880         4096          61.408     89128960      5570560
       10880         8192         108.575    178257920     11141120
       10880        16384         215.857    356515840     22282240
       10880        32768         421.778    713031680     44564480
       10880        65536         828.823   1426063360     89128960
       11520            1           9.481        23040         1440
       11520            2           7.417        46080         2880
       11520            4           8.557        92160         5760
       11520            8           7.260       184320        11520
       11520           16           4.598       368640        23040
       11520           32          10.503       737280        46080
       11520           64          12.848      1474560        92160
       11520          128          11.327      2949120       184320
       11520          256          14.680      5898240       368640
       11520          512          13.850     11796480       737280
       11520         1024          19.227     23592960      1474560
       11520         2048          34.513     47185920      2949120
       11520         4096          55.474     94371840      5898240
       11520         8192         104.785    188743680     11796480
       11520        16384         199.365    377487360     23592960
       11520        32768         390.834    754974720     47185920
       11520        65536         773.076   1509949440     94371840
       12160            1          11.117        24320         1520
       12160            2          10.292        48640         3040
       12160            4           9.545        97280         6080
       12160            8           8.748       194560        12160
       12160           16           9.048       389120        24320
       12160           32           9.559       778240        48640
       12160           64          11.773      1556480        97280
       12160          128          10.040      3112960       194560
       12160          256          12.625      6225920       389120
       12160          512          15.415     12451840       778240
       12160         1024          23.118     24903680      1556480
       12160         2048          36.441     49807360      3112960
       12160         4096          60.735     99614720      6225920
       12160         8192         123.779    199229440     12451840
       12160        16384         216.028    398458880     24903680
       12160        32768         423.733    796917760     49807360
       12160        65536         917.440   1593835520     99614720
       12800            1           8.773        25600         1600
       12800            2           6.904        51200         3200
       12800            4          11.416       102400         6400
       12800            8           9.597       204800        12800
       12800           16           7.398       409600        25600
       12800           32           8.795       819200        51200
       12800           64           9.690      1638400       102400
       12800          128          10.925      3276800       204800
       12800          256          11.533      6553600       409600
       12800          512          14.627     13107200       819200
       12800         1024          26.732     26214400      1638400
       12800         2048          35.593     52428800      3276800
       12800         4096          63.063    104857600      6553600
       12800         8192         117.339    209715200     13107200
       12800        16384         231.476    419430400     26214400
       12800        32768         444.870    838860800     52428800
       12800        65536         878.524   1677721600    104857600
       14080            1           8.952        28160         1760
       14080            2           9.689        56320         3520
       14080            4          11.206       112640         7040
       14080            8           6.649       225280        14080
       14080           16           9.832       450560        28160
       14080           32          10.430       901120        56320
       14080           64           9.057      1802240       112640
       14080          128          11.133      3604480       225280
       14080          256          15.021      7208960       450560
       14080          512          16.801     14417920       901120
       14080         1024          24.402     28835840      1802240
       14080         2048          41.327     57671680      3604480
       14080         4096          73.871    115343360      7208960
       14080         8192         126.050    230686720     14417920
       14080        16384         241.463    461373440     28835840
       14080        32768         481.809    922746880     57671680
       14080        65536         922.055   1845493760    115343360
       15360            1           7.635        30720         1920
       15360            2           9.576        61440         3840
       15360            4           9.648       122880         7680
       15360            8          10.291       245760        15360
       15360           16          10.411       491520        30720
       15360           32           3.011       983040        61440
       15360           64           8.934      1966080       122880
       15360          128          12.115      3932160       245760
       15360          256          13.846      7864320       491520
       15360          512          18.518     15728640       983040
       15360         1024          23.265     31457280      1966080
       15360         2048          40.739     62914560      3932160
       15360         4096          68.549    125829120      7864320
       15360         8192         130.487    251658240     15728640
       15360        16384         268.436    503316480     31457280
       15360        32768         514.297   1006632960     62914560
       15360        65536        1034.165   2013265920    125829120
       16640            1          10.605        33280         2080
       16640            2           9.419        66560         4160
       16640            4           6.554       133120         8320
       16640            8           9.258       266240        16640
       16640           16           9.248       532480        33280
       16640           32           9.845      1064960        66560
       16640           64          10.644      2129920       133120
       16640          128          13.937      4259840       266240
       16640          256          13.452      8519680       532480
       16640          512          17.611     17039360      1064960
       16640         1024          31.465     34078720      2129920
       16640         2048          44.552     68157440      4259840
       16640         4096          77.650    136314880      8519680
       16640         8192         151.639    272629760     17039360
       16640        16384         286.490    545259520     34078720
       16640        32768         560.966   1090519040     68157440
       17920            1           9.471        35840         2240
       17920            2           9.036        71680         4480
       17920            4          11.333       143360         8960
       17920            8          12.364       286720        17920
       17920           16           9.623       573440        35840
       17920           32           9.730      1146880        71680
       17920           64          10.479      2293760       143360
       17920          128          11.479      4587520       286720
       17920          256          13.299      9175040       573440
       17920          512          17.362     18350080      1146880
       17920         1024          29.843     36700160      2293760
       17920         2048          45.320     73400320      4587520
       17920         4096          82.493    146800640      9175040
       17920         8192         156.038    293601280     18350080
       17920        16384         303.833    587202560     36700160
       17920        32768         609.726   1174405120     73400320
       19200            1           9.807        38400         2400
       19200            2           9.831        76800         4800
       19200            4          10.591       153600         9600
       19200            8           8.665       307200        19200
       19200           16           9.367       614400        38400
       19200           32          13.341      1228800        76800
       19200           64           9.876      2457600       153600
       19200          128          10.852      4915200       307200
       19200          256          13.269      9830400       614400
       19200          512          22.617     19660800      1228800
       19200         1024          32.277     39321600      2457600
       19200         2048          46.592     78643200      4915200
       19200         4096          87.186    157286400      9830400
       19200         8192         180.877    314572800     19660800
       19200        16384         312.914    629145600     39321600
       19200        32768         616.645   1258291200     78643200
       21120            1          10.538        42240         2640
       21120            2           9.396        84480         5280
       21120            4           8.548       168960        10560
       21120            8           9.602       337920        21120
       21120           16           8.035       675840        42240
       21120           32          10.351      1351680        84480
       21120           64          11.423      2703360       168960
       21120          128          11.154      5406720       337920
       21120          256          15.129     10813440       675840
       21120          512          19.087     21626880      1351680
       21120         1024          31.344     43253760      2703360
       21120         2048          55.016     86507520      5406720
       21120         4096          97.317    173015040     10813440
       21120         8192         183.635    346030080     21626880
       21120        16384         358.223    692060160     43253760
       21120        32768         734.270   1384120320     86507520
       23040            1           8.260        46080         2880
       23040            2           9.746        92160         5760
       23040            4          11.701       184320        11520
       23040            8           9.043       368640        23040
       23040           16           9.270       737280        46080
       23040           32          10.597      1474560        92160
       23040           64          13.072      2949120       184320
       23040          128          13.571      5898240       368640
       23040          256          17.317     11796480       737280
       23040          512          20.389     23592960      1474560
       23040         1024          29.171     47185920      2949120
       23040         2048          54.199     94371840      5898240
       23040         4096         102.913    188743680     11796480
       23040         8192         192.910    377487360     23592960
       23040        16384         378.536    754974720     47185920
       23040        32768         756.475   1509949440     94371840
       24960            1           6.006        49920         3120
       24960            2           9.378        99840         6240
       24960            4          11.821       199680        12480
       24960            8          15.655       399360        24960
       24960           16          10.440       798720        49920
       24960           32          13.149      1597440        99840
       24960           64          11.441      3194880       199680
       24960          128          12.012      6389760       399360
       24960          256          14.184     12779520       798720
       24960          512          21.222     25559040      1597440
       24960         1024          34.729     51118080      3194880
       24960         2048          59.764    102236160      6389760
       24960         4096         112.400    204472320     12779520
       24960         8192         220.426    408944640     25559040
       24960        16384         425.822    817889280     51118080
       24960        32768         848.686   1635778560    102236160
       26880            1           9.379        53760         3360
       26880            2           8.981       107520         6720
       26880            4           9.594       215040        13440
       26880            8           9.220       430080        26880
       26880           16           9.376       860160        53760
       26880           32          10.207      1720320       107520
       26880           64          21.579      3440640       215040
       26880          128          12.836      6881280       430080
       26880          256          16.920     13762560       860160
       26880          512          20.403     27525120      1720320
       26880         1024          37.563     55050240      3440640
       26880         2048          60.897    110100480      6881280
       26880         4096         113.189    220200960     13762560
       26880         8192         220.602    440401920     27525120
       26880        16384         425.581    880803840     55050240
       26880        32768         842.740   1761607680    110100480
       29440            1          10.231        58880         3680
       29440            2           9.543       117760         7360
       29440            4          10.557       235520        14720
       29440            8           5.205       471040        29440
       29440           16           9.248       942080        58880
       29440           32           9.035      1884160       117760
       29440           64          14.640      3768320       235520
       29440          128          13.223      7536640       471040
       29440          256          16.432     15073280       942080
       29440          512          21.821     30146560      1884160
       29440         1024          37.032     60293120      3768320
       29440         2048          68.978    120586240      7536640
       29440         4096         124.597    241172480     15073280
       29440         8192         248.829    482344960     30146560
       29440        16384         462.032    964689920     60293120
       29440        32768         895.506   1929379840    120586240
       32000            1          12.240        64000         4000
       32000            2          10.761       128000         8000
       32000            4          10.103       256000        16000
       32000            8           9.946       512000        32000
       32000           16          10.423      1024000        64000
       32000           32          20.540      2048000       128000
       32000           64          11.631      4096000       256000
       32000          128          12.608      8192000       512000
       32000          256          14.887     16384000      1024000
       32000          512          22.202     32768000      2048000
       32000         1024          38.764     65536000      4096000
       32000         2048          70.268    131072000      8192000
       32000         4096         134.404    262144000     16384000
       32000         8192         266.112    524288000     32768000
       32000        16384         521.115   1048576000     65536000
       32000        32768        1032.323   2097152000    131072000
       35200            1           9.339        70400         4400
       35200            2          11.810       140800         8800
       35200            4          10.659       281600        17600
       35200            8          10.653       563200        35200
       35200           16           7.741      1126400        70400
       35200           32           8.959      2252800       140800
       35200           64          10.082      4505600       281600
       35200          128          17.451      9011200       563200
       35200          256          18.171     18022400      1126400
       35200          512          28.849     36044800      2252800
       35200         1024          43.400     72089600      4505600
       35200         2048          81.966    144179200      9011200
       35200         4096         149.940    288358400     18022400
       35200         8192         304.068    576716800     36044800
       35200        16384         566.331   1153433600     72089600
       38400            1          11.073        76800         4800
       38400            2           9.557       153600         9600
       38400            4           9.301       307200        19200
       38400            8          11.113       614400        38400
       38400           16          10.158      1228800        76800
       38400           32          11.488      2457600       153600
       38400           64          10.910      4915200       307200
       38400          128          11.392      9830400       614400
       38400          256          17.769     19660800      1228800
       38400          512          26.629     39321600      2457600
       38400         1024          48.452     78643200      4915200
       38400         2048          82.323    157286400      9830400
       38400         4096         154.899    314572800     19660800
       38400         8192         302.399    629145600     39321600
       38400        16384         598.986   1258291200     78643200
       42240            1          10.548        84480         5280
       42240            2           9.252       168960        10560
       42240            4           7.618       337920        21120
       42240            8           9.456       675840        42240
       42240           16          11.195      1351680        84480
       42240           32          10.332      2703360       168960
       42240           64          10.738      5406720       337920
       42240          128          14.242     10813440       675840
       42240          256          20.406     21626880      1351680
       42240          512          29.274     43253760      2703360
       42240         1024          49.908     86507520      5406720
       42240         2048          88.637    173015040     10813440
       42240         4096         181.620    346030080     21626880
       42240         8192         327.798    692060160     43253760
       42240        16384         702.526   1384120320     86507520
       46080            1          11.964        92160         5760
       46080            2          11.512       184320        11520
       46080            4          11.155       368640        23040
       46080            8          10.615       737280        46080
       46080           16           7.850      1474560        92160
       46080           32          12.355      2949120       184320
       46080           64          11.401      5898240       368640
       46080          128          14.475     11796480       737280
       46080          256          19.553     23592960      1474560
       46080          512          31.965     47185920      2949120
       46080         1024          50.568     94371840      5898240
       46080         2048          98.219    188743680     11796480
       46080         4096         187.529    377487360     23592960
       46080         8192         373.985    754974720     47185920
       46080        16384         732.051   1509949440     94371840
       50560            1           7.385       101120         6320
       50560            2           9.530       202240        12640
       50560            4           4.359       404480        25280
       50560            8           9.711       808960        50560
       50560           16          10.099      1617920       101120
       50560           32          10.685      3235840       202240
       50560           64          10.685      6471680       404480
       50560          128          16.584     12943360       808960
       50560          256          24.437     25886720      1617920
       50560          512          46.681     51773440      3235840
       50560         1024          57.596    103546880      6471680
       50560         2048         107.113    207093760     12943360
       50560         4096         210.544    414187520     25886720
       50560         8192         412.583    828375040     51773440
       50560        16384         828.451   1656750080    103546880
       55040            1          14.990       110080         6880
       55040            2           9.591       220160        13760
       55040            4           9.453       440320        27520
       55040            8          12.065       880640        55040
       55040           16           8.478      1761280       110080
       55040           32          11.586      3522560       220160
       55040           64          14.396      7045120       440320
       55040          128          17.432     14090240       880640
       55040          256          21.690     28180480      1761280
       55040          512          37.869     56360960      3522560
       55040         1024          69.528    112721920      7045120
       55040         2048         123.446    225443840     14090240
       55040         4096         240.888    450887680     28180480
       55040         8192         475.893    901775360     56360960
       55040        16384         948.320   1803550720    112721920
       60160            1           7.170       120320         7520
       60160            2           8.292       240640        15040
       60160            4           9.593       481280        30080
       60160            8           8.440       962560        60160
       60160           16           9.778      1925120       120320
       60160           32           9.682      3850240       240640
       60160           64          12.889      7700480       481280
       60160          128          18.069     15400960       962560
       60160          256          22.689     30801920      1925120
       60160          512          41.466     61603840      3850240
       60160         1024          65.683    123207680      7700480
       60160         2048         119.254    246415360     15400960
       60160         4096         234.014    492830720     30801920
       60160         8192         454.741    985661440     61603840
       60160        16384         974.049   1971322880    123207680
       65920            1          11.847       131840         8240
       65920            2          13.934       263680        16480
       65920            4          10.473       527360        32960
       65920            8           8.391      1054720        65920
       65920           16          10.659      2109440       131840
       65920           32          10.947      4218880       263680
       65920           64          20.718      8437760       527360
       65920          128          17.407     16875520      1054720
       65920          256          25.306     33751040      2109440
       65920          512          40.750     67502080      4218880
       65920         1024          75.080    135004160      8437760
       65920         2048         143.798    270008320     16875520
       65920         4096         270.816    540016640     33751040
       65920         8192         536.312   1080033280     67502080
       72320            1           9.090       144640         9040
       72320            2           9.412       289280        18080
       72320            4          11.691       578560        36160
       72320            8           9.239      1157120        72320
       72320           16          10.436      2314240       144640
       72320           32          15.739      4628480       289280
       72320           64          13.206      9256960       578560
       72320          128          16.880     18513920      1157120
       72320          256          27.453     37027840      2314240
       72320          512          48.011     74055680      4628480
       72320         1024          79.883    148111360      9256960
       72320         2048         155.227    296222720     18513920
       72320         4096         300.006    592445440     37027840
       72320         8192         586.908   1184890880     74055680
       79360            1           6.732       158720         9920
       79360            2           9.266       317440        19840
       79360            4           8.800       634880        39680
       79360            8          10.216      1269760        79360
       79360           16           9.453      2539520       158720
       79360           32          11.247      5079040       317440
       79360           64          12.035     10158080       634880
       79360          128          16.911     20316160      1269760
       79360          256          27.683     40632320      2539520
       79360          512          46.884     81264640      5079040
       79360         1024          84.237    162529280     10158080
       79360         2048         167.434    325058560     20316160
       79360         4096         307.565    650117120     40632320
       79360         8192         608.110   1300234240     81264640
       87040            1           9.913       174080        10880
       87040            2          11.044       348160        21760
       87040            4           8.134       696320        43520
       87040            8          10.620      1392640        87040
       87040           16          10.165      2785280       174080
       87040           32          11.455      5570560       348160
       87040           64          14.654     11141120       696320
       87040          128          18.509     22282240      1392640
       87040          256          31.132     44564480      2785280
       87040          512          50.032     89128960      5570560
       87040         1024          89.041    178257920     11141120
       87040         2048         176.335    356515840     22282240
       87040         4096         336.268    713031680     44564480
       87040         8192         675.500   1426063360     89128960
       95360            1           8.167       190720        11920
       95360            2           9.155       381440        23840
       95360            4           9.002       762880        47680
       95360            8           8.123      1525760        95360
       95360           16          12.319      3051520       190720
       95360           32          11.308      6103040       381440
       95360           64          12.316     12206080       762880
       95360          128          25.461     24412160      1525760
       95360          256          29.934     48824320      3051520
       95360          512          52.752     97648640      6103040
       95360         1024         102.977    195297280     12206080
       95360         2048         185.140    390594560     24412160
       95360         4096         358.576    781189120     48824320
       95360         8192         741.169   1562378240     97648640
      104320            1          12.050       208640        13040
      104320            2           9.227       417280        26080
      104320            4           8.047       834560        52160
      104320            8          10.782      1669120       104320
      104320           16          12.157      3338240       208640
      104320           32          10.731      6676480       417280
      104320           64          14.135     13352960       834560
      104320          128          21.963     26705920      1669120
      104320          256          39.061     53411840      3338240
      104320          512          62.235    106823680      6676480
      104320         1024         113.083    213647360     13352960
      104320         2048         213.124    427294720     26705920
      104320         4096         425.343    854589440     53411840
      104320         8192         843.128   1709178880    106823680
      114560            1           9.714       229120        14320
      114560            2           8.122       458240        28640
      114560            4           8.109       916480        57280
      114560            8          11.412      1832960       114560
      114560           16          10.541      3665920       229120
      114560           32          12.203      7331840       458240
      114560           64          16.553     14663680       916480
      114560          128          21.778     29327360      1832960
      114560          256          38.637     58654720      3665920
      114560          512          65.793    117309440      7331840
      114560         1024         127.445    234618880     14663680
      114560         2048         238.310    469237760     29327360
      114560         4096         468.020    938475520     58654720
      114560         8192         926.560   1876951040    117309440
      125440            1          10.253       250880        15680
      125440            2          10.373       501760        31360
      125440            4           9.420      1003520        62720
      125440            8           8.065      2007040       125440
      125440           16          10.508      4014080       250880
      125440           32          17.429      8028160       501760
      125440           64          16.729     16056320      1003520
      125440          128          24.047     32112640      2007040
      125440          256          38.640     64225280      4014080
      125440          512          69.062    128450560      8028160
      125440         1024         130.016    256901120     16056320
      125440         2048         251.341    513802240     32112640
      125440         4096         491.899   1027604480     64225280
      125440         8192        1031.159   2055208960    128450560
      137600            1           8.940       275200        17200
      137600            2           7.877       550400        34400
      137600            4           9.709      1100800        68800
      137600            8          10.573      2201600       137600
      137600           16          12.050      4403200       275200
      137600           32          14.313      8806400       550400
      137600           64          18.872     17612800      1100800
      137600          128          24.050     35225600      2201600
      137600          256          40.292     70451200      4403200
      137600          512          75.591    140902400      8806400
      137600         1024         140.917    281804800     17612800
      137600         2048         284.326    563609600     35225600
      137600         4096         551.104   1127219200     70451200
      151040            1           9.359       302080        18880
      151040            2          10.243       604160        37760
      151040            4           9.913      1208320        75520
      151040            8           8.407      2416640       151040
      151040           16          10.445      4833280       302080
      151040           32          14.500      9666560       604160
      151040           64          16.779     19333120      1208320
      151040          128          25.385     38666240      2416640
      151040          256          46.952     77332480      4833280
      151040          512          87.121    154664960      9666560
      151040         1024         155.306    309329920     19333120
      151040         2048         310.103    618659840     38666240
      151040         4096         610.206   1237319680     77332480
      165760            1          10.451       331520        20720
      165760            2           8.272       663040        41440
      165760            4          14.614      1326080        82880
      165760            8           9.808      2652160       165760
      165760           16          12.400      5304320       331520
      165760           32          13.782     10608640       663040
      165760           64          21.748     21217280      1326080
      165760          128          27.707     42434560      2652160
      165760          256          47.155     84869120      5304320
      165760          512          97.801    169738240     10608640
      165760         1024         171.134    339476480     21217280
      165760         2048         329.485    678952960     42434560
      165760         4096         634.825   1357905920     84869120
      181760            1           8.019       363520        22720
      181760            2           8.474       727040        45440
      181760            4          12.112      1454080        90880
      181760            8           9.710      2908160       181760
      181760           16          10.572      5816320       363520
      181760           32          13.632     11632640       727040
      181760           64          21.099     23265280      1454080
      181760          128          29.977     46530560      2908160
      181760          256          53.417     93061120      5816320
      181760          512          98.723    186122240     11632640
      181760         1024         183.111    372244480     23265280
      181760         2048         355.019    744488960     46530560
      181760         4096         703.717   1488977920     93061120
      199680            1           8.296       399360        24960
      199680            2           9.655       798720        49920
      199680            4           9.923      1597440        99840
      199680            8          10.446      3194880       199680
      199680           16           9.756      6389760       399360
      199680           32          13.858     12779520       798720
      199680           64          20.508     25559040      1597440
      199680          128          31.369     51118080      3194880
      199680          256          55.658    102236160      6389760
      199680          512         110.955    204472320     12779520
      199680         1024         192.795    408944640     25559040
      199680         2048         380.360    817889280     51118080
      199680         4096         737.655   1635778560    102236160
      219520            1           7.451       439040        27440
      219520            2           8.626       878080        54880
      219520            4          11.107      1756160       109760
      219520            8          11.121      3512320       219520
      219520           16          11.387      7024640       439040
      219520           32          13.780     14049280       878080
      219520           64          20.637     28098560      1756160
      219520          128          33.024     56197120      3512320
      219520          256          59.462    112394240      7024640
      219520          512         109.039    224788480     14049280
      219520         1024         212.305    449576960     28098560
      219520         2048         425.866    899153920     56197120
      219520         4096         831.874   1798307840    112394240
      241280            1          10.636       482560        30160
      241280            2           8.931       965120        60320
      241280            4           9.909      1930240       120640
      241280            8          14.554      3860480       241280
      241280           16          12.246      7720960       482560
      241280           32          15.562     15441920       965120
      241280           64          25.140     30883840      1930240
      241280          128          43.003     61767680      3860480
      241280          256          65.872    123535360      7720960
      241280          512         121.050    247070720     15441920
      241280         1024         237.284    494141440     30883840
      241280         2048         461.362    988282880     61767680
      241280         4096         920.437   1976565760    123535360
      264960            1           9.155       529920        33120
      264960            2          10.476      1059840        66240
      264960            4          10.385      2119680       132480
      264960            8          14.180      4239360       264960
      264960           16          12.463      8478720       529920
      264960           32          15.946     16957440      1059840
      264960           64          23.954     33914880      2119680
      264960          128          40.274     67829760      4239360
      264960          256          75.000    135659520      8478720
      264960          512         139.133    271319040     16957440
      264960         1024         258.027    542638080     33914880
      264960         2048         516.243   1085276160     67829760
      291200            1          10.337       582400        36400
      291200            2           8.170      1164800        72800
      291200            4           9.008      2329600       145600
      291200            8           9.951      4659200       291200
      291200           16          13.943      9318400       582400
      291200           32          17.716     18636800      1164800
      291200           64          24.229     37273600      2329600
      291200          128          42.084     74547200      4659200
      291200          256          76.225    149094400      9318400
      291200          512         144.939    298188800     18636800
      291200         1024         285.809    596377600     37273600
      291200         2048         587.542   1192755200     74547200
      320000            1           9.045       640000        40000
      320000            2           8.983      1280000        80000
      320000            4           8.464      2560000       160000
      320000            8          10.101      5120000       320000
      320000           16          16.810     10240000       640000
      320000           32          17.771     20480000      1280000
      320000           64          29.186     40960000      2560000
      320000          128          48.459     81920000      5120000
      320000          256          83.038    163840000     10240000
      320000          512         161.358    327680000     20480000
      320000         1024         322.650    655360000     40960000
      320000         2048         629.508   1310720000     81920000
      352000            1           1.885       704000        44000
      352000            2           8.912      1408000        88000
      352000            4          13.764      2816000       176000
      352000            8          12.191      5632000       352000
      352000           16          17.597     11264000       704000
      352000           32          16.964     22528000      1408000
      352000           64          29.510     45056000      2816000
      352000          128          50.181     90112000      5632000
      352000          256          96.061    180224000     11264000
      352000          512         180.467    360448000     22528000
      352000         1024         347.606    720896000     45056000
      352000         2048         697.706   1441792000     90112000
      387200            1           7.896       774400        48400
      387200            2          10.140      1548800        96800
      387200            4           9.078      3097600       193600
      387200            8          10.246      6195200       387200
      387200           16          17.470     12390400       774400
      387200           32          18.915     24780800      1548800
      387200           64          39.655     49561600      3097600
      387200          128          54.434     99123200      6195200
      387200          256         100.944    198246400     12390400
      387200          512         189.393    396492800     24780800
      387200         1024         373.455    792985600     49561600
      387200         2048         735.770   1585971200     99123200
      425600            1          10.151       851200        53200
      425600            2          11.846      1702400       106400
      425600            4           9.807      3404800       212800
      425600            8          10.205      6809600       425600
      425600           16          16.604     13619200       851200
      425600           32          21.126     27238400      1702400
      425600           64          36.680     54476800      3404800
      425600          128          59.273    108953600      6809600
      425600          256         109.073    217907200     13619200
      425600          512         207.737    435814400     27238400
      425600         1024         417.982    871628800     54476800
      425600         2048         804.134   1743257600    108953600
      467840            1           7.963       935680        58480
      467840            2           9.325      1871360       116960
      467840            4           9.577      3742720       233920
      467840            8          12.715      7485440       467840
      467840           16          15.391     14970880       935680
      467840           32          21.300     29941760      1871360
      467840           64          37.084     59883520      3742720
      467840          128          61.159    119767040      7485440
      467840          256         111.497    239534080     14970880
      467840          512         219.461    479068160     29941760
      467840         1024         429.915    958136320     59883520
      467840         2048         899.712   1916272640    119767040
      514560            1           7.881      1029120        64320
      514560            2           9.697      2058240       128640
      514560            4           8.900      4116480       257280
      514560            8          12.100      8232960       514560
      514560           16          18.097     16465920      1029120
      514560           32          23.254     32931840      2058240
      514560           64          38.855     65863680      4116480
      514560          128          67.420    131727360      8232960
      514560          256         133.371    263454720     16465920
      514560          512         244.583    526909440     32931840
      514560         1024         490.369   1053818880     65863680
      514560         2048         968.935   2107637760    131727360
      565760            1          10.364      1131520        70720
      565760            2           9.246      2263040       141440
      565760            4           9.400      4526080       282880
      565760            8          11.144      9052160       565760
      565760           16          16.109     18104320      1131520
      565760           32          27.603     36208640      2263040
      565760           64          46.292     72417280      4526080
      565760          128          76.555    144834560      9052160
      565760          256         141.692    289669120     18104320
      565760          512         274.331    579338240     36208640
      565760         1024         540.119   1158676480     72417280
      622080            1           7.971      1244160        77760
      622080            2          10.794      2488320       155520
      622080            4          11.797      4976640       311040
      622080            8          12.097      9953280       622080
      622080           16          16.758     19906560      1244160
      622080           32          27.596     39813120      2488320
      622080           64          43.845     79626240      4976640
      622080          128          79.825    159252480      9953280
      622080          256         157.705    318504960     19906560
      622080          512         297.753    637009920     39813120
      622080         1024         590.993   1274019840     79626240
      684160            1          13.467      1368320        85520
      684160            2           9.430      2736640       171040
      684160            4          14.453      5473280       342080
      684160            8          25.862     10946560       684160
      684160           16          18.135     21893120      1368320
      684160           32          37.440     43786240      2736640
      684160           64          48.190     87572480      5473280
      684160          128          88.952    175144960     10946560
      684160          256         177.971    350289920     21893120
      684160          512         336.409    700579840     43786240
      684160         1024         672.442   1401159680     87572480
      752000            1           8.350      1504000        94000
      752000            2          10.284      3008000       188000
      752000            4          11.141      6016000       376000
      752000            8          13.925     12032000       752000
      752000           16          20.585     24064000      1504000
      752000           32          33.201     48128000      3008000
      752000           64          51.232     96256000      6016000
      752000          128          98.438    192512000     12032000
      752000          256         190.172    385024000     24064000
      752000          512         369.459    770048000     48128000
      752000         1024         738.302   1540096000     96256000
      826880            1           9.913      1653760       103360
      826880            2          10.858      3307520       206720
      826880            4          11.054      6615040       413440
      826880            8          17.841     13230080       826880
      826880           16          19.544     26460160      1653760
      826880           32          33.414     52920320      3307520
      826880           64          57.237    105840640      6615040
      826880          128         108.228    211681280     13230080
      826880          256         207.375    423362560     26460160
      826880          512         415.162    846725120     52920320
      826880         1024         783.469   1693450240    105840640
      909440            1           9.103      1818880       113680
      909440            2           9.980      3637760       227360
      909440            4          12.864      7275520       454720
      909440            8          16.899     14551040       909440
      909440           16          20.872     29102080      1818880
      909440           32          34.182     58204160      3637760
      909440           64          60.851    116408320      7275520
      909440          128         113.191    232816640     14551040
      909440          256         229.534    465633280     29102080
      909440          512         429.778    931266560     58204160
      909440         1024         856.489   1862533120    116408320
     1000320            1          12.819      2000640       125040
     1000320            2          12.996      4001280       250080
     1000320            4          12.368      8002560       500160
     1000320            8          15.399     16005120      1000320
     1000320           16          22.927     32010240      2000640
     1000320           32          36.617     64020480      4001280
     1000320           64          65.532    128040960      8002560
     1000320          128         123.436    256081920     16005120
     1000320          256         241.016    512163840     32010240
     1000320          512         459.277   1024327680     64020480
     1000320         1024         980.877   2048655360    128040960
     1100160            1          10.418      2200320       137520
     1100160            2          11.978      4400640       275040
     1100160            4          13.280      8801280       550080
     1100160            8          16.230     17602560      1100160
     1100160           16          24.014     35205120      2200320
     1100160           32          40.366     70410240      4400640
     1100160           64          71.519    140820480      8801280
     1100160          128         137.964    281640960     17602560
     1100160          256         276.135    563281920     35205120
     1100160          512         536.997   1126563840     70410240
     1209600            1          11.024      2419200       151200
     1209600            2          10.570      4838400       302400
     1209600            4          11.242      9676800       604800
     1209600            8          16.832     19353600      1209600
     1209600           16          24.683     38707200      2419200
     1209600           32          43.278     77414400      4838400
     1209600           64          79.300    154828800      9676800
     1209600          128         156.054    309657600     19353600
     1209600          256         297.454    619315200     38707200
     1209600          512         588.353   1238630400     77414400
     1330560            1          11.306      2661120       166320
     1330560            2           9.186      5322240       332640
     1330560            4          12.210     10644480       665280
     1330560            8          20.056     21288960      1330560
     1330560           16          28.072     42577920      2661120
     1330560           32          44.011     85155840      5322240
     1330560           64          82.251    170311680     10644480
     1330560          128         158.484    340623360     21288960
     1330560          256         314.335    681246720     42577920
     1330560          512         655.493   1362493440     85155840
     1463040            1          13.685      2926080       182880
     1463040            2          11.376      5852160       365760
     1463040            4          15.022     11704320       731520
     1463040            8          18.761     23408640      1463040
     1463040           16          29.519     46817280      2926080
     1463040           32          50.228     93634560      5852160
     1463040           64          95.231    187269120     11704320
     1463040          128         183.340    374538240     23408640
     1463040          256         373.906    749076480     46817280
     1463040          512         712.304   1498152960     93634560
     1608960            1          10.008      3217920       201120
     1608960            2          16.316      6435840       402240
     1608960            4          15.142     12871680       804480
     1608960            8          20.009     25743360      1608960
     1608960           16          30.805     51486720      3217920
     1608960           32          56.642    102973440      6435840
     1608960           64         105.102    205946880     12871680
     1608960          128         201.419    411893760     25743360
     1608960          256         397.000    823787520     51486720
     1608960          512         787.516   1647575040    102973440
     1769600            1          10.822      3539200       221200
     1769600            2          13.090      7078400       442400
     1769600            4          16.656     14156800       884800
     1769600            8          22.883     28313600      1769600
     1769600           16          34.569     56627200      3539200
     1769600           32          60.674    113254400      7078400
     1769600           64         115.741    226508800     14156800
     1769600          128         226.137    453017600     28313600
     1769600          256         436.079    906035200     56627200
     1769600          512         864.266   1812070400    113254400
     1946240            1          11.938      3892480       243280
     1946240            2          11.513      7784960       486560
     1946240            4          17.037     15569920       973120
     1946240            8          23.788     31139840      1946240
     1946240           16          39.284     62279680      3892480
     1946240           32          65.750    124559360      7784960
     1946240           64         126.442    249118720     15569920
     1946240          128         245.827    498237440     31139840
     1946240          256         471.085    996474880     62279680
     1946240          512        1007.107   1992949760    124559360
     2140800            1          10.968      4281600       267600
     2140800            2          11.463      8563200       535200
     2140800            4          15.407     17126400      1070400
     2140800            8          25.137     34252800      2140800
     2140800           16          40.772     68505600      4281600
     2140800           32          75.324    137011200      8563200
     2140800           64         140.441    274022400     17126400
     2140800          128         278.844    548044800     34252800
     2140800          256         543.326   1096089600     68505600
     2354560            1          14.807      4709120       294320
     2354560            2          13.143      9418240       588640
     2354560            4          15.554     18836480      1177280
     2354560            8          24.299     37672960      2354560
     2354560           16          42.892     75345920      4709120
     2354560           32          83.375    150691840      9418240
     2354560           64         152.595    301383680     18836480
     2354560          128         302.455    602767360     37672960
     2354560          256         604.792   1205534720     75345920
     2589440            1          24.043      5178880       323680
     2589440            2          19.647     10357760       647360
     2589440            4          18.240     20715520      1294720
     2589440            8          30.792     41431040      2589440
     2589440           16          49.596     82862080      5178880
     2589440           32          86.393    165724160     10357760
     2589440           64         163.881    331448320     20715520
     2589440          128         320.854    662896640     41431040
     2589440          256         636.595   1325793280     82862080
     2848000            1          15.115      5696000       356000
     2848000            2          16.209     11392000       712000
     2848000            4          21.315     22784000      1424000
     2848000            8          30.532     45568000      2848000
     2848000           16          55.516     91136000      5696000
     2848000           32          93.353    182272000     11392000
     2848000           64         184.881    364544000     22784000
     2848000          128         353.167    729088000     45568000
     2848000          256         697.081   1458176000     91136000
     3132800            1          15.165      6265600       391600
     3132800            2          23.959     12531200       783200
     3132800            4          20.374     25062400      1566400
     3132800            8          40.164     50124800      3132800
     3132800           16          54.192    100249600      6265600
     3132800           32         102.029    200499200     12531200
     3132800           64         201.703    400998400     25062400
     3132800          128         404.811    801996800     50124800
     3132800          256         792.193   1603993600    100249600
     3445760            1          17.882      6891520       430720
     3445760            2          16.485     13783040       861440
     3445760            4          22.195     27566080      1722880
     3445760            8          33.266     55132160      3445760
     3445760           16          65.812    110264320      6891520
     3445760           32         114.852    220528640     13783040
     3445760           64         221.450    441057280     27566080
     3445760          128         437.765    882114560     55132160
     3445760          256         874.320   1764229120    110264320
     3790080            1          19.524      7580160       473760
     3790080            2          16.292     15160320       947520
     3790080            4          25.306     30320640      1895040
     3790080            8          35.531     60641280      3790080
     3790080           16          73.182    121282560      7580160
     3790080           32         127.979    242565120     15160320
     3790080           64         247.922    485130240     30320640
     3790080          128         464.545    970260480     60641280
     3790080          256         926.411   1940520960    121282560
     4168960            1          17.761      8337920       521120
     4168960            2          17.127     16675840      1042240
     4168960            4          25.202     33351680      2084480
     4168960            8          40.938     66703360      4168960
     4168960           16          73.479    133406720      8337920
     4168960           32         137.454    266813440     16675840
     4168960           64         257.200    533626880     33351680
     4168960          128         512.305   1067253760     66703360
     4168960          256        1055.897   2134507520    133406720
     4585600            1          20.026      9171200       573200
     4585600            2          14.359     18342400      1146400
     4585600            4          31.834     36684800      2292800
     4585600            8          41.380     73369600      4585600
     4585600           16          76.496    146739200      9171200
     4585600           32         148.453    293478400     18342400
     4585600           64         291.242    586956800     36684800
     4585600          128         584.705   1173913600     73369600
     5043840            1          18.688     10087680       630480
     5043840            2          17.444     20175360      1260960
     5043840            4          28.103     40350720      2521920
     5043840            8          44.738     80701440      5043840
     5043840           16          85.939    161402880     10087680
     5043840           32         164.552    322805760     20175360
     5043840           64         324.795    645611520     40350720
     5043840          128         643.953   1291223040     80701440
     5548160            1          22.892     11096320       693520
     5548160            2          18.841     22192640      1387040
     5548160            4          29.188     44385280      2774080
     5548160            8          50.533     88770560      5548160
     5548160           16          97.014    177541120     11096320
     5548160           32         184.250    355082240     22192640
     5548160           64         354.510    710164480     44385280
     5548160          128         680.462   1420328960     88770560
     6102400            1          24.638     12204800       762800
     6102400            2          20.398     24409600      1525600
     6102400            4          31.100     48819200      3051200
     6102400            8          54.838     97638400      6102400
     6102400           16         102.763    195276800     12204800
     6102400           32         191.857    390553600     24409600
     6102400           64         375.762    781107200     48819200
     6102400          128         755.738   1562214400     97638400
     6712320            1          25.421     13424640       839040
     6712320            2          21.832     26849280      1678080
     6712320            4          33.061     53698560      3356160
     6712320            8          57.232    107397120      6712320
     6712320           16         113.738    214794240     13424640
     6712320           32         206.399    429588480     26849280
     6712320           64         410.462    859176960     53698560
     6712320          128         872.279   1718353920    107397120
     7383040            1          33.143     14766080       922880
     7383040            2          23.676     29532160      1845760
     7383040            4          35.662     59064320      3691520
     7383040            8          64.576    118128640      7383040
     7383040           16         121.003    236257280     14766080
     7383040           32         239.364    472514560     29532160
     7383040           64         468.729    945029120     59064320
     7383040          128         933.386   1890058240    118128640
     8120960            1          29.917     16241920      1015120
     8120960            2          25.284     32483840      2030240
     8120960            4          40.544     64967680      4060480
     8120960            8          69.948    129935360      8120960
     8120960           16         133.758    259870720     16241920
     8120960           32         264.098    519741440     32483840
     8120960           64         507.389   1039482880     64967680
     8120960          128         989.434   2078965760    129935360
     8932480            1          31.958     17864960      1116560
     8932480            2          24.827     35729920      2233120
     8932480            4          44.508     71459840      4466240
     8932480            8          77.164    142919680      8932480
     8932480           16         144.244    285839360     17864960
     8932480           32         280.636    571678720     35729920
     8932480           64         550.962   1143357440     71459840
     9825280            1          33.617     19650560      1228160
     9825280            2          26.162     39301120      2456320
     9825280            4          43.421     78602240      4912640
     9825280            8          84.912    157204480      9825280
     9825280           16         155.019    314408960     19650560
     9825280           32         300.455    628817920     39301120
     9825280           64         636.644   1257635840     78602240
    10807680            1          39.317     21615360      1350960
    10807680            2          30.294     43230720      2701920
    10807680            4          48.140     86461440      5403840
    10807680            8          89.522    172922880     10807680
    10807680           16         177.669    345845760     21615360
    10807680           32         343.970    691691520     43230720
    10807680           64         685.987   1383383040     86461440
    11888000            1          39.186     23776000      1486000
    11888000            2          32.656     47552000      2972000
    11888000            4          60.729     95104000      5944000
    11888000            8          98.441    190208000     11888000
    11888000           16         194.515    380416000     23776000
    11888000           32         378.452    760832000     47552000
    11888000           64         763.663   1521664000     95104000
    13076480            1          45.967     26152960      1634560
    13076480            2          32.920     52305920      3269120
    13076480            4          57.490    104611840      6538240
    13076480            8         107.835    209223680     13076480
    13076480           16         204.124    418447360     26152960
    13076480           32         406.420    836894720     52305920
    13076480           64         792.335   1673789440    104611840
    14384000            1          49.828     28768000      1798000
    14384000            2          36.616     57536000      3596000
    14384000            4          62.471    115072000      7192000
    14384000            8         117.804    230144000     14384000
    14384000           16         226.134    460288000     28768000
    14384000           32         440.562    920576000     57536000
    14384000           64         870.433   1841152000    115072000
    15822080            1          53.442     31644160      1977760
    15822080            2          40.359     63288320      3955520
    15822080            4          70.732    126576640      7911040
    15822080            8         130.358    253153280     15822080
    15822080           16         251.523    506306560     31644160
    15822080           32         498.989   1012613120     63288320
    15822080           64         999.400   2025226240    126576640
    17404160            1          58.941     34808320      2175520
    17404160            2          43.375     69616640      4351040
    17404160            4          73.506    139233280      8702080
    17404160            8         139.987    278466560     17404160
    17404160           16         277.496    556933120     34808320
    17404160           32         554.760   1113866240     69616640
    19144320            1          62.575     38288640      2393040
    19144320            2          53.786     76577280      4786080
    19144320            4          81.382    153154560      9572160
    19144320            8         151.261    306309120     19144320
    19144320           16         293.061    612618240     38288640
    19144320           32         586.792   1225236480     76577280
    21058560            1          67.248     42117120      2632320
    21058560            2          48.391     84234240      5264640
    21058560            4          90.225    168468480     10529280
    21058560            8         166.510    336936960     21058560
    21058560           16         330.212    673873920     42117120
    21058560           32         646.498   1347747840     84234240
    23164160            1          74.207     46328320      2895520
    23164160            2          50.291     92656640      5791040
    23164160            4          94.688    185313280     11582080
    23164160            8         183.352    370626560     23164160
    23164160           16         351.882    741253120     46328320
    23164160           32         745.210   1482506240     92656640
    25480320            1          81.775     50960640      3185040
    25480320            2          56.405    101921280      6370080
    25480320            4         106.310    203842560     12740160
    25480320            8         203.936    407685120     25480320
    25480320           16         411.970    815370240     50960640
    25480320           32         804.074   1630740480    101921280
    28028160            1          87.343     56056320      3503520
    28028160            2          59.786    112112640      7007040
    28028160            4         120.539    224225280     14014080
    28028160            8         224.181    448450560     28028160
    28028160           16         446.418    896901120     56056320
    28028160           32         864.052   1793802240    112112640
    30830720            1          91.961     61661440      3853840
    30830720            2          69.293    123322880      7707680
    30830720            4         120.917    246645760     15415360
    30830720            8         236.039    493291520     30830720
    30830720           16         472.726    986583040     61661440
    30830720           32         945.290   1973166080    123322880
    33913600            1          89.597     67827200      4239200
    33913600            2          78.497    135654400      8478400
    33913600            4         137.878    271308800     16956800
    33913600            8         289.154    542617600     33913600
    33913600           16         546.834   1085235200     67827200
    37304960            1          94.860     74609920      4663120
    37304960            2          86.017    149219840      9326240
    37304960            4         155.043    298439680     18652480
    37304960            8         300.128    596879360     37304960
    37304960           16         597.038   1193758720     74609920
    41034880            1          96.789     82069760      5129360
    41034880            2          92.614    164139520     10258720
    41034880            4         169.996    328279040     20517440
    41034880            8         401.884    656558080     41034880
    41034880           16         739.946   1313116160     82069760
    45137920            1         102.892     90275840      5642240
    45137920            2         119.886    180551680     11284480
    45137920            4         211.585    361103360     22568960
    45137920            8         410.577    722206720     45137920
    45137920           16         819.614   1444413440     90275840
    49651200            1         115.794     99302400      6206400
    49651200            2         136.080    198604800     12412800
    49651200            4         255.630    397209600     24825600
    49651200            8         465.423    794419200     49651200
    49651200           16         970.438   1588838400     99302400
    54616320            1         133.787    109232640      6827040
    54616320            2         171.272    218465280     13654080
    54616320            4         311.203    436930560     27308160
    54616320            8         555.128    873861120     54616320
    54616320           16        1087.604   1747722240    109232640
    60077440            1         158.195    120154880      7509680
    60077440            2         209.766    240309760     15019360
    60077440            4         354.468    480619520     30038720
    60077440            8         641.004    961239040     60077440
    60077440           16        1204.398   1922478080    120154880
    66085120            1         177.068    132170240      8260640
    66085120            2         249.012    264340480     16521280
    66085120            4         414.921    528680960     33042560
    66085120            8         706.877   1057361920     66085120
    66085120           16        1407.614   2114723840    132170240
    72693120            1         207.368    145386240      9086640
    72693120            2         288.554    290772480     18173280
    72693120            4         477.648    581544960     36346560
    72693120            8         850.872   1163089920     72693120
    79962240            1         240.848    159924480      9995280
    79962240            2         399.829    319848960     19990560
    79962240            4         567.214    639697920     39981120
    79962240            8         977.348   1279395840     79962240
    87958400            1         297.008    175916800     10994800
    87958400            2         814.718    351833600     21989600
    87958400            4        1109.129    703667200     43979200
    87958400            8        1869.783   1407334400     87958400
    96753920            1         555.662    193507840     12094240
    96753920            2        1435.723    387015680     24188480
    96753920            4        2071.242    774031360     48376960
    96753920            8        3462.753   1548062720     96753920
   106428800            1         901.251    212857600     13303600
   106428800            2        2224.515    425715200     26607200
   106428800            4        3263.918    851430400     53214400
   106428800            8        5416.253   1702860800    106428800
   117071360            1        1323.439    234142720     14633920
   117071360            2        3086.919    468285440     29267840
   117071360            4        4623.287    936570880     58535680
   117071360            8        7574.231   1873141760    117071360
   128778240            1        1808.406    257556480     16097280
   128778240            2        3996.971    515112960     32194560
   128778240            4        5954.959   1030225920     64389120
   128778240            8        9874.332   2060451840    128778240
   141655680            1        2304.123    283311360     17706960
   141655680            2        4926.205    566622720     35413920
   141655680            4        7379.110   1133245440     70827840
   155820800            1        2813.396    311641600     19477600
   155820800            2        5878.766    623283200     38955200
   155820800            4        8811.418   1246566400     77910400
   171402880            1        3354.428    342805760     21425360
   171402880            2        6908.281    685611520     42850720
   171402880            4       10342.341   1371223040     85701440
   188542720            1        3920.031    377085440     23567840
   188542720            2        7965.376    754170880     47135680
   188542720            4       11949.422   1508341760     94271360
   207396480            1        4493.590    414792960     25924560
   207396480            2        9126.265    829585920     51849120
   207396480            4       13663.519   1659171840    103698240
   228135680            1        5137.221    456271360     28516960
   228135680            2       10412.035    912542720     57033920
   228135680            4       15569.898   1825085440    114067840
   250949120            1        5850.151    501898240     31368640
   250949120            2       11793.608   1003796480     62737280
   250949120            4       17676.361   2007592960    125474560
   276043520            1        6627.899    552087040     34505440
   276043520            2       13321.658   1104174080     69010880
   303647360            1        7466.669    607294720     37955920
   303647360            2       15022.860   1214589440     75911840
   334011520            1        8362.753    668023040     41751440
   334011520            2       16858.603   1336046080     83502880
   367412480            1        9412.358    734824960     45926560
   367412480            2       18932.259   1469649920     91853120
   404153600            1       10522.859    808307200     50519200
   404153600            2       21171.653   1616614400    101038400
   444568960            1       11773.820    889137920     55571120
   444568960            2       23596.781   1778275840    111142240
   489025280            1       13097.091    978050560     61128160
   489025280            2       26385.388   1956101120    122256320
   537927680            1       14624.730   1075855360     67240960
   591720320            1       16241.101   1183440640     73965040
   650892160            1       18086.552   1301784320     81361520
   715980800            1       20118.166   1431961600     89497600
   787578880            1       22309.793   1575157760     98447360
   866336640            1       24690.750   1732673280    108292080
   952970240            1       27405.565   1905940480    119121280
  1048266880            1       30288.222   2096533760    131033360

META_DATA
FLOPS          1
OPENMP_THREADS 80
ERT_VERSION  1.1.0
TIMESTAMP_DATA  1634099604.42
HOSTNAME  ('pmemMachine0', ['pmemMachine0.local'], ['fe80::f035:4ef3:770d:269e'])
UNAME  ('Linux', 'pmemMachine0', '5.9.13-derrick-pmo', '#120 SMP Tue Sep 28 02:02:07 EDT 2021', 'x86_64', 'x86_64')
CONFIG  {'ERT_WORKING_SET_MIN': ['1'], 'ERT_CFLAGS': ['-O3'], 'ERT_CC': ['gcc'], 'ERT_OPENMP_LDFLAGS': ['-fopenmp'], 'ERT_MEMORY_MAX': ['1073741824'], 'ERT_LDFLAGS': [], 'ERT_LDLIBS': [], 'ERT_SPEC_GBYTES_DRAM': ['300'], 'ERT_RUN': ['export', 'KMP_AFFINITY=scatter;', 'export', 'OMP_NUM_THREADS=ERT_OPENMP_THREADS;', 'ERT_CODE'], 'ERT_FLOPS': ['1,2,4,8,16'], 'ERT_OPENMP_CFLAGS': ['-fopenmp'], 'ERT_SPEC_GFLOPS': ['1000'], 'ERT_MPI': [False], 'ERT_TRIALS_MIN': ['1'], 'ERT_DRIVER': ['driver1'], 'ERT_RESULTS': ['Results.madonna.lbl.gov.02'], 'ERT_OPENMP': ['True'], 'ERT_OPENMP_THREADS': ['1,2,4,8,16,32,48,64,80,96,112,128,144,160'], 'ERT_KERNEL': ['kernel1'], 'ERT_GPU': [False], 'ERT_LD': ['gcc'], 'ERT_NUM_EXPERIMENTS': ['3'], 'ERT_ALIGN': ['32'], 'ERT_GNUPLOT': ['gnuplot']}
