1024 1048576 7725.837 7736.869 14174.712 151.501042702 277.564948818 277.961293773 9.46881516887 17.3478093012 17.3725808608
2048 524288 4437.748 5708.085 8758.237 245.195882231 376.217881829 483.912932415 15.3247426394 23.5136176143 30.244558276
3072 262144 3911.566 5046.975 5250.634 306.746335014 319.124373709 411.756502639 19.1716459384 19.9452733568 25.7347814149
4096 262144 3584.669 3975.157 6018.818 356.794913553 540.226121383 599.07446071 22.299682097 33.7641325865 37.4421537944
5120 131072 3007.538 3479.803 4592.85 292.231899583 385.704960884 446.271096159 18.2644937239 24.1065600553 27.8919435099
6144 131072 2896.921 3603.065 4723.31 340.992383731 447.011845748 555.973993077 21.3120239832 27.9382403592 34.7483745673
7168 131072 3112.992 5222.288 6156.462 305.215591682 359.813206778 603.614847709 19.0759744801 22.4883254236 37.7259279818
8192 131072 3109.108 3426.893 5439.635 394.784511828 626.65617164 690.707317983 24.6740319893 39.1660107275 43.1692073739
9216 65536 2103.253 2704.394 3675.652 328.638171405 446.665519891 574.329171051 20.5398857128 27.9165949932 35.8955731907
10240 65536 1909.96 2034.11 3426.969 391.651421416 659.835151491 702.725334562 24.4782138385 41.2396969682 43.9203334101
11264 65536 2161.194 2387.064 2680.097 550.873721362 618.498292463 683.138583579 34.4296075851 38.6561432789 42.6961614737
12288 65536 2588.928 3814.491 4734.102 340.215047331 422.235295876 622.115692673 21.2634404582 26.3897059922 38.882230792
13312 65536 2764.25 4094.79 4558.4 382.772565813 426.109877185 631.212974224 23.9232853633 26.6318673241 39.450810889
14336 65536 2655.445 4426.569 4453.783 421.899358815 424.493144013 707.620828901 26.3687099259 26.5308215008 44.2263018063
15360 65536 2913.234 3055.497 5151.47 390.813868663 658.899655277 691.075938287 24.4258667914 41.1812284548 43.1922461429
16384 65536 4710.86 4716.695 4764.624 450.714190249 455.294151519 455.858091304 28.1696368906 28.45588447 28.4911307065
17408 32768 2551.746 3174.879 3338.196 341.756651796 359.336745747 447.086304044 21.3597907373 22.4585466092 27.9428940028
18432 32768 1744.114 2222.573 3447.909 350.345543342 543.496007555 692.59208515 21.8965964589 33.9685004722 43.2870053219
19456 32768 3184.719 3475.574 4451.763 286.418754997 366.865564077 400.370775569 17.9011721873 22.9290977548 25.0231734731
20480 32768 1725.695 1795.358 2957.126 453.878962209 747.581975294 777.760426958 28.367435138 46.7238734559 48.6100266849
22528 32768 2409.075 3012.398 3307.301 446.404789888 490.10622368 612.847257972 27.900299368 30.63163898 38.3029536233
24576 32768 3606.919 3848.32 4377.621 367.919638543 418.523598869 446.534212717 22.994977409 26.1577249293 27.9083882948
26624 32768 3911.016 3921.365 4544.475 383.945442323 444.954872602 446.13227458 23.9965901452 27.8096795376 27.8832671613
28672 32768 3145.871 4014.259 4265.535 440.518760718 468.09341201 597.306180705 27.5324225449 29.2558382506 37.3316362941
30720 32768 2502.309 4318.516 5061.222 397.782575038 466.193924024 804.563273361 24.8614109399 29.1371202515 50.285204585
33792 16384 2543.049 2849.09 3197.685 346.280592366 388.64909708 435.420731571 21.6425370229 24.2905685675 27.2137957232
36864 16384 1891.344 2634.425 3119.842 387.18613058 458.528730937 638.677867167 24.1991331612 28.6580456836 39.917366698
39936 16384 2231.862 3092.641 3537.768 369.90069671 423.140884441 586.336811147 23.1187935444 26.4463052776 36.6460506967
43008 16384 3081.786 3855.48 3863.271 364.790910086 365.528064988 457.295264499 22.7994318804 22.8455040618 28.5809540312
47104 16384 1734.775 3944.56 4074.74 378.798125034 391.29937737 889.742976467 23.6748828146 24.4562110856 55.6089360292
51200 16384 2160.154 3557.295 4363.208 384.515613283 471.628470509 776.66758944 24.0322258302 29.4767794068 48.54172434
56320 16384 3942.596 3961.051 4274.862 431.708382633 465.910123349 468.091014144 26.9817739146 29.1193827093 29.255688384
61440 16384 4208.24 4359.204 5083.911 396.00731012 461.842556577 478.410432865 24.7504568825 28.8651597861 29.9006520541
67584 8192 2514.563 2748.808 2972.907 372.462460481 402.827791537 440.35335603 23.27890378 25.1767369711 27.5220847519
73728 8192 1532.016 2263.242 3329.955 362.755518318 533.729734602 788.477112511 22.6722198949 33.3581084126 49.2798195319
80896 8192 2969.059 2973.34 3467.314 382.255562663 445.761353898 446.404084257 23.8909726665 27.8600846186 27.9002552661
88064 8192 2316.275 3350.906 4127.948 349.529736324 430.582229403 622.914194558 21.8456085203 26.9113893377 38.9321371599
96256 8192 2536.876 3005.02 3309.854 476.473676482 524.807922743 621.653681142 29.7796047802 32.8004951714 38.8533550714
105472 8192 3554.57 3654.782 3672.214 470.575311787 472.819787336 486.149730628 29.4109569867 29.5512367085 30.3843581643
115712 8192 2786.619 4838.607 4925.432 384.905406876 391.812231909 680.331759742 24.0565879297 24.4882644943 42.5207349839
126976 8192 2536.977 4362.763 5014.224 414.894664459 476.847993806 820.021144851 25.9309165287 29.8029996129 51.2513215532
139264 4096 1762.602 2533.496 2621.289 435.225069803 450.306883453 647.253712409 27.2015668627 28.1441802158 40.4533570256
152576 4096 2011.919 2772.354 3226.415 387.396721129 450.845235493 621.248962806 24.2122950705 28.1778272183 38.8280601754
166912 4096 2483.65 2933.19 3149.044 434.208954845 466.162472939 550.537758541 27.1380596778 29.1351545587 34.4086099088
183296 4096 1891.178 2246.885 3255.214 461.278684596 668.285574028 793.981757402 28.8299177873 41.7678483768 49.6238598376
200704 4096 3515.28 3630.397 3811.032 431.423081202 452.889082929 467.72011561 26.9639425751 28.3055676831 29.2325072256
220160 4096 2759.641 3876.057 4743.413 380.222156494 465.305520533 653.545414059 23.7638847809 29.0815950333 40.8465883787
241664 4096 3752.581 3818.587 4372.597 452.754161429 518.440849456 527.55996153 28.2971350893 32.402553091 32.9724975957
265216 2048 1597.258 2459.175 2527.208 429.85173203 441.743566847 680.118513102 26.8657332519 27.6089729279 42.5074070689
290816 2048 1226.07 2773.633 2829.289 421.018261478 429.466456449 971.545128745 26.3136413424 26.8416535281 60.7215705465
319488 2048 1815.864 2724.182 2730.605 479.242822744 480.372768046 720.661265381 29.9526764215 30.0232980029 45.0413290863
351232 2048 1019.772 2728.247 3057.694 470.50040717 527.315258479 1410.75286633 29.4062754481 32.9572036549 88.1720541454
386048 2048 1961.71 3392.22 4078.624 387.692664977 466.140936614 806.058289961 24.2307915611 29.1338085384 50.3786431226
423936 2048 3148.463 3648.506 3698.503 469.498566312 475.932301057 551.520489839 29.3436603945 29.7457688161 34.4700306149
465920 2048 2268.189 2462.805 4034.533 473.01839395 774.892173761 841.379761563 29.5636496219 48.4307608601 52.5862350977
512000 2048 2589.754 4231.647 4369.256 479.97920012 495.587651806 809.788111149 29.9987000075 30.9742282378 50.6117569468
563200 1024 1853.317 1863.016 3063.655 376.489389308 619.121682261 622.361743836 23.5305868317 38.6951051413 38.8976089897
619520 1024 1889.928 2520.698 2856.429 444.182915101 503.343502474 671.336135556 27.7614321938 31.4589689046 41.9585084723
680960 1024 2675.277 3613.494 3840.019 363.176869698 385.943931275 521.294086556 22.6985543561 24.1214957047 32.5808804098
748544 1024 1571.099 1888.098 2956.107 518.593580002 811.937787128 975.761624188 32.4120987501 50.7461116955 60.9851015117
823296 1024 1877.537 2159.61 4367.801 386.031828831 780.747546085 898.043664652 24.1269893019 48.7967216303 56.1277290408
905216 1024 3907.098 4077.366 4485.074 413.344878591 454.676467111 474.490879932 25.8340549119 28.4172791945 29.6556799957
995328 1024 2305.335 4255.011 4369.352 466.529532068 479.066151415 884.223656865 29.1580957542 29.9416344635 55.2639785541
1094656 512 1615.475 2430.703 2716.659 412.612603937 461.153725486 693.868827435 25.7882877461 28.8221078429 43.3668017147
1203200 512 2573.38 2575.789 3221.105 382.501284497 478.329863199 478.777638747 23.9063302811 29.8956164499 29.9236024217
1323008 512 1625.938 1897.546 2430.275 557.451396241 713.953807707 833.217620844 34.8407122651 44.6221129817 52.0761013028
1455104 512 2827.827 3218.037 3848.182 387.202709227 463.023419557 526.915718677 24.2001693267 28.9389637223 32.9322324173
1600512 512 3314.871 3474.203 3491.626 469.387124509 471.741083638 494.415706675 29.3366952818 29.4838177274 30.9009816672
1760256 512 2228.594 2697.332 3854.195 467.67279393 668.253720343 808.806872853 29.2295496206 41.7658575214 50.5504295533
1935360 512 2875.535 3231.352 4072.484 486.633867684 613.30633122 689.19649387 30.4146167302 38.3316457012 43.0747808669
2128896 256 1401.742 1763.912 2479.569 439.590409462 617.941684166 777.600123275 27.4744005914 38.6213552604 48.6000077047
2340864 256 2106.074 2446.891 2557.032 468.716217865 489.814367702 569.078944045 29.2947636166 30.6133979814 35.5674340028
2574336 256 1086.584 2869.028 3551.227 371.156231916 459.409957658 1213.03095941 23.1972644948 28.7131223536 75.8144349632
2831360 256 1737.791 1803.825 2358.764 614.583027382 803.656851413 834.194860026 38.4114392114 50.2285532133 52.1371787516
3113984 256 2315.149 2561.576 3334.534 478.135717914 622.413626611 688.664016009 29.8834823697 38.9008516632 43.0415010006
3425280 256 1994.448 3858.687 4170.453 420.516274851 454.492256045 879.312651922 26.2822671782 28.4057660028 54.9570407451
3767296 256 2112.377 2964.36 4908.128 392.992104525 650.68195226 913.120883251 24.5620065328 40.6676220162 57.0700552032
4143104 256 4178.407 4249.127 4427.599 479.101483219 499.224722631 507.674156204 29.9438427012 31.2015451645 31.7296347627
4556800 128 1757.34 2460.032 2649.612 440.268537431 474.197408814 663.810531827 27.5167835894 29.6373380509 41.4881582392
5012480 128 1922.332 2863.359 3471.698 369.615928574 448.143205236 667.519908112 23.1009955359 28.0089503272 41.719994257
5513216 128 2327.634 2603.655 3292.731 428.636076254 542.077693089 606.359632141 26.7897547659 33.8798558181 37.8974770088
6064128 128 2326.188 4025.813 4116.984 377.076220845 385.615717372 667.365134718 23.5672638028 24.1009823357 41.7103209199
6670336 128 2064.541 3101.096 3482.626 490.321388515 550.645970328 827.111699889 30.6450867822 34.4153731455 51.694481243
7336960 128 3114.179 3399.031 3868.13 485.573587237 552.587416826 603.132241275 30.3483492023 34.5367135516 37.6957650797
8070144 128 4215.273 4225.481 4376.817 472.022674012 488.92821054 490.1122333 29.5014171257 30.5580131587 30.6320145813
8877056 64 1470.379 1827.112 2895.918 392.367176142 621.890266169 772.7689038 24.5229485089 38.8681416355 48.2980564875
9763840 64 1320.221 1744.663 2378.402 525.466897522 716.339785964 946.638115891 32.8416810951 44.7712366228 59.1648822432
10739712 64 1754.592 2296.146 2796.101 491.642875561 598.691518745 783.477375937 30.7276797226 37.4182199216 48.9673359961
11812864 64 1806.142 2031.877 3303.351 457.731131811 744.16246259 837.169276834 28.6081957382 46.5101539119 52.3230798021
12993536 64 3010.159 3380.583 3842.546 432.830890769 491.978042841 552.519852938 27.051930673 30.7486276775 34.5324908086
14291968 64 2274.405 4074.779 4650.461 393.374313643 448.949968575 804.329881442 24.5858946027 28.0593730359 50.2706175901
15720448 64 2528.809 2587.247 4227.398 475.994298147 777.744584881 795.717408472 29.7496436342 48.6090365551 49.7323380295
17292288 32 1409.906 1759.391 2695.983 410.502006875 629.028130757 784.950508757 25.6563754297 39.3142581723 49.0594067973
19020800 32 1710.24 2702.372 3269.083 372.376963203 450.467663223 711.789690336 23.2735602002 28.1542289515 44.486855646
20922368 32 1986.279 2994.965 3026.018 442.506142396 447.094223806 674.140718399 27.6566338997 27.9433889879 42.1337948999
23014400 32 2584.961 3128.942 3160.469 466.045261004 470.741100346 569.804186601 29.1278288127 29.4213187716 35.6127616626
25315328 32 3108.934 3468.635 3632.897 445.974931852 467.094690563 521.137146044 27.8734332407 29.1934181602 32.5710716278
27846656 32 1997.611 2084.265 3864.912 461.119421089 855.066886408 892.158675538 28.8199638181 53.4416804005 55.7599172211
30630912 32 2724.076 3798.399 3919.067 500.215578861 516.106488023 719.648926095 31.2634736788 32.2566555014 44.9780578809
33693696 16 1419.526 2164.11 2434.18 442.941061055 498.217868777 759.548097041 27.683816316 31.1386167986 47.4717560651
37062656 16 1731.891 2027.055 2193.526 540.684264513 585.087721843 684.803484746 33.7927665321 36.5679826152 42.8002177966
40768512 16 1506.469 1756.111 2884.904 452.213447657 742.887200183 865.993514636 28.2633404786 46.4304500114 54.1245946647
44845056 16 2069.755 2586.34 3906.621 367.335810666 554.85426974 693.338966206 22.9584881666 34.6783918588 43.3336853879
49329152 16 1815.42 2060.074 2708.283 582.853735743 766.250563815 869.513866764 36.428358484 47.8906602384 54.3446166727
54261760 16 2046.222 2132.044 2585.059 671.696978676 814.41861425 848.576703799 41.9810611673 50.9011633906 53.0360439874
59687936 16 2038.853 3746.369 3899.676 489.787857248 509.830705945 936.808073951 30.611741078 31.8644191216 58.550504622
65655808 16 2395.321 2551.088 4276.686 491.264931772 823.564634383 877.120793413 30.7040582357 51.472789649 54.8200495883
72220672 8 1618.303 1839.56 2127.153 543.228790783 628.156054709 714.038565089 33.9517994239 39.2597534193 44.6274103181
79441920 8 1575.895 1960.341 2530.312 502.337545726 648.392662297 806.570691575 31.3960966078 40.5245413936 50.4106682235
87386112 8 2031.338 2843.811 3040.804 459.805298862 491.656369569 688.303862774 28.7378311789 30.7285230981 43.0189914234
96123904 8 3411.953 3427.811 3707.995 414.774686589 448.677731649 450.763086127 25.9234179118 28.042358228 28.1726928829
105736192 8 2987.378 4242.233 8095.167 208.986308992 398.794472628 566.3090081 13.061644312 24.9246545392 35.3943130063
116308992 8 3676.255 10346.207 13854.619 134.319382727 179.86725686 506.206417128 8.39496142045 11.2417035538 31.6379010705
127939584 8 8272.044 11082.222 12225.583 167.438505305 184.713259128 247.46402993 10.4649065816 11.5445786955 15.4665018706
140733440 4 4814.196 9365.096 19642.545 57.3178027593 120.219538593 233.864080316 3.58236267245 7.51372116207 14.6165050197
154806272 4 15966.15 16213.641 20497.792 60.4187112446 76.3832242246 77.5672391904 3.77616945279 4.77395151404 4.8479524494
170286080 4 10135.349 14322.742 28106.039 48.4696061227 95.113675859 134.409642924 3.02935038267 5.94460474119 8.40060268275
187314176 4 13095.329 21924.488 27290.781 54.909143421 68.3488439046 114.431138614 3.43182146381 4.27180274404 7.1519461634
206045184 4 13888.681 17543.325 23785.86 69.3000577654 93.9594673188 118.683802443 4.33125361034 5.87246670742 7.4177376527
226649088 4 18746.586 24592.684 26311.885 68.9115471583 73.7289473569 96.7212218801 4.30697169739 4.6080592098 6.0450763675
249313280 4 27437.771 34192.096 46862.931 42.560424571 58.3323771669 72.6919923634 2.66002653569 3.64577357293 4.54324952271
274244608 2 19321.993 24773.524 38873.859 28.2189229528 44.2802740539 56.7735653356 1.76368268455 2.76751712837 3.54834783348
301668352 2 25089.014 29659.76 33373.89 36.1562109781 40.6838561067 48.0956887345 2.25976318613 2.54274100667 3.00598054591
331834368 2 13031.898 24899.413 32738.287 40.5438889335 53.3079824814 101.852966621 2.53399305834 3.33174890508 6.3658104138
365017088 2 22237.406 43135.245 49066.418 29.7569786325 33.8486161838 65.6582135524 1.85981116453 2.11553851149 4.10363834703
401518592 2 18962.256 41049.166 44904.778 35.7662244316 39.1256272539 84.6984856654 2.23538902698 2.44535170337 5.29365535409
441669632 2 44412.718 44675.27 51498.153 34.305667778 39.5448875407 39.7786626795 2.14410423613 2.47155547129 2.48616641747
485835776 2 31983.71 42424.759 43995.19 44.1717174991 45.8068154023 60.7604028426 2.76073234369 2.86292596264 3.79752517766
534418432 2 46045.152 57485.539 67748.222 31.553207817 37.1862865894 46.4255982476 1.97207548856 2.32414291184 2.90159989047
587859968 1 15016.845 32812.99 40928.853 28.7259439203 35.830929641 78.2934055722 1.79537149502 2.23943310256 4.89333784826
646645760 1 19192.525 34410.728 50716.908 25.5002043894 37.5839627688 67.3851679234 1.59376277434 2.34899767305 4.21157299522
711310336 1 14547.299 37619.195 49435.074 28.7775572461 37.816350722 97.7927704655 1.79859732788 2.36352192013 6.11204815409
782440448 1 29545.165 32077.096 48602.972 32.1972264577 48.7849927562 52.965718621 2.0123266536 3.04906204726 3.31035741381
860684288 1 30468.171 41089.556 66609.015 25.8428769139 41.8930926389 56.4972730395 1.61517980712 2.61831828993 3.53107956497
946752512 1 11312.636 30632.041 72838.17 25.9960543215 61.8145236878 167.379647325 1.62475339509 3.86340773049 10.4612279578
1041427456 1 41482.658 43593.294 73991.969 28.1497430079 47.7792504508 50.2102568259 1.759358938 2.98620315317 3.13814105162

META_DATA
ERT_VERSION  1.1.0
HOSTNAME  ('pmemMachine1', ['pmemMachine1.local'], ['fe80::5210:541c:37bc:6d9c'])
CONFIG  {'ERT_WORKING_SET_MIN': ['1'], 'ERT_CFLAGS': ['-O3'], 'ERT_CC': ['gcc'], 'ERT_OPENMP_LDFLAGS': ['-fopenmp'], 'ERT_MEMORY_MAX': ['1073741824'], 'ERT_LDFLAGS': [], 'ERT_LDLIBS': [], 'ERT_SPEC_GBYTES_DRAM': ['300'], 'ERT_RUN': ['export', 'KMP_AFFINITY=scatter;', 'export', 'OMP_NUM_THREADS=ERT_OPENMP_THREADS;', 'ERT_CODE'], 'ERT_FLOPS': ['1,2,4,8,16'], 'ERT_OPENMP_CFLAGS': ['-fopenmp'], 'ERT_SPEC_GFLOPS': ['1000'], 'ERT_MPI': [False], 'ERT_TRIALS_MIN': ['1'], 'ERT_DRIVER': ['driver1'], 'ERT_RESULTS': ['Results.madonna.lbl.gov.02'], 'ERT_OPENMP': ['True'], 'ERT_OPENMP_THREADS': ['1,2,4,8,16,32,48,64,80,96,112,128,144,160'], 'ERT_KERNEL': ['kernel1'], 'ERT_GPU': [False], 'ERT_LD': ['gcc'], 'ERT_NUM_EXPERIMENTS': ['3'], 'ERT_ALIGN': ['32'], 'ERT_GNUPLOT': ['gnuplot']}
OPENMP_THREADS 128
TIMESTAMP_DATA  1634056378.93
FLOPS          1
UNAME  ('Linux', 'pmemMachine1', '5.9.13-derrick-pmo', '#95 SMP Sat Sep 18 09:17:02 EDT 2021', 'x86_64', 'x86_64')
TIMESTAMP_DATA  1634056382.71
TIMESTAMP_DATA  1634056375.76
