        1024            1         336.874         2048          128
        1024            2         248.851         4096          256
        1024            4         211.027         8192          512
        1024            8         202.849        16384         1024
        1024           16         305.470        32768         2048
        1024           32         293.562        65536         4096
        1024           64         266.030       131072         8192
        1024          128           3.754       262144        16384
        1024          256         358.246       524288        32768
        1024          512         280.287      1048576        65536
        1024         1024         266.245      2097152       131072
        1024         2048         272.693      4194304       262144
        1024         4096         270.520      8388608       524288
        1024         8192         466.638     16777216      1048576
        1024        16384         550.422     33554432      2097152
        1024        32768         772.002     67108864      4194304
        1024        65536        1196.002    134217728      8388608
        1024       131072        2084.759    268435456     16777216
        1024       262144        3172.598    536870912     33554432
        1024       524288        3767.654   1073741824     67108864
        1024      1048576        7736.869   2147483648    134217728
        2048            1         335.541         4096          256
        2048            2         322.901         8192          512
        2048            4         294.580        16384         1024
        2048            8         302.330        32768         2048
        2048           16         305.213        65536         4096
        2048           32         360.530       131072         8192
        2048           64         326.742       262144        16384
        2048          128         360.614       524288        32768
        2048          256         366.850      1048576        65536
        2048          512         525.246      2097152       131072
        2048         1024         469.062      4194304       262144
        2048         2048         443.867      8388608       524288
        2048         4096         403.773     16777216      1048576
        2048         8192         511.771     33554432      2097152
        2048        16384         615.772     67108864      4194304
        2048        32768         848.600    134217728      8388608
        2048        65536        1561.603    268435456     16777216
        2048       131072        2537.081    536870912     33554432
        2048       262144        3716.524   1073741824     67108864
        2048       524288        4437.748   2147483648    134217728
        3072            1         316.400         6144          384
        3072            2         313.618        12288          768
        3072            4         296.165        24576         1536
        3072            8         301.367        49152         3072
        3072           16         265.975        98304         6144
        3072           32         281.400       196608        12288
        3072           64         410.943       393216        24576
        3072          128         258.701       786432        49152
        3072          256         364.226      1572864        98304
        3072          512         377.303      3145728       196608
        3072         1024         338.123      6291456       393216
        3072         2048         269.125     12582912       786432
        3072         4096         271.040     25165824      1572864
        3072         8192         532.219     50331648      3145728
        3072        16384         624.881    100663296      6291456
        3072        32768        1079.413    201326592     12582912
        3072        65536        2060.286    402653184     25165824
        3072       131072        2835.201    805306368     50331648
        3072       262144        5250.634   1610612736    100663296
        4096            1         406.063         8192          512
        4096            2         352.182        16384         1024
        4096            4         335.804        32768         2048
        4096            8         320.257        65536         4096
        4096           16         293.798       131072         8192
        4096           32         306.265       262144        16384
        4096           64         368.361       524288        32768
        4096          128         301.150      1048576        65536
        4096          256         335.889      2097152       131072
        4096          512         514.483      4194304       262144
        4096         1024         468.521      8388608       524288
        4096         2048         587.203     16777216      1048576
        4096         4096         438.592     33554432      2097152
        4096         8192         486.858     67108864      4194304
        4096        16384         737.842    134217728      8388608
        4096        32768         929.171    268435456     16777216
        4096        65536        1071.491    536870912     33554432
        4096       131072        1602.424   1073741824     67108864
        4096       262144        3975.157   2147483648    134217728
        5120            1         334.645        10240          640
        5120            2         352.342        20480         1280
        5120            4         374.348        40960         2560
        5120            8         478.232        81920         5120
        5120           16         350.702       163840        10240
        5120           32         297.180       327680        20480
        5120           64         370.103       655360        40960
        5120          128         272.959      1310720        81920
        5120          256         382.682      2621440       163840
        5120          512         358.370      5242880       327680
        5120         1024         560.736     10485760       655360
        5120         2048         426.668     20971520      1310720
        5120         4096         455.462     41943040      2621440
        5120         8192         529.161     83886080      5242880
        5120        16384         626.852    167772160     10485760
        5120        32768         652.420    335544320     20971520
        5120        65536        2057.667    671088640     41943040
        5120       131072        4592.850   1342177280     83886080
        6144            1         363.332        12288          768
        6144            2         457.582        24576         1536
        6144            4         415.443        49152         3072
        6144            8           7.487        98304         6144
        6144           16         465.003       196608        12288
        6144           32         392.808       393216        24576
        6144           64         443.977       786432        49152
        6144          128         397.177      1572864        98304
        6144          256         514.141      3145728       196608
        6144          512         360.793      6291456       393216
        6144         1024         422.335     12582912       786432
        6144         2048         551.400     25165824      1572864
        6144         4096         535.683     50331648      3145728
        6144         8192         544.465    100663296      6291456
        6144        16384         785.624    201326592     12582912
        6144        32768        1408.696    402653184     25165824
        6144        65536         928.146    805306368     50331648
        6144       131072        4723.310   1610612736    100663296
        7168            1         373.131        14336          896
        7168            2         373.949        28672         1792
        7168            4         423.496        57344         3584
        7168            8         440.259       114688         7168
        7168           16         486.802       229376        14336
        7168           32         382.405       458752        28672
        7168           64         392.221       917504        57344
        7168          128         350.230      1835008       114688
        7168          256         366.715      3670016       229376
        7168          512         349.254      7340032       458752
        7168         1024         476.918     14680064       917504
        7168         2048         426.190     29360128      1835008
        7168         4096         448.888     58720256      3670016
        7168         8192         617.955    117440512      7340032
        7168        16384         976.967    234881024     14680064
        7168        32768        1885.181    469762048     29360128
        7168        65536        3311.827    939524096     58720256
        7168       131072        6156.462   1879048192    117440512
        8192            1         390.789        16384         1024
        8192            2         369.690        32768         2048
        8192            4         394.312        65536         4096
        8192            8         419.676       131072         8192
        8192           16         392.101       262144        16384
        8192           32         336.305       524288        32768
        8192           64         378.577      1048576        65536
        8192          128         365.877      2097152       131072
        8192          256         460.417      4194304       262144
        8192          512         530.021      8388608       524288
        8192         1024         423.258     16777216      1048576
        8192         2048         506.378     33554432      2097152
        8192         4096         466.945     67108864      4194304
        8192         8192         665.868    134217728      8388608
        8192        16384        1064.465    268435456     16777216
        8192        32768        1767.816    536870912     33554432
        8192        65536        1732.551   1073741824     67108864
        8192       131072        3109.108   2147483648    134217728
        9216            1           5.320        18432         1152
        9216            2         405.278        36864         2304
        9216            4         518.412        73728         4608
        9216            8         471.335       147456         9216
        9216           16         487.424       294912        18432
        9216           32         462.169       589824        36864
        9216           64         436.039      1179648        73728
        9216          128         475.448      2359296       147456
        9216          256         482.258      4718592       294912
        9216          512         483.761      9437184       589824
        9216         1024         408.158     18874368      1179648
        9216         2048         484.342     37748736      2359296
        9216         4096         478.095     75497472      4718592
        9216         8192         733.055    150994944      9437184
        9216        16384         945.337    301989888     18874368
        9216        32768        1703.747    603979776     37748736
        9216        65536        2704.394   1207959552     75497472
       10240            1         409.646        20480         1280
       10240            2         429.469        40960         2560
       10240            4         462.943        81920         5120
       10240            8         402.189       163840        10240
       10240           16         395.845       327680        20480
       10240           32         480.725       655360        40960
       10240           64         532.557      1310720        81920
       10240          128         424.768      2621440       163840
       10240          256         535.992      5242880       327680
       10240          512         463.251     10485760       655360
       10240         1024         477.664     20971520      1310720
       10240         2048         540.198     41943040      2621440
       10240         4096         541.252     83886080      5242880
       10240         8192         674.393    167772160     10485760
       10240        16384        1341.734    335544320     20971520
       10240        32768        1708.603    671088640     41943040
       10240        65536        2034.110   1342177280     83886080
       11264            1         523.593        22528         1408
       11264            2         450.939        45056         2816
       11264            4         472.503        90112         5632
       11264            8         396.081       180224        11264
       11264           16         481.764       360448        22528
       11264           32           8.579       720896        45056
       11264           64         440.899      1441792        90112
       11264          128         436.556      2883584       180224
       11264          256         398.829      5767168       360448
       11264          512         462.841     11534336       720896
       11264         1024         446.875     23068672      1441792
       11264         2048         481.105     46137344      2883584
       11264         4096         534.313     92274688      5767168
       11264         8192         859.076    184549376     11534336
       11264        16384        1542.287    369098752     23068672
       11264        32768        2769.210    738197504     46137344
       11264        65536        2680.097   1476395008     92274688
       12288            1         436.476        24576         1536
       12288            2         422.722        49152         3072
       12288            4         481.409        98304         6144
       12288            8         462.671       196608        12288
       12288           16         493.590       393216        24576
       12288           32         499.320       786432        49152
       12288           64           8.808      1572864        98304
       12288          128         567.059      3145728       196608
       12288          256         457.275      6291456       393216
       12288          512         527.685     12582912       786432
       12288         1024         519.192     25165824      1572864
       12288         2048         531.647     50331648      3145728
       12288         4096         585.177    100663296      6291456
       12288         8192         738.746    201326592     12582912
       12288        16384        1241.085    402653184     25165824
       12288        32768        2682.659    805306368     50331648
       12288        65536        4734.102   1610612736    100663296
       13312            1         429.818        26624         1664
       13312            2         454.843        53248         3328
       13312            4         444.059       106496         6656
       13312            8         491.388       212992        13312
       13312           16         520.345       425984        26624
       13312           32         535.830       851968        53248
       13312           64         635.052      1703936       106496
       13312          128         454.334      3407872       212992
       13312          256         499.702      6815744       425984
       13312          512         504.870     13631488       851968
       13312         1024         487.437     27262976      1703936
       13312         2048         526.509     54525952      3407872
       13312         4096         634.347    109051904      6815744
       13312         8192         891.428    218103808     13631488
       13312        16384        1473.292    436207616     27262976
       13312        32768        1810.539    872415232     54525952
       13312        65536        4094.790   1744830464    109051904
       14336            1         423.508        28672         1792
       14336            2         498.248        57344         3584
       14336            4         414.157       114688         7168
       14336            8         510.483       229376        14336
       14336           16         507.941       458752        28672
       14336           32         499.330       917504        57344
       14336           64         452.899      1835008       114688
       14336          128         570.929      3670016       229376
       14336          256         527.279      7340032       458752
       14336          512         532.571     14680064       917504
       14336         1024         511.577     29360128      1835008
       14336         2048         532.169     58720256      3670016
       14336         4096         609.679    117440512      7340032
       14336         8192        1005.049    234881024     14680064
       14336        16384        1429.741    469762048     29360128
       14336        32768        2738.174    939524096     58720256
       14336        65536        4453.783   1879048192    117440512
       15360            1         436.127        30720         1920
       15360            2         441.123        61440         3840
       15360            4         501.114       122880         7680
       15360            8         423.232       245760        15360
       15360           16         368.771       491520        30720
       15360           32         677.783       983040        61440
       15360           64         537.876      1966080       122880
       15360          128         477.411      3932160       245760
       15360          256         551.904      7864320       491520
       15360          512         522.225     15728640       983040
       15360         1024         503.635     31457280      1966080
       15360         2048         523.089     62914560      3932160
       15360         4096         657.876    125829120      7864320
       15360         8192         949.289    251658240     15728640
       15360        16384        1406.577    503316480     31457280
       15360        32768        2552.317   1006632960     62914560
       15360        65536        5151.470   2013265920    125829120
       16384            1         455.635        32768         2048
       16384            2         446.304        65536         4096
       16384            4         447.896       131072         8192
       16384            8         394.220       262144        16384
       16384           16         677.834       524288        32768
       16384           32         543.941      1048576        65536
       16384           64         518.782      2097152       131072
       16384          128         469.677      4194304       262144
       16384          256         475.063      8388608       524288
       16384          512         524.727     16777216      1048576
       16384         1024         497.868     33554432      2097152
       16384         2048         520.592     67108864      4194304
       16384         4096         653.096    134217728      8388608
       16384         8192         890.342    268435456     16777216
       16384        16384        1863.113    536870912     33554432
       16384        32768        2730.635   1073741824     67108864
       16384        65536        4716.695   2147483648    134217728
       17408            1         550.135        34816         2176
       17408            2         411.768        69632         4352
       17408            4         488.279       139264         8704
       17408            8         466.189       278528        17408
       17408           16         432.670       557056        34816
       17408           32         492.498      1114112        69632
       17408           64         427.132      2228224       139264
       17408          128         486.513      4456448       278528
       17408          256         464.871      8912896       557056
       17408          512         548.210     17825792      1114112
       17408         1024         480.843     35651584      2228224
       17408         2048         511.698     71303168      4456448
       17408         4096         559.706    142606336      8912896
       17408         8192         775.365    285212672     17825792
       17408        16384        1433.564    570425344     35651584
       17408        32768        3338.196   1140850688     71303168
       18432            1         435.050        36864         2304
       18432            2         403.773        73728         4608
       18432            4         475.234       147456         9216
       18432            8         412.470       294912        18432
       18432           16         423.113       589824        36864
       18432           32         425.248      1179648        73728
       18432           64         439.639      2359296       147456
       18432          128         457.513      4718592       294912
       18432          256         521.318      9437184       589824
       18432          512         650.450     18874368      1179648
       18432         1024         556.781     37748736      2359296
       18432         2048         582.629     75497472      4718592
       18432         4096         715.824    150994944      9437184
       18432         8192        1044.446    301989888     18874368
       18432        16384        1704.571    603979776     37748736
       18432        32768        3447.909   1207959552     75497472
       19456            1         486.947        38912         2432
       19456            2         556.128        77824         4864
       19456            4         509.035       155648         9728
       19456            8         547.872       311296        19456
       19456           16         467.325       622592        38912
       19456           32         547.304      1245184        77824
       19456           64         544.486      2490368       155648
       19456          128         473.808      4980736       311296
       19456          256         550.765      9961472       622592
       19456          512         587.675     19922944      1245184
       19456         1024         513.437     39845888      2490368
       19456         2048         631.013     79691776      4980736
       19456         4096         682.585    159383552      9961472
       19456         8192        1181.755    318767104     19922944
       19456        16384        2045.653    637534208     39845888
       19456        32768        4451.763   1275068416     79691776
       20480            1         450.838        40960         2560
       20480            2         443.902        81920         5120
       20480            4         463.674       163840        10240
       20480            8         437.320       327680        20480
       20480           16         479.940       655360        40960
       20480           32         509.457      1310720        81920
       20480           64         444.330      2621440       163840
       20480          128         474.439      5242880       327680
       20480          256         425.532     10485760       655360
       20480          512         416.884     20971520      1310720
       20480         1024         463.887     41943040      2621440
       20480         2048         508.333     83886080      5242880
       20480         4096         568.248    167772160     10485760
       20480         8192        1001.902    335544320     20971520
       20480        16384        1433.115    671088640     41943040
       20480        32768        2957.126   1342177280     83886080
       22528            1         434.279        45056         2816
       22528            2         483.546        90112         5632
       22528            4         459.799       180224        11264
       22528            8         462.176       360448        22528
       22528           16         478.590       720896        45056
       22528           32         463.043      1441792        90112
       22528           64         453.380      2883584       180224
       22528          128         477.229      5767168       360448
       22528          256          12.563     11534336       720896
       22528          512         489.606     23068672      1441792
       22528         1024         556.788     46137344      2883584
       22528         2048         613.618     92274688      5767168
       22528         4096         804.836    184549376     11534336
       22528         8192        1231.900    369098752     23068672
       22528        16384        2236.413    738197504     46137344
       22528        32768        3307.301   1476395008     92274688
       24576            1         421.928        49152         3072
       24576            2         419.298        98304         6144
       24576            4         464.387       196608        12288
       24576            8           3.125       393216        24576
       24576           16         459.301       786432        49152
       24576           32         510.598      1572864        98304
       24576           64         515.255      3145728       196608
       24576          128         456.566      6291456       393216
       24576          256         456.889     12582912       786432
       24576          512         544.865     25165824      1572864
       24576         1024         565.569     50331648      3145728
       24576         2048         562.645    100663296      6291456
       24576         4096         732.775    201326592     12582912
       24576         8192        1139.215    402653184     25165824
       24576        16384        2139.459    805306368     50331648
       24576        32768        4377.621   1610612736    100663296
       26624            1         429.649        53248         3328
       26624            2         414.452       106496         6656
       26624            4         561.130       212992        13312
       26624            8         463.940       425984        26624
       26624           16         503.276       851968        53248
       26624           32         451.565      1703936       106496
       26624           64         473.717      3407872       212992
       26624          128         534.812      6815744       425984
       26624          256         518.589     13631488       851968
       26624          512         452.834     27262976      1703936
       26624         1024          35.884     54525952      3407872
       26624         2048         605.743    109051904      6815744
       26624         4096         757.897    218103808     13631488
       26624         8192        1516.294    436207616     27262976
       26624        16384        2503.271    872415232     54525952
       26624        32768        3911.016   1744830464    109051904
       28672            1         550.687        57344         3584
       28672            2         460.911       114688         7168
       28672            4         435.600       229376        14336
       28672            8         517.232       458752        28672
       28672           16         435.813       917504        57344
       28672           32         532.381      1835008       114688
       28672           64         542.322      3670016       229376
       28672          128         474.610      7340032       458752
       28672          256         431.908     14680064       917504
       28672          512         490.624     29360128      1835008
       28672         1024         450.295     58720256      3670016
       28672         2048         583.505    117440512      7340032
       28672         4096         720.820    234881024     14680064
       28672         8192        1459.047    469762048     29360128
       28672        16384        2141.976    939524096     58720256
       28672        32768        3145.871   1879048192    117440512
       30720            1         435.447        61440         3840
       30720            2         433.528       122880         7680
       30720            4         479.723       245760        15360
       30720            8         604.575       491520        30720
       30720           16         567.903       983040        61440
       30720           32         504.481      1966080       122880
       30720           64         513.964      3932160       245760
       30720          128         474.653      7864320       491520
       30720          256         471.705     15728640       983040
       30720          512         510.743     31457280      1966080
       30720         1024         484.559     62914560      3932160
       30720         2048         642.062    125829120      7864320
       30720         4096         867.175    251658240     15728640
       30720         8192        1372.575    503316480     31457280
       30720        16384        2352.552   1006632960     62914560
       30720        32768        4318.516   2013265920    125829120
       33792            1         447.046        67584         4224
       33792            2         473.666       135168         8448
       33792            4         451.880       270336        16896
       33792            8         420.453       540672        33792
       33792           16         424.826      1081344        67584
       33792           32         507.422      2162688       135168
       33792           64         499.193      4325376       270336
       33792          128         459.614      8650752       540672
       33792          256         487.174     17301504      1081344
       33792          512         425.266     34603008      2162688
       33792         1024         485.016     69206016      4325376
       33792         2048         552.049    138412032      8650752
       33792         4096        1037.839    276824064     17301504
       33792         8192         967.594    553648128     34603008
       33792        16384        2849.090   1107296256     69206016
       36864            1         442.503        73728         4608
       36864            2         516.914       147456         9216
       36864            4         447.703       294912        18432
       36864            8         406.798       589824        36864
       36864           16         484.077      1179648        73728
       36864           32         499.186      2359296       147456
       36864           64         495.330      4718592       294912
       36864          128         494.450      9437184       589824
       36864          256         495.887     18874368      1179648
       36864          512         428.223     37748736      2359296
       36864         1024         479.119     75497472      4718592
       36864         2048         755.060    150994944      9437184
       36864         4096        1168.483    301989888     18874368
       36864         8192        1794.002    603979776     37748736
       36864        16384        3119.842   1207959552     75497472
       39936            1         429.031        79872         4992
       39936            2         496.262       159744         9984
       39936            4         467.632       319488        19968
       39936            8         515.719       638976        39936
       39936           16         448.695      1277952        79872
       39936           32         673.879      2555904       159744
       39936           64         447.913      5111808       319488
       39936          128         453.847     10223616       638976
       39936          256         512.527     20447232      1277952
       39936          512         495.234     40894464      2555904
       39936         1024         510.937     81788928      5111808
       39936         2048         665.957    163577856     10223616
       39936         4096        1170.175    327155712     20447232
       39936         8192        1965.698    654311424     40894464
       39936        16384        3537.768   1308622848     81788928
       43008            1         506.237        86016         5376
       43008            2         471.687       172032        10752
       43008            4         460.028       344064        21504
       43008            8         474.146       688128        43008
       43008           16         471.754      1376256        86016
       43008           32         523.433      2752512       172032
       43008           64         565.190      5505024       344064
       43008          128         474.715     11010048       688128
       43008          256         483.427     22020096      1376256
       43008          512         547.154     44040192      2752512
       43008         1024         543.172     88080384      5505024
       43008         2048         555.213    176160768     11010048
       43008         4096        1058.471    352321536     22020096
       43008         8192        2169.731    704643072     44040192
       43008        16384        3863.271   1409286144     88080384
       47104            1         521.033        94208         5888
       47104            2         507.742       188416        11776
       47104            4         504.654       376832        23552
       47104            8         512.464       753664        47104
       47104           16         448.335      1507328        94208
       47104           32         479.603      3014656       188416
       47104           64         534.657      6029312       376832
       47104          128         518.775     12058624       753664
       47104          256         452.149     24117248      1507328
       47104          512         514.705     48234496      3014656
       47104         1024         554.724     96468992      6029312
       47104         2048         754.391    192937984     12058624
       47104         4096        1052.643    385875968     24117248
       47104         8192        1413.471    771751936     48234496
       47104        16384        4074.740   1543503872     96468992
       51200            1         478.356       102400         6400
       51200            2         494.657       204800        12800
       51200            4         502.516       409600        25600
       51200            8         457.562       819200        51200
       51200           16         451.075      1638400       102400
       51200           32         462.329      3276800       204800
       51200           64         529.034      6553600       409600
       51200          128         547.872     13107200       819200
       51200          256         481.696     26214400      1638400
       51200          512         544.876     52428800      3276800
       51200         1024         594.983    104857600      6553600
       51200         2048         794.754    209715200     13107200
       51200         4096        1370.536    419430400     26214400
       51200         8192        2216.683    838860800     52428800
       51200        16384        4363.208   1677721600    104857600
       56320            1         532.617       112640         7040
       56320            2         518.505       225280        14080
       56320            4         486.047       450560        28160
       56320            8         559.762       901120        56320
       56320           16         416.120      1802240       112640
       56320           32         485.898      3604480       225280
       56320           64         473.451      7208960       450560
       56320          128         471.254     14417920       901120
       56320          256         473.530     28835840      1802240
       56320          512         481.397     57671680      3604480
       56320         1024         536.519    115343360      7208960
       56320         2048         723.225    230686720     14417920
       56320         4096        1404.802    461373440     28835840
       56320         8192        2672.256    922746880     57671680
       56320        16384        4274.862   1845493760    115343360
       61440            1         489.871       122880         7680
       61440            2         504.501       245760        15360
       61440            4         467.891       491520        30720
       61440            8         423.456       983040        61440
       61440           16         432.881      1966080       122880
       61440           32         470.681      3932160       245760
       61440           64         467.683      7864320       491520
       61440          128          12.375     15728640       983040
       61440          256         481.115     31457280      1966080
       61440          512         466.771     62914560      3932160
       61440         1024         600.096    125829120      7864320
       61440         2048         761.095    251658240     15728640
       61440         4096        1399.389    503316480     31457280
       61440         8192        2674.804   1006632960     62914560
       61440        16384        4359.204   2013265920    125829120
       67584            1         444.016       135168         8448
       67584            2         426.070       270336        16896
       67584            4         429.024       540672        33792
       67584            8         430.866      1081344        67584
       67584           16         470.169      2162688       135168
       67584           32         468.413      4325376       270336
       67584           64         455.391      8650752       540672
       67584          128         467.005     17301504      1081344
       67584          256         513.097     34603008      2162688
       67584          512         514.894     69206016      4325376
       67584         1024         559.891    138412032      8650752
       67584         2048         932.137    276824064     17301504
       67584         4096        1664.586    553648128     34603008
       67584         8192        2972.907   1107296256     69206016
       73728            1         456.153       147456         9216
       73728            2         448.049       294912        18432
       73728            4         537.680       589824        36864
       73728            8         457.428      1179648        73728
       73728           16         493.478      2359296       147456
       73728           32         471.540      4718592       294912
       73728           64         464.628      9437184       589824
       73728          128         537.852     18874368      1179648
       73728          256         450.016     37748736      2359296
       73728          512         415.545     75497472      4718592
       73728         1024         548.744    150994944      9437184
       73728         2048         769.942    301989888     18874368
       73728         4096        1487.770    603979776     37748736
       73728         8192        1532.016   1207959552     75497472
       80896            1         499.793       161792        10112
       80896            2         533.054       323584        20224
       80896            4         523.837       647168        40448
       80896            8         496.596      1294336        80896
       80896           16         524.424      2588672       161792
       80896           32         483.759      5177344       323584
       80896           64         639.524     10354688       647168
       80896          128         457.431     20709376      1294336
       80896          256         471.247     41418752      2588672
       80896          512         597.705     82837504      5177344
       80896         1024         730.123    165675008     10354688
       80896         2048        1296.765    331350016     20709376
       80896         4096        1840.528    662700032     41418752
       80896         8192        3467.314   1325400064     82837504
       88064            1         480.466       176128        11008
       88064            2         529.639       352256        22016
       88064            4         477.979       704512        44032
       88064            8         473.122      1409024        88064
       88064           16         472.054      2818048       176128
       88064           32         571.640      5636096       352256
       88064           64         504.213     11272192       704512
       88064          128         547.254     22544384      1409024
       88064          256         529.776     45088768      2818048
       88064          512         597.772     90177536      5636096
       88064         1024         647.238    180355072     11272192
       88064         2048        1207.290    360710144     22544384
       88064         4096        2438.898    721420288     45088768
       88064         8192        3350.906   1442840576     90177536
       96256            1         519.694       192512        12032
       96256            2         491.417       385024        24064
       96256            4         496.644       770048        48128
       96256            8         485.400      1540096        96256
       96256           16         529.149      3080192       192512
       96256           32         464.999      6160384       385024
       96256           64         421.330     12320768       770048
       96256          128         476.734     24641536      1540096
       96256          256         509.133     49283072      3080192
       96256          512         535.693     98566144      6160384
       96256         1024         638.042    197132288     12320768
       96256         2048        1016.379    394264576     24641536
       96256         4096        2330.228    788529152     49283072
       96256         8192        3005.020   1577058304     98566144
      105472            1         460.094       210944        13184
      105472            2         533.725       421888        26368
      105472            4         464.816       843776        52736
      105472            8         472.085      1687552       105472
      105472           16         525.956      3375104       210944
      105472           32         557.176      6750208       421888
      105472           64         486.281     13500416       843776
      105472          128          15.961     27000832      1687552
      105472          256         532.241     54001664      3375104
      105472          512         577.237    108003328      6750208
      105472         1024         829.772    216006656     13500416
      105472         2048        1533.963    432013312     27000832
      105472         4096        2121.032    864026624     54001664
      105472         8192        3654.782   1728053248    108003328
      115712            1         485.886       231424        14464
      115712            2         515.294       462848        28928
      115712            4         470.070       925696        57856
      115712            8         434.094      1851392       115712
      115712           16         472.332      3702784       231424
      115712           32         432.964      7405568       462848
      115712           64         441.642     14811136       925696
      115712          128         490.945     29622272      1851392
      115712          256          60.990     59244544      3702784
      115712          512         600.573    118489088      7405568
      115712         1024         881.034    236978176     14811136
      115712         2048        1360.502    473956352     29622272
      115712         4096        2643.745    947912704     59244544
      115712         8192        4925.432   1895825408    118489088
      126976            1         446.093       253952        15872
      126976            2         431.390       507904        31744
      126976            4         499.010      1015808        63488
      126976            8         416.896      2031616       126976
      126976           16         402.941      4063232       253952
      126976           32         515.311      8126464       507904
      126976           64         508.793     16252928      1015808
      126976          128         438.695     32505856      2031616
      126976          256         496.345     65011712      4063232
      126976          512         466.435    130023424      8126464
      126976         1024         693.354    260046848     16252928
      126976         2048        1153.100    520093696     32505856
      126976         4096        1792.143   1040187392     65011712
      126976         8192        5014.224   2080374784    130023424
      139264            1         555.536       278528        17408
      139264            2         450.824       557056        34816
      139264            4         546.608      1114112        69632
      139264            8         510.272      2228224       139264
      139264           16         502.750      4456448       278528
      139264           32         445.682      8912896       557056
      139264           64         559.156     17825792      1114112
      139264          128         473.691     35651584      2228224
      139264          256         577.115     71303168      4456448
      139264          512         602.279    142606336      8912896
      139264         1024         889.125    285212672     17825792
      139264         2048        1460.115    570425344     35651584
      139264         4096        2621.289   1140850688     71303168
      152576            1         445.673       305152        19072
      152576            2         500.439       610304        38144
      152576            4         424.428      1220608        76288
      152576            8         501.766      2441216       152576
      152576           16         476.235      4882432       305152
      152576           32         585.870      9764864       610304
      152576           64         534.360     19529728      1220608
      152576          128         508.006     39059456      2441216
      152576          256         548.704     78118912      4882432
      152576          512         603.491    156237824      9764864
      152576         1024         920.166    312475648     19529728
      152576         2048        1454.740    624951296     39059456
      152576         4096        3226.415   1249902592     78118912
      166912            1         506.470       333824        20864
      166912            2         446.615       667648        41728
      166912            4         480.819      1335296        83456
      166912            8         435.615      2670592       166912
      166912           16         429.556      5341184       333824
      166912           32         420.320     10682368       667648
      166912           64         521.404     21364736      1335296
      166912          128         503.255     42729472      2670592
      166912          256         489.538     85458944      5341184
      166912          512         606.423    170917888     10682368
      166912         1024         863.023    341835776     21364736
      166912         2048        1334.830    683671552     42729472
      166912         4096        2483.650   1367343104     85458944
      183296            1         526.153       366592        22912
      183296            2         431.570       733184        45824
      183296            4         562.873      1466368        91648
      183296            8         524.085      2932736       183296
      183296           16         533.353      5865472       366592
      183296           32         538.128     11730944       733184
      183296           64         458.241     23461888      1466368
      183296          128         433.167     46923776      2932736
      183296          256         481.986     93847552      5865472
      183296          512         688.057    187695104     11730944
      183296         1024        1015.342    375390208     23461888
      183296         2048        1376.301    750780416     46923776
      183296         4096        2246.885   1501560832     93847552
      200704            1         482.392       401408        25088
      200704            2         519.021       802816        50176
      200704            4          10.705      1605632       100352
      200704            8         459.819      3211264       200704
      200704           16         479.886      6422528       401408
      200704           32         438.863     12845056       802816
      200704           64         498.186     25690112      1605632
      200704          128         515.742     51380224      3211264
      200704          256         562.888    102760448      6422528
      200704          512         857.508    205520896     12845056
      200704         1024        1512.753    411041792     25690112
      200704         2048        1655.600    822083584     51380224
      200704         4096        3811.032   1644167168    102760448
      220160            1         472.548       440320        27520
      220160            2         546.418       880640        55040
      220160            4         471.779      1761280       110080
      220160            8         431.924      3522560       220160
      220160           16         441.695      7045120       440320
      220160           32         431.001     14090240       880640
      220160           64         437.252     28180480      1761280
      220160          128          45.958     56360960      3522560
      220160          256         591.168    112721920      7045120
      220160          512         780.707    225443840     14090240
      220160         1024        1702.516    450887680     28180480
      220160         2048        2679.807    901775360     56360960
      220160         4096        4743.413   1803550720    112721920
      241664            1         518.981       483328        30208
      241664            2         520.505       966656        60416
      241664            4         575.127      1933312       120832
      241664            8         518.361      3866624       241664
      241664           16         538.828      7733248       483328
      241664           32         498.250     15466496       966656
      241664           64         524.597     30932992      1933312
      241664          128         548.519     61865984      3866624
      241664          256         584.103    123731968      7733248
      241664          512         910.375    247463936     15466496
      241664         1024        1448.232    494927872     30932992
      241664         2048        2430.106    989855744     61865984
      241664         4096        4372.597   1979711488    123731968
      265216            1         440.672       530432        33152
      265216            2         539.900      1060864        66304
      265216            4         484.378      2121728       132608
      265216            8         442.564      4243456       265216
      265216           16         536.441      8486912       530432
      265216           32         521.659     16973824      1060864
      265216           64         509.861     33947648      2121728
      265216          128         528.786     67895296      4243456
      265216          256         591.047    135790592      8486912
      265216          512        1014.747    271581184     16973824
      265216         1024        1467.472    543162368     33947648
      265216         2048        2527.208   1086324736     67895296
      290816            1         447.271       581632        36352
      290816            2         470.467      1163264        72704
      290816            4         509.414      2326528       145408
      290816            8         447.495      4653056       290816
      290816           16         440.607      9306112       581632
      290816           32         545.265     18612224      1163264
      290816           64         510.506     37224448      2326528
      290816          128         517.466     74448896      4653056
      290816          256         548.225    148897792      9306112
      290816          512         856.788    297795584     18612224
      290816         1024         927.798    595591168     37224448
      290816         2048        2773.633   1191182336     74448896
      319488            1         410.235       638976        39936
      319488            2         514.760      1277952        79872
      319488            4         505.208      2555904       159744
      319488            8         411.946      5111808       319488
      319488           16         454.412     10223616       638976
      319488           32         647.933     20447232      1277952
      319488           64         612.419     40894464      2555904
      319488          128         564.063     81788928      5111808
      319488          256         789.733    163577856     10223616
      319488          512         914.243    327155712     20447232
      319488         1024        1520.844    654311424     40894464
      319488         2048        2730.605   1308622848     81788928
      351232            1         463.143       702464        43904
      351232            2         458.121      1404928        87808
      351232            4         537.491      2809856       175616
      351232            8         442.926      5619712       351232
      351232           16         537.180     11239424       702464
      351232           32         539.065     22478848      1404928
      351232           64         615.639     44957696      2809856
      351232          128         557.573     89915392      5619712
      351232          256         717.165    179830784     11239424
      351232          512         775.225    359661568     22478848
      351232         1024        1428.628    719323136     44957696
      351232         2048        1019.772   1438646272     89915392
      386048            1         474.481       772096        48256
      386048            2         478.343      1544192        96512
      386048            4         547.553      3088384       193024
      386048            8         513.470      6176768       386048
      386048           16         547.254     12353536       772096
      386048           32         453.740     24707072      1544192
      386048           64         508.613     49414144      3088384
      386048          128         547.012     98828288      6176768
      386048          256         775.574    197656576     12353536
      386048          512        1309.939    395313152     24707072
      386048         1024        2146.593    790626304     49414144
      386048         2048        4078.624   1581252608     98828288
      423936            1         435.379       847872        52992
      423936            2         441.823      1695744       105984
      423936            4         451.105      3391488       211968
      423936            8         424.488      6782976       423936
      423936           16         506.112     13565952       847872
      423936           32         429.678     27131904      1695744
      423936           64         502.349     54263808      3391488
      423936          128         508.518    108527616      6782976
      423936          256         632.824    217055232     13565952
      423936          512         936.067    434110464     27131904
      423936         1024        2249.712    868220928     54263808
      423936         2048        3148.463   1736441856    108527616
      465920            1         508.140       931840        58240
      465920            2         533.289      1863680       116480
      465920            4         463.073      3727360       232960
      465920            8         496.508      7454720       465920
      465920           16         498.150     14909440       931840
      465920           32          17.947     29818880      1863680
      465920           64         529.818     59637760      3727360
      465920          128         580.411    119275520      7454720
      465920          256         762.600    238551040     14909440
      465920          512        1853.031    477102080     29818880
      465920         1024        2576.371    954204160     59637760
      465920         2048        4034.533   1908408320    119275520
      512000            1         442.493      1024000        64000
      512000            2         494.438      2048000       128000
      512000            4         417.623      4096000       256000
      512000            8         394.751      8192000       512000
      512000           16         439.920     16384000      1024000
      512000           32         436.437     32768000      2048000
      512000           64         512.122     65536000      4096000
      512000          128         523.170    131072000      8192000
      512000          256         774.502    262144000     16384000
      512000          512        1254.573    524288000     32768000
      512000         1024        1751.084   1048576000     65536000
      512000         2048        2589.754   2097152000    131072000
      563200            1         481.922      1126400        70400
      563200            2         520.390      2252800       140800
      563200            4         569.790      4505600       281600
      563200            8         536.109      9011200       563200
      563200           16         525.111     18022400      1126400
      563200           32         548.901     36044800      2252800
      563200           64         598.223     72089600      4505600
      563200          128         675.618    144179200      9011200
      563200          256         913.489    288358400     18022400
      563200          512        1427.737    576716800     36044800
      563200         1024        3063.655   1153433600     72089600
      619520            1         482.936      1239040        77440
      619520            2         517.724      2478080       154880
      619520            4         483.650      4956160       309760
      619520            8         476.471      9912320       619520
      619520           16         475.350     19824640      1239040
      619520           32         525.763     39649280      2478080
      619520           64         535.045     79298560      4956160
      619520          128         722.692    158597120      9912320
      619520          256         771.022    317194240     19824640
      619520          512        1526.240    634388480     39649280
      619520         1024        2520.698   1268776960     79298560
      680960            1         532.521      1361920        85120
      680960            2         425.912      2723840       170240
      680960            4         425.262      5447680       340480
      680960            8         587.659     10895360       680960
      680960           16         535.929     21790720      1361920
      680960           32         467.143     43581440      2723840
      680960           64         554.638     87162880      5447680
      680960          128         702.320    174325760     10895360
      680960          256        1039.634    348651520     21790720
      680960          512        1869.367    697303040     43581440
      680960         1024        3613.494   1394606080     87162880
      748544            1         476.472      1497088        93568
      748544            2         459.591      2994176       187136
      748544            4         473.738      5988352       374272
      748544            8         510.871     11976704       748544
      748544           16         478.113     23953408      1497088
      748544           32         537.909     47906816      2994176
      748544           64         591.835     95813632      5988352
      748544          128         657.243    191627264     11976704
      748544          256         694.830    383254528     23953408
      748544          512        2164.840    766509056     47906816
      748544         1024        2956.107   1533018112     95813632
      823296            1         473.341      1646592       102912
      823296            2         424.231      3293184       205824
      823296            4         563.224      6586368       411648
      823296            8         434.124     13172736       823296
      823296           16         465.330     26345472      1646592
      823296           32         582.089     52690944      3293184
      823296           64         521.717    105381888      6586368
      823296          128         654.724    210763776     13172736
      823296          256         899.136    421527552     26345472
      823296          512        2438.562    843055104     52690944
      823296         1024        4367.801   1686110208    105381888
      905216            1         434.272      1810432       113152
      905216            2         505.378      3620864       226304
      905216            4         474.805      7241728       452608
      905216            8         443.671     14483456       905216
      905216           16         452.147     28966912      1810432
      905216           32         529.772     57933824      3620864
      905216           64         565.019    115867648      7241728
      905216          128         766.547    231735296     14483456
      905216          256        1280.883    463470592     28966912
      905216          512        2185.614    926941184     57933824
      905216         1024        4485.074   1853882368    115867648
      995328            1         494.446      1990656       124416
      995328            2         510.239      3981312       248832
      995328            4         442.908      7962624       497664
      995328            8         543.732     15925248       995328
      995328           16         595.718     31850496      1990656
      995328           32         631.197     63700992      3981312
      995328           64         672.147    127401984      7962624
      995328          128         757.358    254803968     15925248
      995328          256         674.027    509607936     31850496
      995328          512        1997.176   1019215872     63700992
      995328         1024        4255.011   2038431744    127401984
     1094656            1         537.578      2189312       136832
     1094656            2         402.724      4378624       273664
     1094656            4         470.723      8757248       547328
     1094656            8         471.983     17514496      1094656
     1094656           16         557.030     35028992      2189312
     1094656           32         542.585     70057984      4378624
     1094656           64         693.313    140115968      8757248
     1094656          128         846.667    280231936     17514496
     1094656          256        1186.426    560463872     35028992
     1094656          512        2716.659   1120927744     70057984
     1203200            1         549.127      2406400       150400
     1203200            2         483.621      4812800       300800
     1203200            4         519.094      9625600       601600
     1203200            8         573.334     19251200      1203200
     1203200           16         556.104     38502400      2406400
     1203200           32         509.564     77004800      4812800
     1203200           64         621.718    154009600      9625600
     1203200          128         962.300    308019200     19251200
     1203200          256        1383.405    616038400     38502400
     1203200          512        3221.105   1232076800     77004800
     1323008            1         502.597      2646016       165376
     1323008            2         462.082      5292032       330752
     1323008            4         527.634     10584064       661504
     1323008            8         520.453     21168128      1323008
     1323008           16         573.664     42336256      2646016
     1323008           32         550.114     84672512      5292032
     1323008           64         563.105    169345024     10584064
     1323008          128         706.716    338690048     21168128
     1323008          256        1756.490    677380096     42336256
     1323008          512        2430.275   1354760192     84672512
     1455104            1         495.358      2910208       181888
     1455104            2         472.150      5820416       363776
     1455104            4         491.670     11640832       727552
     1455104            8         535.538     23281664      1455104
     1455104           16         494.902     46563328      2910208
     1455104           32         572.356     93126656      5820416
     1455104           64         763.958    186253312     11640832
     1455104          128        1335.359    372506624     23281664
     1455104          256        2123.380    745013248     46563328
     1455104          512        3848.182   1490026496     93126656
     1600512            1         515.805      3201024       200064
     1600512            2         424.012      6402048       400128
     1600512            4         533.205     12804096       800256
     1600512            8         407.989     25608192      1600512
     1600512           16         417.490     51216384      3201024
     1600512           32         573.569    102432768      6402048
     1600512           64         781.097    204865536     12804096
     1600512          128        1257.874    409731072     25608192
     1600512          256        1996.744    819462144     51216384
     1600512          512        3314.871   1638924288    102432768
     1760256            1         513.079      3520512       220032
     1760256            2         468.799      7041024       440064
     1760256            4         540.628     14082048       880128
     1760256            8         482.520     28164096      1760256
     1760256           16         511.310     56328192      3520512
     1760256           32         589.945    112656384      7041024
     1760256           64         700.241    225312768     14082048
     1760256          128        1005.716    450625536     28164096
     1760256          256        2037.747    901251072     56328192
     1760256          512        2697.332   1802502144    112656384
     1935360            1         477.491      3870720       241920
     1935360            2         484.570      7741440       483840
     1935360            4         473.124     15482880       967680
     1935360            8         502.646     30965760      1935360
     1935360           16         562.808     61931520      3870720
     1935360           32         656.682    123863040      7741440
     1935360           64         996.097    247726080     15482880
     1935360          128        1457.577    495452160     30965760
     1935360          256        2585.715    990904320     61931520
     1935360          512        3231.352   1981808640    123863040
     2128896            1         453.632      4257792       266112
     2128896            2         419.956      8515584       532224
     2128896            4         506.698     17031168      1064448
     2128896            8         531.991     34062336      2128896
     2128896           16         473.003     68124672      4257792
     2128896           32         486.740    136249344      8515584
     2128896           64         637.397    272498688     17031168
     2128896          128        1098.010    544997376     34062336
     2128896          256        1763.912   1089994752     68124672
     2340864            1         492.387      4681728       292608
     2340864            2          14.360      9363456       585216
     2340864            4         531.242     18726912      1170432
     2340864            8         502.237     37453824      2340864
     2340864           16         615.444     74907648      4681728
     2340864           32         826.724    149815296      9363456
     2340864           64        1062.740    299630592     18726912
     2340864          128        1180.566    599261184     37453824
     2340864          256        2106.074   1198522368     74907648
     2574336            1           6.276      5148672       321792
     2574336            2         553.106     10297344       643584
     2574336            4         595.001     20594688      1287168
     2574336            8         497.466     41189376      2574336
     2574336           16         492.675     82378752      5148672
     2574336           32         627.151    164757504     10297344
     2574336           64        1141.581    329515008     20594688
     2574336          128        1724.838    659030016     41189376
     2574336          256        3551.227   1318060032     82378752
     2831360            1         489.219      5662720       353920
     2831360            2         469.159     11325440       707840
     2831360            4         549.491     22650880      1415680
     2831360            8         518.796     45301760      2831360
     2831360           16         535.404     90603520      5662720
     2831360           32         714.972    181207040     11325440
     2831360           64         928.721    362414080     22650880
     2831360          128        1552.605    724828160     45301760
     2831360          256        2358.764   1449656320     90603520
     3113984            1         484.958      6227968       389248
     3113984            2         470.710     12455936       778496
     3113984            4         490.337     24911872      1556992
     3113984            8         476.427     49823744      3113984
     3113984           16         516.222     99647488      6227968
     3113984           32         610.365    199294976     12455936
     3113984           64        1013.660    398589952     24911872
     3113984          128        1718.976    797179904     49823744
     3113984          256        2561.576   1594359808     99647488
     3425280            1         430.867      6850560       428160
     3425280            2          12.555     13701120       856320
     3425280            4         454.490     27402240      1712640
     3425280            8         637.469     54804480      3425280
     3425280           16         509.085    109608960      6850560
     3425280           32         831.350    219217920     13701120
     3425280           64        1234.521    438435840     27402240
     3425280          128        2283.509    876871680     54804480
     3425280          256        4170.453   1753743360    109608960
     3767296            1         526.334      7534592       470912
     3767296            2         486.226     15069184       941824
     3767296            4         444.108     30138368      1883648
     3767296            8         599.739     60276736      3767296
     3767296           16         739.107    120553472      7534592
     3767296           32         880.815    241106944     15069184
     3767296           64         930.568    482213888     30138368
     3767296          128        1745.830    964427776     60276736
     3767296          256        2964.360   1928855552    120553472
     4143104            1         494.638      8286208       517888
     4143104            2         558.032     16572416      1035776
     4143104            4         566.649     33144832      2071552
     4143104            8         559.384     66289664      4143104
     4143104           16         121.660    132579328      8286208
     4143104           32         856.323    265158656     16572416
     4143104           64        1429.091    530317312     33144832
     4143104          128        2698.532   1060634624     66289664
     4143104          256        4178.407   2121269248    132579328
     4556800            1         488.330      9113600       569600
     4556800            2         489.034     18227200      1139200
     4556800            4         495.969     36454400      2278400
     4556800            8         545.239     72908800      4556800
     4556800           16         646.854    145817600      9113600
     4556800           32         762.712    291635200     18227200
     4556800           64        1442.592    583270400     36454400
     4556800          128        2649.612   1166540800     72908800
     5012480            1         531.046     10024960       626560
     5012480            2         498.828     20049920      1253120
     5012480            4         484.542     40099840      2506240
     5012480            8         513.345     80199680      5012480
     5012480           16         689.544    160399360     10024960
     5012480           32         892.660    320798720     20049920
     5012480           64        1569.018    641597440     40099840
     5012480          128        3471.698   1283194880     80199680
     5513216            1         476.709     11026432       689152
     5513216            2         503.096     22052864      1378304
     5513216            4         455.378     44105728      2756608
     5513216            8         439.416     88211456      5513216
     5513216           16         601.670    176422912     11026432
     5513216           32         805.912    352845824     22052864
     5513216           64        1229.910    705691648     44105728
     5513216          128        3292.731   1411383296     88211456
     6064128            1         437.670     12128256       758016
     6064128            2         472.728     24256512      1516032
     6064128            4         486.458     48513024      3032064
     6064128            8         494.248     97026048      6064128
     6064128           16         634.878    194052096     12128256
     6064128           32         842.767    388104192     24256512
     6064128           64        1888.321    776208384     48513024
     6064128          128        4116.984   1552416768     97026048
     6670336            1         510.435     13340672       833792
     6670336            2         532.393     26681344      1667584
     6670336            4         526.343     53362688      3335168
     6670336            8         542.026    106725376      6670336
     6670336           16         831.617    213450752     13340672
     6670336           32        1269.759    426901504     26681344
     6670336           64        1288.144    853803008     53362688
     6670336          128        2064.541   1707606016    106725376
     7336960            1         439.680     14673920       917120
     7336960            2         475.218     29347840      1834240
     7336960            4         458.067     58695680      3668480
     7336960            8         480.061    117391360      7336960
     7336960           16         543.593    234782720     14673920
     7336960           32        1295.779    469565440     29347840
     7336960           64        1515.865    939130880     58695680
     7336960          128        3114.179   1878261760    117391360
     8070144            1         527.117     16140288      1008768
     8070144            2         588.644     32280576      2017536
     8070144            4         540.648     64561152      4035072
     8070144            8         627.240    129122304      8070144
     8070144           16         768.929    258244608     16140288
     8070144           32        1090.417    516489216     32280576
     8070144           64        2731.719   1032978432     64561152
     8070144          128        4225.481   2065956864    129122304
     8877056            1         537.009     17754112      1109632
     8877056            2         527.737     35508224      2219264
     8877056            4         566.244     71016448      4438528
     8877056            8         649.230    142032896      8877056
     8877056           16         756.003    284065792     17754112
     8877056           32        1625.766    568131584     35508224
     8877056           64        2895.918   1136263168     71016448
     9763840            1         496.369     19527680      1220480
     9763840            2         553.338     39055360      2440960
     9763840            4         501.102     78110720      4881920
     9763840            8         616.357    156221440      9763840
     9763840           16         906.094    312442880     19527680
     9763840           32        1106.901    624885760     39055360
     9763840           64        2378.402   1249771520     78110720
    10739712            1         534.031     21479424      1342464
    10739712            2         528.085     42958848      2684928
    10739712            4         527.197     85917696      5369856
    10739712            8         641.726    171835392     10739712
    10739712           16         759.386    343670784     21479424
    10739712           32        1462.453    687341568     42958848
    10739712           64        2296.146   1374683136     85917696
    11812864            1         517.557     23625728      1476608
    11812864            2         455.502     47251456      2953216
    11812864            4         464.922     94502912      5906432
    11812864            8         581.054    189005824     11812864
    11812864           16        1036.332    378011648     23625728
    11812864           32        1853.467    756023296     47251456
    11812864           64        2031.877   1512046592     94502912
    12993536            1         548.088     25987072      1624192
    12993536            2         497.595     51974144      3248384
    12993536            4         635.578    103948288      6496768
    12993536            8         782.569    207896576     12993536
    12993536           16        1661.669    415793152     25987072
    12993536           32        1998.161    831586304     51974144
    12993536           64        3842.546   1663172608    103948288
    14291968            1         525.134     28583936      1786496
    14291968            2         492.748     57167872      3572992
    14291968            4         567.884    114335744      7145984
    14291968            8         793.661    228671488     14291968
    14291968           16        1113.303    457342976     28583936
    14291968           32        2120.458    914685952     57167872
    14291968           64        4650.461   1829371904    114335744
    15720448            1         471.866     31440896      1965056
    15720448            2         466.575     62881792      3930112
    15720448            4         483.555    125763584      7860224
    15720448            8         740.684    251527168     15720448
    15720448           16         958.953    503054336     31440896
    15720448           32        2254.571   1006108672     62881792
    15720448           64        2528.809   2012217344    125763584
    17292288            1         445.223     34584576      2161536
    17292288            2         504.528     69169152      4323072
    17292288            4         524.443    138338304      8646144
    17292288            8         618.987    276676608     17292288
    17292288           16        1460.959    553353216     34584576
    17292288           32        1759.391   1106706432     69169152
    19020800            1         733.431     38041600      2377600
    19020800            2         546.093     76083200      4755200
    19020800            4         633.354    152166400      9510400
    19020800            8        1032.284    304332800     19020800
    19020800           16        1961.793    608665600     38041600
    19020800           32        3269.083   1217331200     76083200
    20922368            1         493.309     41844736      2615296
    20922368            2         574.762     83689472      5230592
    20922368            4         613.525    167378944     10461184
    20922368            8         961.665    334757888     20922368
    20922368           16        2003.515    669515776     41844736
    20922368           32        1986.279   1339031552     83689472
    23014400            1         555.646     46028800      2876800
    23014400            2         586.241     92057600      5753600
    23014400            4         703.356    184115200     11507200
    23014400            8         752.834    368230400     23014400
    23014400           16        1783.313    736460800     46028800
    23014400           32        2584.961   1472921600     92057600
    25315328            1         534.551     50630656      3164416
    25315328            2         582.037    101261312      6328832
    25315328            4         746.795    202522624     12657664
    25315328            8        1004.560    405045248     25315328
    25315328           16        1855.892    810090496     50630656
    25315328           32        3468.635   1620180992    101261312
    27846656            1         550.253     55693312      3480832
    27846656            2         674.566    111386624      6961664
    27846656            4         746.033    222773248     13923328
    27846656            8        1056.339    445546496     27846656
    27846656           16        1752.986    891092992     55693312
    27846656           32        3864.912   1782185984    111386624
    30630912            1         604.359     61261824      3828864
    30630912            2         742.143    122523648      7657728
    30630912            4         818.738    245047296     15315456
    30630912            8        1575.229    490094592     30630912
    30630912           16        2190.265    980189184     61261824
    30630912           32        3919.067   1960378368    122523648
    33693696            1         606.439     67387392      4211712
    33693696            2         649.942    134774784      8423424
    33693696            4         874.893    269549568     16846848
    33693696            8        1264.066    539099136     33693696
    33693696           16        2434.180   1078198272     67387392
    37062656            1         593.965     74125312      4632832
    37062656            2         626.338    148250624      9265664
    37062656            4         821.088    296501248     18531328
    37062656            8        1499.539    593002496     37062656
    37062656           16        2193.526   1186004992     74125312
    40768512            1         496.704     81537024      5096064
    40768512            2         541.768    163074048     10192128
    40768512            4         735.072    326148096     20384256
    40768512            8        1453.307    652296192     40768512
    40768512           16        1756.111   1304592384     81537024
    44845056            1         514.422     89690112      5605632
    44845056            2         668.241    179380224     11211264
    44845056            4         981.556    358760448     22422528
    44845056            8        1178.685    717520896     44845056
    44845056           16        2069.755   1435041792     89690112
    49329152            1         579.823     98658304      6166144
    49329152            2         665.037    197316608     12332288
    49329152            4         752.439    394633216     24664576
    49329152            8        1291.128    789266432     49329152
    49329152           16        2708.283   1578532864     98658304
    54261760            1         542.028    108523520      6782720
    54261760            2         729.591    217047040     13565440
    54261760            4         858.176    434094080     27130880
    54261760            8        1537.705    868188160     54261760
    54261760           16        2585.059   1736376320    108523520
    59687936            1         963.327    119375872      7460992
    59687936            2         616.068    238751744     14921984
    59687936            4         885.079    477503488     29843968
    59687936            8        2169.557    955006976     59687936
    59687936           16        3899.676   1910013952    119375872
    65655808            1         921.046    131311616      8206976
    65655808            2         990.357    262623232     16413952
    65655808            4        1219.908    525246464     32827904
    65655808            8        2615.116   1050492928     65655808
    65655808           16        2551.088   2100985856    131311616
    72220672            1         931.743    144441344      9027584
    72220672            2         760.271    288882688     18055168
    72220672            4        1078.380    577765376     36110336
    72220672            8        1618.303   1155530752     72220672
    79441920            1         699.627    158883840      9930240
    79441920            2         767.807    317767680     19860480
    79441920            4        1343.528    635535360     39720960
    79441920            8        1960.341   1271070720     79441920
    87386112            1         946.337    174772224     10923264
    87386112            2        1546.807    349544448     21846528
    87386112            4        1914.969    699088896     43693056
    87386112            8        2031.338   1398177792     87386112
    96123904            1        1891.191    192247808     12015488
    96123904            2        3572.606    384495616     24030976
    96123904            4        3495.433    768991232     48061952
    96123904            8        3707.995   1537982464     96123904
   105736192            1        2083.757    211472384     13217024
   105736192            2        3614.033    422944768     26434048
   105736192            4        1248.212    845889536     52868096
   105736192            8        2987.378   1691779072    105736192
   116308992            1        1709.286    232617984     14538624
   116308992            2        4351.651    465235968     29077248
   116308992            4        4781.956    930471936     58154496
   116308992            8        3676.255   1860943872    116308992
   127939584            1        2886.891    255879168     15992448
   127939584            2        5091.697    511758336     31984896
   127939584            4       11533.406   1023516672     63969792
   127939584            8       12225.583   2047033344    127939584
   140733440            1        3868.414    281466880     17591680
   140733440            2        3760.647    562933760     35183360
   140733440            4        9365.096   1125867520     70366720
   154806272            1        3692.494    309612544     19350784
   154806272            2        4857.612    619225088     38701568
   154806272            4       20497.792   1238450176     77403136
   170286080            1        7022.909    340572160     21285760
   170286080            2        9161.791    681144320     42571520
   170286080            4       14322.742   1362288640     85143040
   187314176            1        5350.497    374628352     23414272
   187314176            2       11720.128    749256704     46828544
   187314176            4       27290.781   1498513408     93657088
   206045184            1       11842.423    412090368     25755648
   206045184            2       23034.775    824180736     51511296
   206045184            4       17543.325   1648361472    103022592
   226649088            1        8185.249    453298176     28331136
   226649088            2       15330.664    906596352     56662272
   226649088            4       26311.885   1813192704    113324544
   249313280            1        8037.489    498626560     31164160
   249313280            2       28538.545    997253120     62328320
   249313280            4       27437.771   1994506240    124656640
   274244608            1        8389.966    548489216     34280576
   274244608            2       19321.993   1096978432     68561152
   301668352            1       10494.011    603336704     37708544
   301668352            2       25089.014   1206673408     75417088
   331834368            1       10828.218    663668736     41479296
   331834368            2       24899.413   1327337472     82958592
   365017088            1       12519.374    730034176     45627136
   365017088            2       43135.245   1460068352     91254272
   401518592            1        9332.211    803037184     50189824
   401518592            2       18962.256   1606074368    100379648
   441669632            1       14241.890    883339264     55208704
   441669632            2       44675.270   1766678528    110417408
   485835776            1       15179.652    971671552     60729472
   485835776            2       43995.190   1943343104    121458944
   534418432            1       13532.536   1068836864     66802304
   534418432            2       57485.539   2137673728    133604608
   587859968            1       32812.990   1175719936     73482496
   646645760            1       34410.728   1293291520     80830720
   711310336            1       37619.195   1422620672     88913792
   782440448            1       29545.165   1564880896     97805056
   860684288            1       30468.171   1721368576    107585536
   946752512            1       11312.636   1893505024    118344064
  1041427456            1       41482.658   2082854912    130178432

META_DATA
FLOPS          1
OPENMP_THREADS 128
ERT_VERSION  1.1.0
TIMESTAMP_DATA  1634056382.71
HOSTNAME  ('pmemMachine1', ['pmemMachine1.local'], ['fe80::5210:541c:37bc:6d9c'])
UNAME  ('Linux', 'pmemMachine1', '5.9.13-derrick-pmo', '#95 SMP Sat Sep 18 09:17:02 EDT 2021', 'x86_64', 'x86_64')
CONFIG  {'ERT_WORKING_SET_MIN': ['1'], 'ERT_CFLAGS': ['-O3'], 'ERT_CC': ['gcc'], 'ERT_OPENMP_LDFLAGS': ['-fopenmp'], 'ERT_MEMORY_MAX': ['1073741824'], 'ERT_LDFLAGS': [], 'ERT_LDLIBS': [], 'ERT_SPEC_GBYTES_DRAM': ['300'], 'ERT_RUN': ['export', 'KMP_AFFINITY=scatter;', 'export', 'OMP_NUM_THREADS=ERT_OPENMP_THREADS;', 'ERT_CODE'], 'ERT_FLOPS': ['1,2,4,8,16'], 'ERT_OPENMP_CFLAGS': ['-fopenmp'], 'ERT_SPEC_GFLOPS': ['1000'], 'ERT_MPI': [False], 'ERT_TRIALS_MIN': ['1'], 'ERT_DRIVER': ['driver1'], 'ERT_RESULTS': ['Results.madonna.lbl.gov.02'], 'ERT_OPENMP': ['True'], 'ERT_OPENMP_THREADS': ['1,2,4,8,16,32,48,64,80,96,112,128,144,160'], 'ERT_KERNEL': ['kernel1'], 'ERT_GPU': [False], 'ERT_LD': ['gcc'], 'ERT_NUM_EXPERIMENTS': ['3'], 'ERT_ALIGN': ['32'], 'ERT_GNUPLOT': ['gnuplot']}
