        1024            1         227.226         2048          128
        1024            2         241.055         4096          256
        1024            4         361.831         8192          512
        1024            8         303.345        16384         1024
        1024           16         326.815        32768         2048
        1024           32         310.630        65536         4096
        1024           64         232.521       131072         8192
        1024          128         313.181       262144        16384
        1024          256         381.106       524288        32768
        1024          512         300.407      1048576        65536
        1024         1024         258.769      2097152       131072
        1024         2048         263.376      4194304       262144
        1024         4096         302.179      8388608       524288
        1024         8192         380.411     16777216      1048576
        1024        16384         445.685     33554432      2097152
        1024        32768         508.756     67108864      4194304
        1024        65536         901.332    134217728      8388608
        1024       131072        1367.700    268435456     16777216
        1024       262144        2795.336    536870912     33554432
        1024       524288        4750.320   1073741824     67108864
        1024      1048576        7725.837   2147483648    134217728
        2048            1         238.940         4096          256
        2048            2         253.169         8192          512
        2048            4         257.170        16384         1024
        2048            8         263.532        32768         2048
        2048           16         282.126        65536         4096
        2048           32         317.575       131072         8192
        2048           64         294.963       262144        16384
        2048          128         275.483       524288        32768
        2048          256         230.670      1048576        65536
        2048          512         299.495      2097152       131072
        2048         1024         270.060      4194304       262144
        2048         2048         272.639      8388608       524288
        2048         4096         324.510     16777216      1048576
        2048         8192         318.931     33554432      2097152
        2048        16384         419.007     67108864      4194304
        2048        32768         488.017    134217728      8388608
        2048        65536        1021.873    268435456     16777216
        2048       131072        1548.109    536870912     33554432
        2048       262144        2554.284   1073741824     67108864
        2048       524288        5708.085   2147483648    134217728
        3072            1         234.191         6144          384
        3072            2         375.611        12288          768
        3072            4         307.222        24576         1536
        3072            8         327.376        49152         3072
        3072           16         250.593        98304         6144
        3072           32         332.133       196608        12288
        3072           64         403.691       393216        24576
        3072          128         499.723       786432        49152
        3072          256         397.093      1572864        98304
        3072          512         380.867      3145728       196608
        3072         1024         289.506      6291456       393216
        3072         2048         264.546     12582912       786432
        3072         4096         280.952     25165824      1572864
        3072         8192         441.662     50331648      3145728
        3072        16384         693.084    100663296      6291456
        3072        32768         738.885    201326592     12582912
        3072        65536        1455.183    402653184     25165824
        3072       131072        2175.976    805306368     50331648
        3072       262144        3911.566   1610612736    100663296
        4096            1         308.414         8192          512
        4096            2         346.776        16384         1024
        4096            4         395.654        32768         2048
        4096            8         330.064        65536         4096
        4096           16         262.341       131072         8192
        4096           32         328.508       262144        16384
        4096           64         423.767       524288        32768
        4096          128         457.875      1048576        65536
        4096          256         387.812      2097152       131072
        4096          512         342.500      4194304       262144
        4096         1024         346.177      8388608       524288
        4096         2048         412.711     16777216      1048576
        4096         4096         467.047     33554432      2097152
        4096         8192         496.206     67108864      4194304
        4096        16384         517.233    134217728      8388608
        4096        32768         573.566    268435456     16777216
        4096        65536        1233.295    536870912     33554432
        4096       131072        1482.350   1073741824     67108864
        4096       262144        3584.669   2147483648    134217728
        5120            1         295.939        10240          640
        5120            2         314.631        20480         1280
        5120            4         321.688        40960         2560
        5120            8         352.746        81920         5120
        5120           16         294.310       163840        10240
        5120           32         249.650       327680        20480
        5120           64         415.827       655360        40960
        5120          128         353.033      1310720        81920
        5120          256         304.336      2621440       163840
        5120          512         333.230      5242880       327680
        5120         1024         356.081     10485760       655360
        5120         2048         560.404     20971520      1310720
        5120         4096         449.339     41943040      2621440
        5120         8192         506.283     83886080      5242880
        5120        16384         582.650    167772160     10485760
        5120        32768         850.643    335544320     20971520
        5120        65536        1281.648    671088640     41943040
        5120       131072        3479.803   1342177280     83886080
        6144            1         394.681        12288          768
        6144            2         339.629        24576         1536
        6144            4         328.008        49152         3072
        6144            8         385.011        98304         6144
        6144           16         413.814       196608        12288
        6144           32         347.511       393216        24576
        6144           64         374.188       786432        49152
        6144          128         410.123      1572864        98304
        6144          256         338.930      3145728       196608
        6144          512         398.403      6291456       393216
        6144         1024         366.404     12582912       786432
        6144         2048         507.351     25165824      1572864
        6144         4096         450.771     50331648      3145728
        6144         8192         426.028    100663296      6291456
        6144        16384         595.738    201326592     12582912
        6144        32768        1271.579    402653184     25165824
        6144        65536        2146.622    805306368     50331648
        6144       131072        3603.065   1610612736    100663296
        7168            1         333.101        14336          896
        7168            2         417.478        28672         1792
        7168            4         386.240        57344         3584
        7168            8         430.697       114688         7168
        7168           16         408.873       229376        14336
        7168           32         361.965       458752        28672
        7168           64         402.372       917504        57344
        7168          128         357.756      1835008       114688
        7168          256         370.106      3670016       229376
        7168          512         383.318      7340032       458752
        7168         1024         465.547     14680064       917504
        7168         2048          20.026     29360128      1835008
        7168         4096         440.846     58720256      3670016
        7168         8192         639.720    117440512      7340032
        7168        16384         857.106    234881024     14680064
        7168        32768        1780.089    469762048     29360128
        7168        65536        2835.626    939524096     58720256
        7168       131072        5222.288   1879048192    117440512
        8192            1         329.107        16384         1024
        8192            2         393.041        32768         2048
        8192            4         385.985        65536         4096
        8192            8         438.052       131072         8192
        8192           16         570.121       262144        16384
        8192           32         368.769       524288        32768
        8192           64         338.071      1048576        65536
        8192          128         405.416      2097152       131072
        8192          256         400.966      4194304       262144
        8192          512         501.014      8388608       524288
        8192         1024         436.401     16777216      1048576
        8192         2048         464.398     33554432      2097152
        8192         4096         473.090     67108864      4194304
        8192         8192         561.279    134217728      8388608
        8192        16384         725.766    268435456     16777216
        8192        32768        1381.411    536870912     33554432
        8192        65536        1161.780   1073741824     67108864
        8192       131072        3426.893   2147483648    134217728
        9216            1           2.868        18432         1152
        9216            2         452.243        36864         2304
        9216            4         378.367        73728         4608
        9216            8         375.103       147456         9216
        9216           16         359.538       294912        18432
        9216           32         383.969       589824        36864
        9216           64         380.173      1179648        73728
        9216          128         406.739      2359296       147456
        9216          256         432.279      4718592       294912
        9216          512         474.671      9437184       589824
        9216         1024         367.751     18874368      1179648
        9216         2048         367.030     37748736      2359296
        9216         4096         487.155     75497472      4718592
        9216         8192         551.038    150994944      9437184
        9216        16384         839.756    301989888     18874368
        9216        32768        1571.010    603979776     37748736
        9216        65536        2103.253   1207959552     75497472
       10240            1         354.557        20480         1280
       10240            2         378.062        40960         2560
       10240            4         426.388        81920         5120
       10240            8         451.484       163840        10240
       10240           16         395.962       327680        20480
       10240           32         589.205       655360        40960
       10240           64         456.316      1310720        81920
       10240          128         428.259      2621440       163840
       10240          256         401.284      5242880       327680
       10240          512         435.592     10485760       655360
       10240         1024         381.592     20971520      1310720
       10240         2048         431.686     41943040      2621440
       10240         4096         515.701     83886080      5242880
       10240         8192         647.600    167772160     10485760
       10240        16384        1301.660    335544320     20971520
       10240        32768        1987.784    671088640     41943040
       10240        65536        1909.960   1342177280     83886080
       11264            1           7.672        22528         1408
       11264            2         512.701        45056         2816
       11264            4         419.746        90112         5632
       11264            8         476.631       180224        11264
       11264           16         410.296       360448        22528
       11264           32         430.854       720896        45056
       11264           64         368.377      1441792        90112
       11264          128         440.911      2883584       180224
       11264          256         398.544      5767168       360448
       11264          512         435.007     11534336       720896
       11264         1024         459.243     23068672      1441792
       11264         2048         423.681     46137344      2883584
       11264         4096         594.783     92274688      5767168
       11264         8192         755.489    184549376     11534336
       11264        16384        1053.778    369098752     23068672
       11264        32768        1936.852    738197504     46137344
       11264        65536        2161.194   1476395008     92274688
       12288            1         443.212        24576         1536
       12288            2         507.238        49152         3072
       12288            4         442.000        98304         6144
       12288            8         392.362       196608        12288
       12288           16         376.614       393216        24576
       12288           32         520.671       786432        49152
       12288           64         459.100      1572864        98304
       12288          128         409.248      3145728       196608
       12288          256         438.355      6291456       393216
       12288          512         470.409     12582912       786432
       12288         1024         432.019     25165824      1572864
       12288         2048         493.997     50331648      3145728
       12288         4096         566.240    100663296      6291456
       12288         8192         767.993    201326592     12582912
       12288        16384        1451.179    402653184     25165824
       12288        32768        1839.194    805306368     50331648
       12288        65536        2588.928   1610612736    100663296
       13312            1         451.879        26624         1664
       13312            2         470.694        53248         3328
       13312            4         423.520       106496         6656
       13312            8         500.925       212992        13312
       13312           16         490.997       425984        26624
       13312           32         465.923       851968        53248
       13312           64         529.767      1703936       106496
       13312          128         485.129      3407872       212992
       13312          256         452.178      6815744       425984
       13312          512         505.013     13631488       851968
       13312         1024         512.272     27262976      1703936
       13312         2048         530.941     54525952      3407872
       13312         4096         621.608    109051904      6815744
       13312         8192         754.271    218103808     13631488
       13312        16384        1306.950    436207616     27262976
       13312        32768        1662.323    872415232     54525952
       13312        65536        2764.250   1744830464    109051904
       14336            1         504.084        28672         1792
       14336            2         538.546        57344         3584
       14336            4         449.083       114688         7168
       14336            8         474.638       229376        14336
       14336           16           4.792       458752        28672
       14336           32         532.460       917504        57344
       14336           64         430.279      1835008       114688
       14336          128         493.771      3670016       229376
       14336          256         474.912      7340032       458752
       14336          512         527.327     14680064       917504
       14336         1024         553.245     29360128      1835008
       14336         2048         491.642     58720256      3670016
       14336         4096         595.094    117440512      7340032
       14336         8192         769.182    234881024     14680064
       14336        16384        1439.401    469762048     29360128
       14336        32768        2354.769    939524096     58720256
       14336        65536        4426.569   1879048192    117440512
       15360            1         488.878        30720         1920
       15360            2         466.291        61440         3840
       15360            4         474.958       122880         7680
       15360            8         464.954       245760        15360
       15360           16         538.132       491520        30720
       15360           32         462.373       983040        61440
       15360           64         506.510      1966080       122880
       15360          128         435.124      3932160       245760
       15360          256         524.580      7864320       491520
       15360          512         458.487     15728640       983040
       15360         1024         475.195     31457280      1966080
       15360         2048         505.951     62914560      3932160
       15360         4096         599.410    125829120      7864320
       15360         8192         986.592    251658240     15728640
       15360        16384         934.923    503316480     31457280
       15360        32768        2086.544   1006632960     62914560
       15360        65536        3055.497   2013265920    125829120
       16384            1         526.293        32768         2048
       16384            2         488.811        65536         4096
       16384            4         531.067       131072         8192
       16384            8         456.198       262144        16384
       16384           16         417.060       524288        32768
       16384           32         423.384      1048576        65536
       16384           64         499.016      2097152       131072
       16384          128         511.512      4194304       262144
       16384          256         420.223      8388608       524288
       16384          512         466.832     16777216      1048576
       16384         1024         547.645     33554432      2097152
       16384         2048         476.763     67108864      4194304
       16384         4096         583.463    134217728      8388608
       16384         8192         788.920    268435456     16777216
       16384        16384        1786.946    536870912     33554432
       16384        32768        2587.315   1073741824     67108864
       16384        65536        4764.624   2147483648    134217728
       17408            1         547.995        34816         2176
       17408            2         497.170        69632         4352
       17408            4         553.108       139264         8704
       17408            8         550.248       278528        17408
       17408           16         515.154       557056        34816
       17408           32         535.112      1114112        69632
       17408           64         547.917      2228224       139264
       17408          128         501.684      4456448       278528
       17408          256         560.696      8912896       557056
       17408          512         517.425     17825792      1114112
       17408         1024         471.727     35651584      2228224
       17408         2048         525.687     71303168      4456448
       17408         4096         725.492    142606336      8912896
       17408         8192         827.337    285212672     17825792
       17408        16384        1462.300    570425344     35651584
       17408        32768        3174.879   1140850688     71303168
       18432            1         491.312        36864         2304
       18432            2         531.076        73728         4608
       18432            4         468.503       147456         9216
       18432            8         508.764       294912        18432
       18432           16         455.287       589824        36864
       18432           32         488.651      1179648        73728
       18432           64         514.497      2359296       147456
       18432          128         492.534      4718592       294912
       18432          256         502.979      9437184       589824
       18432          512         497.468     18874368      1179648
       18432         1024         537.349     37748736      2359296
       18432         2048         494.310     75497472      4718592
       18432         4096         586.919    150994944      9437184
       18432         8192         924.765    301989888     18874368
       18432        16384        1373.577    603979776     37748736
       18432        32768        1744.114   1207959552     75497472
       19456            1         447.577        38912         2432
       19456            2           3.924        77824         4864
       19456            4         419.076       155648         9728
       19456            8         485.098       311296        19456
       19456           16         528.449       622592        38912
       19456           32         401.607      1245184        77824
       19456           64         417.720      2490368       155648
       19456          128         421.103      4980736       311296
       19456          256         428.900      9961472       622592
       19456          512         520.780     19922944      1245184
       19456         1024         517.025     39845888      2490368
       19456         2048         534.932     79691776      4980736
       19456         4096         642.602    159383552      9961472
       19456         8192        1131.279    318767104     19922944
       19456        16384        2163.668    637534208     39845888
       19456        32768        3184.719   1275068416     79691776
       20480            1         490.191        40960         2560
       20480            2         440.473        81920         5120
       20480            4         498.334       163840        10240
       20480            8         527.738       327680        20480
       20480           16         515.521       655360        40960
       20480           32         445.427      1310720        81920
       20480           64         471.711      2621440       163840
       20480          128         484.046      5242880       327680
       20480          256         482.008     10485760       655360
       20480          512         552.724     20971520      1310720
       20480         1024         555.218     41943040      2621440
       20480         2048         537.996     83886080      5242880
       20480         4096         793.543    167772160     10485760
       20480         8192        1168.463    335544320     20971520
       20480        16384        1964.436    671088640     41943040
       20480        32768        1795.358   1342177280     83886080
       22528            1           7.372        45056         2816
       22528            2         521.589        90112         5632
       22528            4         544.329       180224        11264
       22528            8         523.966       360448        22528
       22528           16         467.383       720896        45056
       22528           32         564.510      1441792        90112
       22528           64         495.346      2883584       180224
       22528          128         463.943      5767168       360448
       22528          256         444.942     11534336       720896
       22528          512         441.189     23068672      1441792
       22528         1024         563.509     46137344      2883584
       22528         2048         549.489     92274688      5767168
       22528         4096         630.575    184549376     11534336
       22528         8192         962.376    369098752     23068672
       22528        16384        1459.925    738197504     46137344
       22528        32768        3012.398   1476395008     92274688
       24576            1         431.564        49152         3072
       24576            2         502.078        98304         6144
       24576            4         490.042       196608        12288
       24576            8         520.785       393216        24576
       24576           16         457.007       786432        49152
       24576           32         424.232      1572864        98304
       24576           64         535.545      3145728       196608
       24576          128         399.227      6291456       393216
       24576          256         674.059     12582912       786432
       24576          512         510.910     25165824      1572864
       24576         1024         514.933     50331648      3145728
       24576         2048         582.932    100663296      6291456
       24576         4096         838.382    201326592     12582912
       24576         8192        1316.314    402653184     25165824
       24576        16384        1801.896    805306368     50331648
       24576        32768        3848.320   1610612736    100663296
       26624            1         520.504        53248         3328
       26624            2         529.068       106496         6656
       26624            4         501.785       212992        13312
       26624            8         521.824       425984        26624
       26624           16         457.656       851968        53248
       26624           32         523.905      1703936       106496
       26624           64         474.694      3407872       212992
       26624          128         519.835      6815744       425984
       26624          256         532.765     13631488       851968
       26624          512         545.213     27262976      1703936
       26624         1024         447.194     54525952      3407872
       26624         2048         583.044    109051904      6815744
       26624         4096         755.575    218103808     13631488
       26624         8192        1010.496    436207616     27262976
       26624        16384        2387.948    872415232     54525952
       26624        32768        3921.365   1744830464    109051904
       28672            1         449.189        57344         3584
       28672            2         474.703       114688         7168
       28672            4         442.058       229376        14336
       28672            8         440.751       458752        28672
       28672           16         447.999       917504        57344
       28672           32         511.353      1835008       114688
       28672           64         514.733      3670016       229376
       28672          128         489.418      7340032       458752
       28672          256          14.260     14680064       917504
       28672          512         459.545     29360128      1835008
       28672         1024         546.085     58720256      3670016
       28672         2048         584.444    117440512      7340032
       28672         4096         889.807    234881024     14680064
       28672         8192        1280.331    469762048     29360128
       28672        16384        2572.122    939524096     58720256
       28672        32768        4014.259   1879048192    117440512
       30720            1         416.416        61440         3840
       30720            2         425.212       122880         7680
       30720            4         447.799       245760        15360
       30720            8         553.984       491520        30720
       30720           16         516.337       983040        61440
       30720           32         547.729      1966080       122880
       30720           64         553.173      3932160       245760
       30720          128          16.798      7864320       491520
       30720          256         453.849     15728640       983040
       30720          512         492.841     31457280      1966080
       30720         1024         548.529     62914560      3932160
       30720         2048         697.187    125829120      7864320
       30720         4096         996.760    251658240     15728640
       30720         8192        1332.444    503316480     31457280
       30720        16384        1236.151   1006632960     62914560
       30720        32768        2502.309   2013265920    125829120
       33792            1         443.296        67584         4224
       33792            2         487.440       135168         8448
       33792            4         663.323       270336        16896
       33792            8         524.101       540672        33792
       33792           16         512.955      1081344        67584
       33792           32         470.132      2162688       135168
       33792           64         469.815      4325376       270336
       33792          128         452.696      8650752       540672
       33792          256         570.224     17301504      1081344
       33792          512         568.220     34603008      2162688
       33792         1024         580.002     69206016      4325376
       33792         2048         646.566    138412032      8650752
       33792         4096         879.447    276824064     17301504
       33792         8192        1482.606    553648128     34603008
       33792        16384        2543.049   1107296256     69206016
       36864            1         468.488        73728         4608
       36864            2         458.825       147456         9216
       36864            4         419.823       294912        18432
       36864            8         412.362       589824        36864
       36864           16         428.622      1179648        73728
       36864           32         531.165      2359296       147456
       36864           64         513.149      4718592       294912
       36864          128         448.855      9437184       589824
       36864          256         436.895     18874368      1179648
       36864          512          41.023     37748736      2359296
       36864         1024         547.910     75497472      4718592
       36864         2048         641.282    150994944      9437184
       36864         4096        1208.285    301989888     18874368
       36864         8192        1521.053    603979776     37748736
       36864        16384        2634.425   1207959552     75497472
       39936            1         487.966        79872         4992
       39936            2         419.003       159744         9984
       39936            4         442.995       319488        19968
       39936            8         472.702       638976        39936
       39936           16         545.700      1277952        79872
       39936           32         427.354      2555904       159744
       39936           64         457.600      5111808       319488
       39936          128         499.564     10223616       638976
       39936          256         581.975     20447232      1277952
       39936          512         460.271     40894464      2555904
       39936         1024         623.299     81788928      5111808
       39936         2048         803.012    163577856     10223616
       39936         4096         903.404    327155712     20447232
       39936         8192        1451.655    654311424     40894464
       39936        16384        2231.862   1308622848     81788928
       43008            1         422.119        86016         5376
       43008            2           4.727       172032        10752
       43008            4         550.873       344064        21504
       43008            8         566.375       688128        43008
       43008           16         488.298      1376256        86016
       43008           32         542.825      2752512       172032
       43008           64         500.861      5505024       344064
       43008          128         508.062     11010048       688128
       43008          256         461.791     22020096      1376256
       43008          512         526.870     44040192      2752512
       43008         1024         590.771     88080384      5505024
       43008         2048         716.500    176160768     11010048
       43008         4096         930.829    352321536     22020096
       43008         8192        1551.375    704643072     44040192
       43008        16384        3081.786   1409286144     88080384
       47104            1         423.170        94208         5888
       47104            2         479.467       188416        11776
       47104            4         500.609       376832        23552
       47104            8         422.717       753664        47104
       47104           16         480.674      1507328        94208
       47104           32         478.264      3014656       188416
       47104           64         506.974      6029312       376832
       47104          128         494.806     12058624       753664
       47104          256         509.777     24117248      1507328
       47104          512         508.830     48234496      3014656
       47104         1024         522.736     96468992      6029312
       47104         2048         553.021    192937984     12058624
       47104         4096        1157.516    385875968     24117248
       47104         8192        1052.592    771751936     48234496
       47104        16384        1734.775   1543503872     96468992
       51200            1           8.443       102400         6400
       51200            2         506.706       204800        12800
       51200            4         540.892       409600        25600
       51200            8         441.120       819200        51200
       51200           16         463.507      1638400       102400
       51200           32         526.254      3276800       204800
       51200           64         427.984      6553600       409600
       51200          128         510.047     13107200       819200
       51200          256         528.548     26214400      1638400
       51200          512         528.561     52428800      3276800
       51200         1024         614.298    104857600      6553600
       51200         2048         679.001    209715200     13107200
       51200         4096        1361.457    419430400     26214400
       51200         8192        2047.044    838860800     52428800
       51200        16384        3557.295   1677721600    104857600
       56320            1         462.103       112640         7040
       56320            2         504.347       225280        14080
       56320            4         478.075       450560        28160
       56320            8         445.577       901120        56320
       56320           16         509.789      1802240       112640
       56320           32         550.363      3604480       225280
       56320           64         481.866      7208960       450560
       56320          128         465.341     14417920       901120
       56320          256         475.761     28835840      1802240
       56320          512         588.003     57671680      3604480
       56320         1024         570.516    115343360      7208960
       56320         2048         696.864    230686720     14417920
       56320         4096         890.372    461373440     28835840
       56320         8192        1789.857    922746880     57671680
       56320        16384        3942.596   1845493760    115343360
       61440            1         526.809       122880         7680
       61440            2         442.948       245760        15360
       61440            4         462.467       491520        30720
       61440            8         482.908       983040        61440
       61440           16         515.925      1966080       122880
       61440           32         471.105      3932160       245760
       61440           64         531.460      7864320       491520
       61440          128         478.379     15728640       983040
       61440          256          24.384     31457280      1966080
       61440          512         508.027     62914560      3932160
       61440         1024         588.548    125829120      7864320
       61440         2048         861.668    251658240     15728640
       61440         4096        1487.694    503316480     31457280
       61440         8192        2355.364   1006632960     62914560
       61440        16384        4208.240   2013265920    125829120
       67584            1         435.395       135168         8448
       67584            2         419.568       270336        16896
       67584            4         536.085       540672        33792
       67584            8           8.492      1081344        67584
       67584           16         543.170      2162688       135168
       67584           32         581.324      4325376       270336
       67584           64         500.529      8650752       540672
       67584          128         484.495     17301504      1081344
       67584          256         536.627     34603008      2162688
       67584          512         497.814     69206016      4325376
       67584         1024         691.449    138412032      8650752
       67584         2048         895.369    276824064     17301504
       67584         4096        1313.099    553648128     34603008
       67584         8192        2514.563   1107296256     69206016
       73728            1         516.685       147456         9216
       73728            2         465.323       294912        18432
       73728            4         423.086       589824        36864
       73728            8         514.467      1179648        73728
       73728           16         522.636      2359296       147456
       73728           32         551.577      4718592       294912
       73728           64         444.831      9437184       589824
       73728          128         472.915     18874368      1179648
       73728          256         484.215     37748736      2359296
       73728          512         544.464     75497472      4718592
       73728         1024         629.947    150994944      9437184
       73728         2048         721.640    301989888     18874368
       73728         4096        1524.725    603979776     37748736
       73728         8192        2263.242   1207959552     75497472
       80896            1         427.132       161792        10112
       80896            2         493.159       323584        20224
       80896            4         488.906       647168        40448
       80896            8         464.046      1294336        80896
       80896           16         479.115      2588672       161792
       80896           32         521.510      5177344       323584
       80896           64          18.855     10354688       647168
       80896          128         519.157     20709376      1294336
       80896          256         516.805     41418752      2588672
       80896          512         512.194     82837504      5177344
       80896         1024         718.048    165675008     10354688
       80896         2048        1114.518    331350016     20709376
       80896         4096        1766.550    662700032     41418752
       80896         8192        2973.340   1325400064     82837504
       88064            1         414.140       176128        11008
       88064            2         489.213       352256        22016
       88064            4         415.525       704512        44032
       88064            8         480.329      1409024        88064
       88064           16         517.869      2818048       176128
       88064           32         471.177      5636096       352256
       88064           64         468.701     11272192       704512
       88064          128         487.383     22544384      1409024
       88064          256         505.595     45088768      2818048
       88064          512         572.484     90177536      5636096
       88064         1024         705.878    180355072     11272192
       88064         2048         953.990    360710144     22544384
       88064         4096        1261.056    721420288     45088768
       88064         8192        2316.275   1442840576     90177536
       96256            1         529.519       192512        12032
       96256            2         426.604       385024        24064
       96256            4           9.764       770048        48128
       96256            8         508.013      1540096        96256
       96256           16         526.385      3080192       192512
       96256           32         485.575      6160384       385024
       96256           64         548.657     12320768       770048
       96256          128         542.105     24641536      1540096
       96256          256         463.035     49283072      3080192
       96256          512         505.089     98566144      6160384
       96256         1024         865.478    197132288     12320768
       96256         2048        1254.481    394264576     24641536
       96256         4096        1850.828    788529152     49283072
       96256         8192        3309.854   1577058304     98566144
      105472            1         632.154       210944        13184
      105472            2         495.532       421888        26368
      105472            4         473.543       843776        52736
      105472            8         481.867      1687552       105472
      105472           16         471.411      3375104       210944
      105472           32         443.809      6750208       421888
      105472           64         429.230     13500416       843776
      105472          128          32.118     27000832      1687552
      105472          256         531.030     54001664      3375104
      105472          512         674.721    108003328      6750208
      105472         1024         810.112    216006656     13500416
      105472         2048        1218.514    432013312     27000832
      105472         4096        2026.480    864026624     54001664
      105472         8192        3672.214   1728053248    108003328
      115712            1         446.178       231424        14464
      115712            2         429.126       462848        28928
      115712            4         474.632       925696        57856
      115712            8         483.495      1851392       115712
      115712           16         493.556      3702784       231424
      115712           32         487.250      7405568       462848
      115712           64         426.046     14811136       925696
      115712          128         527.613     29622272      1851392
      115712          256         462.333     59244544      3702784
      115712          512         589.769    118489088      7405568
      115712         1024         782.318    236978176     14811136
      115712         2048        1117.176    473956352     29622272
      115712         4096        1569.224    947912704     59244544
      115712         8192        2786.619   1895825408    118489088
      126976            1         536.220       253952        15872
      126976            2         532.691       507904        31744
      126976            4         427.250      1015808        63488
      126976            8          10.873      2031616       126976
      126976           16         542.233      4063232       253952
      126976           32         469.912      8126464       507904
      126976           64         487.566     16252928      1015808
      126976          128         488.947     32505856      2031616
      126976          256         583.168     65011712      4063232
      126976          512         620.358    130023424      8126464
      126976         1024         767.824    260046848     16252928
      126976         2048        1587.159    520093696     32505856
      126976         4096        2260.107   1040187392     65011712
      126976         8192        2536.977   2080374784    130023424
      139264            1         105.950       278528        17408
      139264            2         488.382       557056        34816
      139264            4         483.038      1114112        69632
      139264            8         493.682      2228224       139264
      139264           16         550.516      4456448       278528
      139264           32         537.284      8912896       557056
      139264           64         522.989     17825792      1114112
      139264          128         490.956     35651584      2228224
      139264          256         608.306     71303168      4456448
      139264          512         630.762    142606336      8912896
      139264         1024         709.758    285212672     17825792
      139264         2048        1199.696    570425344     35651584
      139264         4096        1762.602   1140850688     71303168
      152576            1         472.090       305152        19072
      152576            2         416.769       610304        38144
      152576            4         446.547      1220608        76288
      152576            8         388.003      2441216       152576
      152576           16         461.321      4882432       305152
      152576           32         468.585      9764864       610304
      152576           64         526.924     19529728      1220608
      152576          128         555.200     39059456      2441216
      152576          256         582.092     78118912      4882432
      152576          512         710.596    156237824      9764864
      152576         1024        1065.733    312475648     19529728
      152576         2048        1521.836    624951296     39059456
      152576         4096        2772.354   1249902592     78118912
      166912            1         457.377       333824        20864
      166912            2         477.172       667648        41728
      166912            4         507.494      1335296        83456
      166912            8         515.860      2670592       166912
      166912           16         527.654      5341184       333824
      166912           32         428.866     10682368       667648
      166912           64         461.243     21364736      1335296
      166912          128         598.412     42729472      2670592
      166912          256         524.638     85458944      5341184
      166912          512         584.967    170917888     10682368
      166912         1024         813.777    341835776     21364736
      166912         2048        1380.101    683671552     42729472
      166912         4096        2933.190   1367343104     85458944
      183296            1         476.959       366592        22912
      183296            2         481.050       733184        45824
      183296            4         518.153      1466368        91648
      183296            8         427.568      2932736       183296
      183296           16         409.448      5865472       366592
      183296           32         526.985     11730944       733184
      183296           64         458.252     23461888      1466368
      183296          128         503.265     46923776      2932736
      183296          256         610.936     93847552      5865472
      183296          512         709.516    187695104     11730944
      183296         1024        1287.958    375390208     23461888
      183296         2048        1980.785    750780416     46923776
      183296         4096        3255.214   1501560832     93847552
      200704            1         489.710       401408        25088
      200704            2         426.530       802816        50176
      200704            4         423.096      1605632       100352
      200704            8         524.187      3211264       200704
      200704           16         444.957      6422528       401408
      200704           32         530.641     12845056       802816
      200704           64         488.527     25690112      1605632
      200704          128         741.459     51380224      3211264
      200704          256         609.021    102760448      6422528
      200704          512         781.011    205520896     12845056
      200704         1024        1139.639    411041792     25690112
      200704         2048        2307.436    822083584     51380224
      200704         4096        3630.397   1644167168    102760448
      220160            1         451.465       440320        27520
      220160            2         518.853       880640        55040
      220160            4         477.888      1761280       110080
      220160            8         465.191      3522560       220160
      220160           16         468.986      7045120       440320
      220160           32         510.400     14090240       880640
      220160           64         449.148     28180480      1761280
      220160          128         575.824     56360960      3522560
      220160          256         613.202    112721920      7045120
      220160          512         757.357    225443840     14090240
      220160         1024        1234.110    450887680     28180480
      220160         2048        1644.123    901775360     56360960
      220160         4096        2759.641   1803550720    112721920
      241664            1         487.406       483328        30208
      241664            2         457.483       966656        60416
      241664            4         451.680      1933312       120832
      241664            8           8.645      3866624       241664
      241664           16         466.266      7733248       483328
      241664           32         575.892     15466496       966656
      241664           64         548.976     30932992      1933312
      241664          128         559.376     61865984      3866624
      241664          256         681.814    123731968      7733248
      241664          512         817.882    247463936     15466496
      241664         1024        1131.615    494927872     30932992
      241664         2048        1392.742    989855744     61865984
      241664         4096        3752.581   1979711488    123731968
      265216            1         531.095       530432        33152
      265216            2         494.653      1060864        66304
      265216            4         517.033      2121728       132608
      265216            8         465.699      4243456       265216
      265216           16         422.524      8486912       530432
      265216           32         477.299     16973824      1060864
      265216           64         534.796     33947648      2121728
      265216          128         418.146     67895296      4243456
      265216          256         524.924    135790592      8486912
      265216          512         857.108    271581184     16973824
      265216         1024         796.898    543162368     33947648
      265216         2048        1597.258   1086324736     67895296
      290816            1         530.763       581632        36352
      290816            2         472.670      1163264        72704
      290816            4         406.686      2326528       145408
      290816            8         422.509      4653056       290816
      290816           16         410.996      9306112       581632
      290816           32         503.309     18612224      1163264
      290816           64         459.455     37224448      2326528
      290816          128         455.104     74448896      4653056
      290816          256         516.378    148897792      9306112
      290816          512         674.340    297795584     18612224
      290816         1024        1397.162    595591168     37224448
      290816         2048        1226.070   1191182336     74448896
      319488            1         466.348       638976        39936
      319488            2         548.912      1277952        79872
      319488            4         495.493      2555904       159744
      319488            8          97.339      5111808       319488
      319488           16         499.897     10223616       638976
      319488           32         661.757     20447232      1277952
      319488           64         437.315     40894464      2555904
      319488          128         522.453     81788928      5111808
      319488          256         572.100    163577856     10223616
      319488          512        1062.070    327155712     20447232
      319488         1024        1539.700    654311424     40894464
      319488         2048        2724.182   1308622848     81788928
      351232            1         463.971       702464        43904
      351232            2         442.477      1404928        87808
      351232            4         478.437      2809856       175616
      351232            8         503.574      5619712       351232
      351232           16         507.521     11239424       702464
      351232           32         455.707     22478848      1404928
      351232           64         455.351     44957696      2809856
      351232          128         544.036     89915392      5619712
      351232          256         552.714    179830784     11239424
      351232          512         818.408    359661568     22478848
      351232         1024        1483.813    719323136     44957696
      351232         2048        2728.247   1438646272     89915392
      386048            1         441.699       772096        48256
      386048            2         445.836      1544192        96512
      386048            4         541.766      3088384       193024
      386048            8         500.697      6176768       386048
      386048           16         474.818     12353536       772096
      386048           32         472.993     24707072      1544192
      386048           64         517.236     49414144      3088384
      386048          128         481.878     98828288      6176768
      386048          256         709.624    197656576     12353536
      386048          512        1117.384    395313152     24707072
      386048         1024        1386.168    790626304     49414144
      386048         2048        1961.710   1581252608     98828288
      423936            1           9.513       847872        52992
      423936            2         481.097      1695744       105984
      423936            4         507.471      3391488       211968
      423936            8         426.387      6782976       423936
      423936           16         479.461     13565952       847872
      423936           32         459.667     27131904      1695744
      423936           64         504.458     54263808      3391488
      423936          128         568.722    108527616      6782976
      423936          256         767.212    217055232     13565952
      423936          512        1308.492    434110464     27131904
      423936         1024        1971.295    868220928     54263808
      423936         2048        3698.503   1736441856    108527616
      465920            1         531.435       931840        58240
      465920            2         427.512      1863680       116480
      465920            4         498.496      3727360       232960
      465920            8         425.497      7454720       465920
      465920           16         509.691     14909440       931840
      465920           32         445.128     29818880      1863680
      465920           64         530.545     59637760      3727360
      465920          128         550.793    119275520      7454720
      465920          256         676.977    238551040     14909440
      465920          512        1038.368    477102080     29818880
      465920         1024        1582.119    954204160     59637760
      465920         2048        2268.189   1908408320    119275520
      512000            1         456.088      1024000        64000
      512000            2         434.235      2048000       128000
      512000            4         527.403      4096000       256000
      512000            8         510.587      8192000       512000
      512000           16         541.948     16384000      1024000
      512000           32         466.861     32768000      2048000
      512000           64         483.714     65536000      4096000
      512000          128         762.515    131072000      8192000
      512000          256         871.067    262144000     16384000
      512000          512        1435.159    524288000     32768000
      512000         1024        2384.770   1048576000     65536000
      512000         2048        4231.647   2097152000    131072000
      563200            1         462.555      1126400        70400
      563200            2         458.489      2252800       140800
      563200            4         506.082      4505600       281600
      563200            8         560.428      9011200       563200
      563200           16         545.343     18022400      1126400
      563200           32         469.858     36044800      2252800
      563200           64         554.624     72089600      4505600
      563200          128         614.069    144179200      9011200
      563200          256         834.952    288358400     18022400
      563200          512        1158.509    576716800     36044800
      563200         1024        1853.317   1153433600     72089600
      619520            1         435.696      1239040        77440
      619520            2         523.532      2478080       154880
      619520            4         487.122      4956160       309760
      619520            8         546.457      9912320       619520
      619520           16         551.764     19824640      1239040
      619520           32         561.488     39649280      2478080
      619520           64         576.750     79298560      4956160
      619520          128         715.518    158597120      9912320
      619520          256         964.720    317194240     19824640
      619520          512        1636.165    634388480     39649280
      619520         1024        2856.429   1268776960     79298560
      680960            1         508.470      1361920        85120
      680960            2         525.929      2723840       170240
      680960            4         532.660      5447680       340480
      680960            8         507.620     10895360       680960
      680960           16         472.865     21790720      1361920
      680960           32         499.213     43581440      2723840
      680960           64         555.053     87162880      5447680
      680960          128         606.213    174325760     10895360
      680960          256        1002.133    348651520     21790720
      680960          512        1776.066    697303040     43581440
      680960         1024        2675.277   1394606080     87162880
      748544            1         496.905      1497088        93568
      748544            2         501.807      2994176       187136
      748544            4         463.428      5988352       374272
      748544            8         544.721     11976704       748544
      748544           16         553.964     23953408      1497088
      748544           32         523.698     47906816      2994176
      748544           64         598.535     95813632      5988352
      748544          128         698.128    191627264     11976704
      748544          256         987.992    383254528     23953408
      748544          512        1634.546    766509056     47906816
      748544         1024        1571.099   1533018112     95813632
      823296            1         530.073      1646592       102912
      823296            2         470.262      3293184       205824
      823296            4         433.286      6586368       411648
      823296            8         405.896     13172736       823296
      823296           16          22.457     26345472      1646592
      823296           32         585.989     52690944      3293184
      823296           64         652.634    105381888      6586368
      823296          128         817.965    210763776     13172736
      823296          256        1123.708    421527552     26345472
      823296          512        1908.352    843055104     52690944
      823296         1024        1877.537   1686110208    105381888
      905216            1         429.548      1810432       113152
      905216            2         450.135      3620864       226304
      905216            4         400.101      7241728       452608
      905216            8         448.482     14483456       905216
      905216           16         448.471     28966912      1810432
      905216           32         459.823     57933824      3620864
      905216           64         696.551    115867648      7241728
      905216          128         801.357    231735296     14483456
      905216          256        1263.168    463470592     28966912
      905216          512        2136.054    926941184     57933824
      905216         1024        4077.366   1853882368    115867648
      995328            1         493.407      1990656       124416
      995328            2         547.366      3981312       248832
      995328            4         507.989      7962624       497664
      995328            8         493.526     15925248       995328
      995328           16         550.802     31850496      1990656
      995328           32         537.374     63700992      3981312
      995328           64         688.252    127401984      7962624
      995328          128         751.226    254803968     15925248
      995328          256        1225.827    509607936     31850496
      995328          512        2027.226   1019215872     63700992
      995328         1024        2305.335   2038431744    127401984
     1094656            1           8.486      2189312       136832
     1094656            2         500.620      4378624       273664
     1094656            4         530.661      8757248       547328
     1094656            8         500.649     17514496      1094656
     1094656           16         470.625     35028992      2189312
     1094656           32         579.635     70057984      4378624
     1094656           64         638.717    140115968      8757248
     1094656          128         843.848    280231936     17514496
     1094656          256        1638.786    560463872     35028992
     1094656          512        2430.703   1120927744     70057984
     1203200            1         509.070      2406400       150400
     1203200            2         455.960      4812800       300800
     1203200            4         530.361      9625600       601600
     1203200            8         478.522     19251200      1203200
     1203200           16         455.799     38502400      2406400
     1203200           32         479.878     77004800      4812800
     1203200           64         621.994    154009600      9625600
     1203200          128         862.921    308019200     19251200
     1203200          256        1248.989    616038400     38502400
     1203200          512        2575.789   1232076800     77004800
     1323008            1         506.022      2646016       165376
     1323008            2         499.534      5292032       330752
     1323008            4         490.620     10584064       661504
     1323008            8         526.947     21168128      1323008
     1323008           16         546.292     42336256      2646016
     1323008           32         519.157     84672512      5292032
     1323008           64         643.642    169345024     10584064
     1323008          128         805.704    338690048     21168128
     1323008          256        1024.363    677380096     42336256
     1323008          512        1625.938   1354760192     84672512
     1455104            1         519.051      2910208       181888
     1455104            2         438.950      5820416       363776
     1455104            4         531.473     11640832       727552
     1455104            8         481.914     23281664      1455104
     1455104           16         535.741     46563328      2910208
     1455104           32         546.936     93126656      5820416
     1455104           64         648.684    186253312     11640832
     1455104          128        1011.408    372506624     23281664
     1455104          256         955.335    745013248     46563328
     1455104          512        2827.827   1490026496     93126656
     1600512            1         483.319      3201024       200064
     1600512            2         443.628      6402048       400128
     1600512            4         461.973     12804096       800256
     1600512            8         502.395     25608192      1600512
     1600512           16         509.740     51216384      3201024
     1600512           32         565.609    102432768      6402048
     1600512           64         690.812    204865536     12804096
     1600512          128         925.535    409731072     25608192
     1600512          256        1252.717    819462144     51216384
     1600512          512        3491.626   1638924288    102432768
     1760256            1         513.901      3520512       220032
     1760256            2         539.873      7041024       440064
     1760256            4         435.738     14082048       880128
     1760256            8         522.289     28164096      1760256
     1760256           16         521.718     56328192      3520512
     1760256           32         669.440    112656384      7041024
     1760256           64         722.807    225312768     14082048
     1760256          128        1019.584    450625536     28164096
     1760256          256        1252.028    901251072     56328192
     1760256          512        2228.594   1802502144    112656384
     1935360            1         488.472      3870720       241920
     1935360            2          15.070      7741440       483840
     1935360            4         495.087     15482880       967680
     1935360            8         616.428     30965760      1935360
     1935360           16         567.564     61931520      3870720
     1935360           32         713.289    123863040      7741440
     1935360           64         846.552    247726080     15482880
     1935360          128        1233.334    495452160     30965760
     1935360          256        2091.635    990904320     61931520
     1935360          512        4072.484   1981808640    123863040
     2128896            1         452.669      4257792       266112
     2128896            2         417.630      8515584       532224
     2128896            4         493.844     17031168      1064448
     2128896            8         459.914     34062336      2128896
     2128896           16         501.009     68124672      4257792
     2128896           32         590.378    136249344      8515584
     2128896           64         761.004    272498688     17031168
     2128896          128        1114.844    544997376     34062336
     2128896          256        2479.569   1089994752     68124672
     2340864            1         481.562      4681728       292608
     2340864            2         500.000      9363456       585216
     2340864            4         507.236     18726912      1170432
     2340864            8         553.860     37453824      2340864
     2340864           16         479.790     74907648      4681728
     2340864           32         617.266    149815296      9363456
     2340864           64         822.513    299630592     18726912
     2340864          128        1216.662    599261184     37453824
     2340864          256        2446.891   1198522368     74907648
     2574336            1         557.779      5148672       321792
     2574336            2         519.553     10297344       643584
     2574336            4         517.941     20594688      1287168
     2574336            8         497.323     41189376      2574336
     2574336           16         517.620     82378752      5148672
     2574336           32         758.149    164757504     10297344
     2574336           64         966.720    329515008     20594688
     2574336          128        1610.639    659030016     41189376
     2574336          256        2869.028   1318060032     82378752
     2831360            1         512.372      5662720       353920
     2831360            2         440.351     11325440       707840
     2831360            4         487.610     22650880      1415680
     2831360            8         451.367     45301760      2831360
     2831360           16         575.533     90603520      5662720
     2831360           32         611.515    181207040     11325440
     2831360           64         817.941    362414080     22650880
     2831360          128        1457.416    724828160     45301760
     2831360          256        1737.791   1449656320     90603520
     3113984            1         560.464      6227968       389248
     3113984            2         451.481     12455936       778496
     3113984            4         442.800     24911872      1556992
     3113984            8          30.580     49823744      3113984
     3113984           16         548.952     99647488      6227968
     3113984           32         754.740    199294976     12455936
     3113984           64        1323.656    398589952     24911872
     3113984          128        1649.054    797179904     49823744
     3113984          256        2315.149   1594359808     99647488
     3425280            1         438.100      6850560       428160
     3425280            2         501.177     13701120       856320
     3425280            4         423.468     27402240      1712640
     3425280            8         562.364     54804480      3425280
     3425280           16         563.308    109608960      6850560
     3425280           32         652.112    219217920     13701120
     3425280           64        1002.137    438435840     27402240
     3425280          128        2092.592    876871680     54804480
     3425280          256        3858.687   1753743360    109608960
     3767296            1         481.284      7534592       470912
     3767296            2         481.142     15069184       941824
     3767296            4         483.834     30138368      1883648
     3767296            8         520.746     60276736      3767296
     3767296           16         598.035    120553472      7534592
     3767296           32         737.019    241106944     15069184
     3767296           64        1070.694    482213888     30138368
     3767296          128        1240.589    964427776     60276736
     3767296          256        2112.377   1928855552    120553472
     4143104            1         485.710      8286208       517888
     4143104            2         488.559     16572416      1035776
     4143104            4         559.031     33144832      2071552
     4143104            8         650.823     66289664      4143104
     4143104           16         602.430    132579328      8286208
     4143104           32         842.056    265158656     16572416
     4143104           64        1244.565    530317312     33144832
     4143104          128        2326.814   1060634624     66289664
     4143104          256        4249.127   2121269248    132579328
     4556800            1         482.434      9113600       569600
     4556800            2         551.353     18227200      1139200
     4556800            4         572.794     36454400      2278400
     4556800            8         563.984     72908800      4556800
     4556800           16         711.548    145817600      9113600
     4556800           32         989.183    291635200     18227200
     4556800           64        1400.702    583270400     36454400
     4556800          128        1757.340   1166540800     72908800
     5012480            1         470.291     10024960       626560
     5012480            2         449.381     20049920      1253120
     5012480            4         448.891     40099840      2506240
     5012480            8         486.192     80199680      5012480
     5012480           16         577.244    160399360     10024960
     5012480           32        1046.194    320798720     20049920
     5012480           64        1609.268    641597440     40099840
     5012480          128        2863.359   1283194880     80199680
     5513216            1         462.434     11026432       689152
     5513216            2         458.793     22052864      1378304
     5513216            4         536.329     44105728      2756608
     5513216            8         517.040     88211456      5513216
     5513216           16         610.928    176422912     11026432
     5513216           32        1060.506    352845824     22052864
     5513216           64         930.330    705691648     44105728
     5513216          128        2603.655   1411383296     88211456
     6064128            1         421.051     12128256       758016
     6064128            2         543.205     24256512      1516032
     6064128            4         434.075     48513024      3032064
     6064128            8         484.375     97026048      6064128
     6064128           16         641.387    194052096     12128256
     6064128           32         918.614    388104192     24256512
     6064128           64        1591.827    776208384     48513024
     6064128          128        2326.188   1552416768     97026048
     6670336            1         435.947     13340672       833792
     6670336            2         448.317     26681344      1667584
     6670336            4         442.196     53362688      3335168
     6670336            8         496.493    106725376      6670336
     6670336           16         936.628    213450752     13340672
     6670336           32        1193.453    426901504     26681344
     6670336           64        1956.537    853803008     53362688
     6670336          128        3482.626   1707606016    106725376
     7336960            1         506.829     14673920       917120
     7336960            2         521.597     29347840      1834240
     7336960            4         477.967     58695680      3668480
     7336960            8         494.480    117391360      7336960
     7336960           16         739.545    234782720     14673920
     7336960           32         862.713    469565440     29347840
     7336960           64        1267.073    939130880     58695680
     7336960          128        3399.031   1878261760    117391360
     8070144            1         492.182     16140288      1008768
     8070144            2         518.971     32280576      2017536
     8070144            4         490.362     64561152      4035072
     8070144            8         689.948    129122304      8070144
     8070144           16         691.981    258244608     16140288
     8070144           32        1069.345    516489216     32280576
     8070144           64        2439.054   1032978432     64561152
     8070144          128        4215.273   2065956864    129122304
     8877056            1         508.686     17754112      1109632
     8877056            2         517.693     35508224      2219264
     8877056            4         479.548     71016448      4438528
     8877056            8         557.998    142032896      8877056
     8877056           16         798.754    284065792     17754112
     8877056           32        1159.021    568131584     35508224
     8877056           64        1827.112   1136263168     71016448
     9763840            1         423.090     19527680      1220480
     9763840            2         504.413     39055360      2440960
     9763840            4         537.851     78110720      4881920
     9763840            8         650.774    156221440      9763840
     9763840           16         723.420    312442880     19527680
     9763840           32        1144.564    624885760     39055360
     9763840           64        1320.221   1249771520     78110720
    10739712            1         506.472     21479424      1342464
    10739712            2         501.522     42958848      2684928
    10739712            4         494.857     85917696      5369856
    10739712            8         570.375    171835392     10739712
    10739712           16         777.158    343670784     21479424
    10739712           32        1205.944    687341568     42958848
    10739712           64        1754.592   1374683136     85917696
    11812864            1         448.707     23625728      1476608
    11812864            2         543.565     47251456      2953216
    11812864            4         527.311     94502912      5906432
    11812864            8         656.161    189005824     11812864
    11812864           16         799.163    378011648     23625728
    11812864           32        1057.470    756023296     47251456
    11812864           64        3303.351   1512046592     94502912
    12993536            1         500.635     25987072      1624192
    12993536            2         461.179     51974144      3248384
    12993536            4         534.949    103948288      6496768
    12993536            8         685.157    207896576     12993536
    12993536           16        1143.246    415793152     25987072
    12993536           32        2174.370    831586304     51974144
    12993536           64        3380.583   1663172608    103948288
    14291968            1         521.422     28583936      1786496
    14291968            2         492.843     57167872      3572992
    14291968            4         587.333    114335744      7145984
    14291968            8         721.692    228671488     14291968
    14291968           16        1041.861    457342976     28583936
    14291968           32        1982.768    914685952     57167872
    14291968           64        2274.405   1829371904    114335744
    15720448            1         519.429     31440896      1965056
    15720448            2          54.903     62881792      3930112
    15720448            4         640.071    125763584      7860224
    15720448            8         836.789    251527168     15720448
    15720448           16        1270.088    503054336     31440896
    15720448           32        2155.163   1006108672     62881792
    15720448           64        4227.398   2012217344    125763584
    17292288            1         518.611     34584576      2161536
    17292288            2         531.805     69169152      4323072
    17292288            4         692.453    138338304      8646144
    17292288            8         843.020    276676608     17292288
    17292288           16        1463.003    553353216     34584576
    17292288           32        1409.906   1106706432     69169152
    19020800            1         502.592     38041600      2377600
    19020800            2         493.839     76083200      4755200
    19020800            4         673.225    152166400      9510400
    19020800            8         725.324    304332800     19020800
    19020800           16        1190.144    608665600     38041600
    19020800           32        1710.240   1217331200     76083200
    20922368            1         441.371     41844736      2615296
    20922368            2         458.394     83689472      5230592
    20922368            4         509.902    167378944     10461184
    20922368            8         722.969    334757888     20922368
    20922368           16        1033.733    669515776     41844736
    20922368           32        3026.018   1339031552     83689472
    23014400            1         515.563     46028800      2876800
    23014400            2         559.157     92057600      5753600
    23014400            4         659.549    184115200     11507200
    23014400            8         980.347    368230400     23014400
    23014400           16        1565.006    736460800     46028800
    23014400           32        3128.942   1472921600     92057600
    25315328            1         497.744     50630656      3164416
    25315328            2         554.295    101261312      6328832
    25315328            4         667.992    202522624     12657664
    25315328            8        1055.406    405045248     25315328
    25315328           16        1818.256    810090496     50630656
    25315328           32        3632.897   1620180992    101261312
    27846656            1         443.312     55693312      3480832
    27846656            2         568.570    111386624      6961664
    27846656            4         728.543    222773248     13923328
    27846656            8        1185.041    445546496     27846656
    27846656           16        1914.458    891092992     55693312
    27846656           32        1997.611   1782185984    111386624
    30630912            1         497.347     61261824      3828864
    30630912            2         648.721    122523648      7657728
    30630912            4         781.248    245047296     15315456
    30630912            8        1067.812    490094592     30630912
    30630912           16        1517.408    980189184     61261824
    30630912           32        2724.076   1960378368    122523648
    33693696            1         546.437     67387392      4211712
    33693696            2         640.874    134774784      8423424
    33693696            4         709.520    269549568     16846848
    33693696            8         867.544    539099136     33693696
    33693696           16        1419.526   1078198272     67387392
    37062656            1         535.692     74125312      4632832
    37062656            2         603.310    148250624      9265664
    37062656            4         718.218    296501248     18531328
    37062656            8        1232.509    593002496     37062656
    37062656           16        1731.891   1186004992     74125312
    40768512            1         511.181     81537024      5096064
    40768512            2         856.004    163074048     10192128
    40768512            4        1016.040    326148096     20384256
    40768512            8        1469.460    652296192     40768512
    40768512           16        2884.904   1304592384     81537024
    44845056            1         772.320     89690112      5605632
    44845056            2         684.832    179380224     11211264
    44845056            4         850.004    358760448     22422528
    44845056            8        1262.946    717520896     44845056
    44845056           16        2586.340   1435041792     89690112
    49329152            1         592.911     98658304      6166144
    49329152            2         679.149    197316608     12332288
    49329152            4         961.525    394633216     24664576
    49329152            8        1206.950    789266432     49329152
    49329152           16        2060.074   1578532864     98658304
    54261760            1         627.698    108523520      6782720
    54261760            2         640.105    217047040     13565440
    54261760            4         802.782    434094080     27130880
    54261760            8        1334.083    868188160     54261760
    54261760           16        2132.044   1736376320    108523520
    59687936            1         674.476    119375872      7460992
    59687936            2         714.223    238751744     14921984
    59687936            4        1007.709    477503488     29843968
    59687936            8        1882.047    955006976     59687936
    59687936           16        3746.369   1910013952    119375872
    65655808            1         833.309    131311616      8206976
    65655808            2         653.468    262623232     16413952
    65655808            4         989.518    525246464     32827904
    65655808            8        2399.031   1050492928     65655808
    65655808           16        4276.686   2100985856    131311616
    72220672            1        1030.117    144441344      9027584
    72220672            2         953.942    288882688     18055168
    72220672            4        1283.688    577765376     36110336
    72220672            8        1839.560   1155530752     72220672
    79441920            1        1140.236    158883840      9930240
    79441920            2         888.705    317767680     19860480
    79441920            4        1023.291    635535360     39720960
    79441920            8        1575.895   1271070720     79441920
    87386112            1        1245.997    174772224     10923264
    87386112            2        1555.945    349544448     21846528
    87386112            4        1850.901    699088896     43693056
    87386112            8        2843.811   1398177792     87386112
    96123904            1        1745.608    192247808     12015488
    96123904            2        3879.366    384495616     24030976
    96123904            4        2471.115    768991232     48061952
    96123904            8        3427.811   1537982464     96123904
   105736192            1        3553.979    211472384     13217024
   105736192            2        3398.806    422944768     26434048
   105736192            4        5782.879    845889536     52868096
   105736192            8        4242.233   1691779072    105736192
   116308992            1        1174.529    232617984     14538624
   116308992            2        4818.681    465235968     29077248
   116308992            4        8168.342    930471936     58154496
   116308992            8       10346.207   1860943872    116308992
   127939584            1        4284.110    255879168     15992448
   127939584            2        5215.361    511758336     31984896
   127939584            4        4502.132   1023516672     63969792
   127939584            8       11082.222   2047033344    127939584
   140733440            1        1843.976    281466880     17591680
   140733440            2        3340.068    562933760     35183360
   140733440            4        4814.196   1125867520     70366720
   154806272            1        4607.711    309612544     19350784
   154806272            2       10406.505    619225088     38701568
   154806272            4       16213.641   1238450176     77403136
   170286080            1        2078.445    340572160     21285760
   170286080            2       13789.679    681144320     42571520
   170286080            4       10135.349   1362288640     85143040
   187314176            1        6172.223    374628352     23414272
   187314176            2       10851.722    749256704     46828544
   187314176            4       13095.329   1498513408     93657088
   206045184            1        5350.769    412090368     25755648
   206045184            2       13548.685    824180736     51511296
   206045184            4       13888.681   1648361472    103022592
   226649088            1        9052.719    453298176     28331136
   226649088            2       11469.124    906596352     56662272
   226649088            4       18746.586   1813192704    113324544
   249313280            1        8175.289    498626560     31164160
   249313280            2       16531.200    997253120     62328320
   249313280            4       34192.096   1994506240    124656640
   274244608            1        9469.918    548489216     34280576
   274244608            2       24773.524   1096978432     68561152
   301668352            1       15681.551    603336704     37708544
   301668352            2       29659.760   1206673408     75417088
   331834368            1        9142.321    663668736     41479296
   331834368            2       13031.898   1327337472     82958592
   365017088            1       10529.589    730034176     45627136
   365017088            2       22237.406   1460068352     91254272
   401518592            1       13324.567    803037184     50189824
   401518592            2       41049.166   1606074368    100379648
   441669632            1       23171.672    883339264     55208704
   441669632            2       44412.718   1766678528    110417408
   485835776            1        9281.541    971671552     60729472
   485835776            2       31983.710   1943343104    121458944
   534418432            1       11568.057   1068836864     66802304
   534418432            2       46045.152   2137673728    133604608
   587859968            1       15016.845   1175719936     73482496
   646645760            1       19192.525   1293291520     80830720
   711310336            1       14547.299   1422620672     88913792
   782440448            1       32077.096   1564880896     97805056
   860684288            1       41089.556   1721368576    107585536
   946752512            1       30632.041   1893505024    118344064
  1041427456            1       43593.294   2082854912    130178432

META_DATA
FLOPS          1
OPENMP_THREADS 128
ERT_VERSION  1.1.0
TIMESTAMP_DATA  1634056375.76
HOSTNAME  ('pmemMachine1', ['pmemMachine1.local'], ['fe80::5210:541c:37bc:6d9c'])
UNAME  ('Linux', 'pmemMachine1', '5.9.13-derrick-pmo', '#95 SMP Sat Sep 18 09:17:02 EDT 2021', 'x86_64', 'x86_64')
CONFIG  {'ERT_WORKING_SET_MIN': ['1'], 'ERT_CFLAGS': ['-O3'], 'ERT_CC': ['gcc'], 'ERT_OPENMP_LDFLAGS': ['-fopenmp'], 'ERT_MEMORY_MAX': ['1073741824'], 'ERT_LDFLAGS': [], 'ERT_LDLIBS': [], 'ERT_SPEC_GBYTES_DRAM': ['300'], 'ERT_RUN': ['export', 'KMP_AFFINITY=scatter;', 'export', 'OMP_NUM_THREADS=ERT_OPENMP_THREADS;', 'ERT_CODE'], 'ERT_FLOPS': ['1,2,4,8,16'], 'ERT_OPENMP_CFLAGS': ['-fopenmp'], 'ERT_SPEC_GFLOPS': ['1000'], 'ERT_MPI': [False], 'ERT_TRIALS_MIN': ['1'], 'ERT_DRIVER': ['driver1'], 'ERT_RESULTS': ['Results.madonna.lbl.gov.02'], 'ERT_OPENMP': ['True'], 'ERT_OPENMP_THREADS': ['1,2,4,8,16,32,48,64,80,96,112,128,144,160'], 'ERT_KERNEL': ['kernel1'], 'ERT_GPU': [False], 'ERT_LD': ['gcc'], 'ERT_NUM_EXPERIMENTS': ['3'], 'ERT_ALIGN': ['32'], 'ERT_GNUPLOT': ['gnuplot']}
