        1024            1         210.321         2048          128
        1024            2         191.233         4096          256
        1024            4         198.723         8192          512
        1024            8         196.893        16384         1024
        1024           16         191.579        32768         2048
        1024           32         193.680        65536         4096
        1024           64         194.646       131072         8192
        1024          128         187.469       262144        16384
        1024          256         181.944       524288        32768
        1024          512         177.552      1048576        65536
        1024         1024         203.704      2097152       131072
        1024         2048         201.763      4194304       262144
        1024         4096         200.072      8388608       524288
        1024         8192         221.122     16777216      1048576
        1024        16384         339.704     33554432      2097152
        1024        32768         777.655     67108864      4194304
        1024        65536        1251.266    134217728      8388608
        1024       131072        1895.022    268435456     16777216
        1024       262144        5094.290    536870912     33554432
        1024       524288        5983.707   1073741824     67108864
        1024      1048576       14174.712   2147483648    134217728
        2048            1         184.357         4096          256
        2048            2         227.147         8192          512
        2048            4         202.691        16384         1024
        2048            8         191.313        32768         2048
        2048           16         216.297        65536         4096
        2048           32         185.162       131072         8192
        2048           64         195.758       262144        16384
        2048          128         178.857       524288        32768
        2048          256         193.270      1048576        65536
        2048          512           3.515      2097152       131072
        2048         1024         206.068      4194304       262144
        2048         2048         221.428      8388608       524288
        2048         4096         238.439     16777216      1048576
        2048         8192         270.215     33554432      2097152
        2048        16384         556.783     67108864      4194304
        2048        32768         953.621    134217728      8388608
        2048        65536        1450.729    268435456     16777216
        2048       131072        2386.335    536870912     33554432
        2048       262144        4897.126   1073741824     67108864
        2048       524288        8758.237   2147483648    134217728
        3072            1         199.260         6144          384
        3072            2         218.811        12288          768
        3072            4         205.030        24576         1536
        3072            8         193.115        49152         3072
        3072           16         228.861        98304         6144
        3072           32         202.786       196608        12288
        3072           64         252.257       393216        24576
        3072          128         230.563       786432        49152
        3072          256         214.872      1572864        98304
        3072          512         261.209      3145728       196608
        3072         1024         200.929      6291456       393216
        3072         2048         263.137     12582912       786432
        3072         4096         299.193     25165824      1572864
        3072         8192         296.741     50331648      3145728
        3072        16384         498.238    100663296      6291456
        3072        32768         873.997    201326592     12582912
        3072        65536        1497.255    402653184     25165824
        3072       131072        3346.385    805306368     50331648
        3072       262144        5046.975   1610612736    100663296
        4096            1         357.085         8192          512
        4096            2         403.341        16384         1024
        4096            4         321.679        32768         2048
        4096            8         294.421        65536         4096
        4096           16         404.656       131072         8192
        4096           32         294.680       262144        16384
        4096           64         299.207       524288        32768
        4096          128         396.913      1048576        65536
        4096          256         427.607      2097152       131072
        4096          512         320.082      4194304       262144
        4096         1024         393.218      8388608       524288
        4096         2048         512.891     16777216      1048576
        4096         4096         516.345     33554432      2097152
        4096         8192         561.357     67108864      4194304
        4096        16384         653.828    134217728      8388608
        4096        32768         935.364    268435456     16777216
        4096        65536        1967.133    536870912     33554432
        4096       131072        3634.088   1073741824     67108864
        4096       262144        6018.818   2147483648    134217728
        5120            1         414.496        10240          640
        5120            2         364.336        20480         1280
        5120            4         356.778        40960         2560
        5120            8         476.090        81920         5120
        5120           16         424.098       163840        10240
        5120           32         436.728       327680        20480
        5120           64         411.849       655360        40960
        5120          128         367.072      1310720        81920
        5120          256         415.545      2621440       163840
        5120          512         421.824      5242880       327680
        5120         1024         412.522     10485760       655360
        5120         2048         573.002     20971520      1310720
        5120         4096         491.131     41943040      2621440
        5120         8192         531.720     83886080      5242880
        5120        16384         767.949    167772160     10485760
        5120        32768        1085.489    335544320     20971520
        5120        65536        1522.044    671088640     41943040
        5120       131072        3007.538   1342177280     83886080
        6144            1         387.967        12288          768
        6144            2         382.091        24576         1536
        6144            4         444.114        49152         3072
        6144            8         484.858        98304         6144
        6144           16         424.414       196608        12288
        6144           32         391.513       393216        24576
        6144           64           4.264       786432        49152
        6144          128         467.178      1572864        98304
        6144          256         500.616      3145728       196608
        6144          512         482.259      6291456       393216
        6144         1024         445.897     12582912       786432
        6144         2048         433.142     25165824      1572864
        6144         4096         461.651     50331648      3145728
        6144         8192         466.809    100663296      6291456
        6144        16384         870.370    201326592     12582912
        6144        32768        1587.248    402653184     25165824
        6144        65536        1918.757    805306368     50331648
        6144       131072        2896.921   1610612736    100663296
        7168            1         358.810        14336          896
        7168            2         442.973        28672         1792
        7168            4         402.403        57344         3584
        7168            8         423.228       114688         7168
        7168           16           3.001       229376        14336
        7168           32         410.130       458752        28672
        7168           64         432.031       917504        57344
        7168          128         374.462      1835008       114688
        7168          256         469.407      3670016       229376
        7168          512         473.587      7340032       458752
        7168         1024         515.307     14680064       917504
        7168         2048         550.506     29360128      1835008
        7168         4096         493.412     58720256      3670016
        7168         8192         602.061    117440512      7340032
        7168        16384         995.577    234881024     14680064
        7168        32768        1720.063    469762048     29360128
        7168        65536        2841.247    939524096     58720256
        7168       131072        3112.992   1879048192    117440512
        8192            1         418.863        16384         1024
        8192            2         388.233        32768         2048
        8192            4         404.263        65536         4096
        8192            8           1.869       131072         8192
        8192           16         363.346       262144        16384
        8192           32         385.503       524288        32768
        8192           64         442.262      1048576        65536
        8192          128         387.838      2097152       131072
        8192          256         517.153      4194304       262144
        8192          512         496.955      8388608       524288
        8192         1024         446.383     16777216      1048576
        8192         2048         482.046     33554432      2097152
        8192         4096         462.436     67108864      4194304
        8192         8192         553.441    134217728      8388608
        8192        16384         899.805    268435456     16777216
        8192        32768        1908.590    536870912     33554432
        8192        65536        2858.839   1073741824     67108864
        8192       131072        5439.635   2147483648    134217728
        9216            1         471.867        18432         1152
        9216            2         487.406        36864         2304
        9216            4         491.219        73728         4608
        9216            8         483.822       147456         9216
        9216           16         482.363       294912        18432
        9216           32         447.693       589824        36864
        9216           64         445.455      1179648        73728
        9216          128         459.933      2359296       147456
        9216          256         481.820      4718592       294912
        9216          512         427.630      9437184       589824
        9216         1024         462.562     18874368      1179648
        9216         2048         499.939     37748736      2359296
        9216         4096         541.061     75497472      4718592
        9216         8192         773.064    150994944      9437184
        9216        16384        1058.100    301989888     18874368
        9216        32768        2460.316    603979776     37748736
        9216        65536        3675.652   1207959552     75497472
       10240            1         420.312        20480         1280
       10240            2         433.506        40960         2560
       10240            4         380.280        81920         5120
       10240            8         376.709       163840        10240
       10240           16         416.820       327680        20480
       10240           32         532.396       655360        40960
       10240           64         507.316      1310720        81920
       10240          128         448.040      2621440       163840
       10240          256         509.353      5242880       327680
       10240          512          13.256     10485760       655360
       10240         1024         489.390     20971520      1310720
       10240         2048         465.886     41943040      2621440
       10240         4096         553.751     83886080      5242880
       10240         8192         687.453    167772160     10485760
       10240        16384        1098.193    335544320     20971520
       10240        32768        2352.527    671088640     41943040
       10240        65536        3426.969   1342177280     83886080
       11264            1         427.691        22528         1408
       11264            2         428.659        45056         2816
       11264            4         522.906        90112         5632
       11264            8         435.420       180224        11264
       11264           16         422.822       360448        22528
       11264           32         438.655       720896        45056
       11264           64         490.102      1441792        90112
       11264          128         472.668      2883584       180224
       11264          256         488.572      5767168       360448
       11264          512         565.051     11534336       720896
       11264         1024         473.905     23068672      1441792
       11264         2048         558.779     46137344      2883584
       11264         4096         600.217     92274688      5767168
       11264         8192         696.892    184549376     11534336
       11264        16384        1118.036    369098752     23068672
       11264        32768        1705.939    738197504     46137344
       11264        65536        2387.064   1476395008     92274688
       12288            1         475.899        24576         1536
       12288            2           6.310        49152         3072
       12288            4         515.147        98304         6144
       12288            8         421.362       196608        12288
       12288           16         486.887       393216        24576
       12288           32         505.542       786432        49152
       12288           64         474.485      1572864        98304
       12288          128         517.206      3145728       196608
       12288          256         437.876      6291456       393216
       12288          512         487.072     12582912       786432
       12288         1024         521.325     25165824      1572864
       12288         2048         571.359     50331648      3145728
       12288         4096         568.722    100663296      6291456
       12288         8192         657.257    201326592     12582912
       12288        16384        1635.691    402653184     25165824
       12288        32768        2299.077    805306368     50331648
       12288        65536        3814.491   1610612736    100663296
       13312            1         448.194        26624         1664
       13312            2         472.156        53248         3328
       13312            4         474.879       106496         6656
       13312            8         599.713       212992        13312
       13312           16         435.104       425984        26624
       13312           32         500.708       851968        53248
       13312           64         576.766      1703936       106496
       13312          128         472.392      3407872       212992
       13312          256         531.057      6815744       425984
       13312          512          15.474     13631488       851968
       13312         1024         484.426     27262976      1703936
       13312         2048         526.625     54525952      3407872
       13312         4096         625.657    109051904      6815744
       13312         8192         818.275    218103808     13631488
       13312        16384        1797.625    436207616     27262976
       13312        32768        2734.068    872415232     54525952
       13312        65536        4558.400   1744830464    109051904
       14336            1         461.321        28672         1792
       14336            2         457.448        57344         3584
       14336            4         444.640       114688         7168
       14336            8         426.043       229376        14336
       14336           16         432.408       458752        28672
       14336           32         456.481       917504        57344
       14336           64         439.597      1835008       114688
       14336          128         426.380      3670016       229376
       14336          256         505.957      7340032       458752
       14336          512         514.966     14680064       917504
       14336         1024         702.021     29360128      1835008
       14336         2048         551.755     58720256      3670016
       14336         4096         663.617    117440512      7340032
       14336         8192         967.167    234881024     14680064
       14336        16384        1490.893    469762048     29360128
       14336        32768        1668.830    939524096     58720256
       14336        65536        2655.445   1879048192    117440512
       15360            1         475.824        30720         1920
       15360            2         528.356        61440         3840
       15360            4         440.200       122880         7680
       15360            8           5.336       245760        15360
       15360           16         507.366       491520        30720
       15360           32         491.995       983040        61440
       15360           64         551.263      1966080       122880
       15360          128         466.817      3932160       245760
       15360          256         456.965      7864320       491520
       15360          512         447.587     15728640       983040
       15360         1024         510.799     31457280      1966080
       15360         2048         497.854     62914560      3932160
       15360         4096         662.780    125829120      7864320
       15360         8192        1020.713    251658240     15728640
       15360        16384        1658.602    503316480     31457280
       15360        32768        3095.402   1006632960     62914560
       15360        65536        2913.234   2013265920    125829120
       16384            1         464.647        32768         2048
       16384            2         525.173        65536         4096
       16384            4         456.811       131072         8192
       16384            8         525.249       262144        16384
       16384           16           8.534       524288        32768
       16384           32         500.762      1048576        65536
       16384           64         544.649      2097152       131072
       16384          128         481.492      4194304       262144
       16384          256         468.018      8388608       524288
       16384          512         497.192     16777216      1048576
       16384         1024         497.534     33554432      2097152
       16384         2048         521.769     67108864      4194304
       16384         4096         600.048    134217728      8388608
       16384         8192         887.627    268435456     16777216
       16384        16384        1610.074    536870912     33554432
       16384        32768        2565.313   1073741824     67108864
       16384        65536        4710.860   2147483648    134217728
       17408            1         531.487        34816         2176
       17408            2         515.068        69632         4352
       17408            4         465.028       139264         8704
       17408            8         483.848       278528        17408
       17408           16         549.533       557056        34816
       17408           32         556.194      1114112        69632
       17408           64         459.185      2228224       139264
       17408          128         412.533      4456448       278528
       17408          256         417.669      8912896       557056
       17408          512         481.015     17825792      1114112
       17408         1024         598.109     35651584      2228224
       17408         2048         587.411     71303168      4456448
       17408         4096         734.859    142606336      8912896
       17408         8192        1065.555    285212672     17825792
       17408        16384        1768.916    570425344     35651584
       17408        32768        2551.746   1140850688     71303168
       18432            1         444.199        36864         2304
       18432            2         422.488        73728         4608
       18432            4         538.015       147456         9216
       18432            8         405.063       294912        18432
       18432           16         667.159       589824        36864
       18432           32         476.779      1179648        73728
       18432           64         464.778      2359296       147456
       18432          128         428.867      4718592       294912
       18432          256         535.327      9437184       589824
       18432          512         491.985     18874368      1179648
       18432         1024         494.366     37748736      2359296
       18432         2048         560.549     75497472      4718592
       18432         4096         625.650    150994944      9437184
       18432         8192        1113.356    301989888     18874368
       18432        16384        1416.374    603979776     37748736
       18432        32768        2222.573   1207959552     75497472
       19456            1         466.477        38912         2432
       19456            2         465.889        77824         4864
       19456            4         465.298       155648         9728
       19456            8         403.429       311296        19456
       19456           16         412.302       622592        38912
       19456           32         595.967      1245184        77824
       19456           64         475.936      2490368       155648
       19456          128         491.485      4980736       311296
       19456          256         521.847      9961472       622592
       19456          512         479.026     19922944      1245184
       19456         1024         514.226     39845888      2490368
       19456         2048         576.695     79691776      4980736
       19456         4096         720.963    159383552      9961472
       19456         8192        1179.767    318767104     19922944
       19456        16384        1613.955    637534208     39845888
       19456        32768        3475.574   1275068416     79691776
       20480            1         454.889        40960         2560
       20480            2         489.394        81920         5120
       20480            4         442.743       163840        10240
       20480            8         523.886       327680        20480
       20480           16         512.938       655360        40960
       20480           32         443.821      1310720        81920
       20480           64         519.991      2621440       163840
       20480          128         494.460      5242880       327680
       20480          256         381.625     10485760       655360
       20480          512         446.371     20971520      1310720
       20480         1024         574.683     41943040      2621440
       20480         2048         525.739     83886080      5242880
       20480         4096         591.141    167772160     10485760
       20480         8192         867.687    335544320     20971520
       20480        16384        1401.867    671088640     41943040
       20480        32768        1725.695   1342177280     83886080
       22528            1           5.368        45056         2816
       22528            2         543.657        90112         5632
       22528            4         504.822       180224        11264
       22528            8         449.419       360448        22528
       22528           16         557.623       720896        45056
       22528           32         476.547      1441792        90112
       22528           64         459.479      2883584       180224
       22528          128         499.193      5767168       360448
       22528          256         506.120     11534336       720896
       22528          512         533.445     23068672      1441792
       22528         1024         550.390     46137344      2883584
       22528         2048         546.904     92274688      5767168
       22528         4096         635.075    184549376     11534336
       22528         8192         918.233    369098752     23068672
       22528        16384        1540.716    738197504     46137344
       22528        32768        2409.075   1476395008     92274688
       24576            1         552.296        49152         3072
       24576            2         465.941        98304         6144
       24576            4         456.387       196608        12288
       24576            8         427.276       393216        24576
       24576           16         429.403       786432        49152
       24576           32         699.514      1572864        98304
       24576           64         478.054      3145728       196608
       24576          128         481.618      6291456       393216
       24576          256         474.980     12582912       786432
       24576          512         540.761     25165824      1572864
       24576         1024         530.893     50331648      3145728
       24576         2048         559.178    100663296      6291456
       24576         4096         690.804    201326592     12582912
       24576         8192        1218.037    402653184     25165824
       24576        16384        2364.973    805306368     50331648
       24576        32768        3606.919   1610612736    100663296
       26624            1         456.803        53248         3328
       26624            2         509.601       106496         6656
       26624            4         550.356       212992        13312
       26624            8           2.265       425984        26624
       26624           16         508.998       851968        53248
       26624           32         427.628      1703936       106496
       26624           64         524.589      3407872       212992
       26624          128         508.845      6815744       425984
       26624          256         504.032     13631488       851968
       26624          512         476.749     27262976      1703936
       26624         1024         480.319     54525952      3407872
       26624         2048         536.899    109051904      6815744
       26624         4096         759.672    218103808     13631488
       26624         8192        1225.546    436207616     27262976
       26624        16384        2443.107    872415232     54525952
       26624        32768        4544.475   1744830464    109051904
       28672            1         399.308        57344         3584
       28672            2         403.616       114688         7168
       28672            4         478.403       229376        14336
       28672            8         410.329       458752        28672
       28672           16         417.368       917504        57344
       28672           32         546.800      1835008       114688
       28672           64         507.474      3670016       229376
       28672          128         470.367      7340032       458752
       28672          256          15.560     14680064       917504
       28672          512         540.425     29360128      1835008
       28672         1024         461.281     58720256      3670016
       28672         2048         577.323    117440512      7340032
       28672         4096        1061.588    234881024     14680064
       28672         8192        1291.322    469762048     29360128
       28672        16384        2414.851    939524096     58720256
       28672        32768        4265.535   1879048192    117440512
       30720            1         507.595        61440         3840
       30720            2         473.399       122880         7680
       30720            4         417.744       245760        15360
       30720            8         434.615       491520        30720
       30720           16         475.562       983040        61440
       30720           32         435.669      1966080       122880
       30720           64         528.240      3932160       245760
       30720          128         411.415      7864320       491520
       30720          256          15.387     15728640       983040
       30720          512         556.376     31457280      1966080
       30720         1024         542.816     62914560      3932160
       30720         2048         668.857    125829120      7864320
       30720         4096         902.423    251658240     15728640
       30720         8192        1273.260    503316480     31457280
       30720        16384        2743.078   1006632960     62914560
       30720        32768        5061.222   2013265920    125829120
       33792            1         494.851        67584         4224
       33792            2         527.150       135168         8448
       33792            4         529.337       270336        16896
       33792            8         472.214       540672        33792
       33792           16         490.258      1081344        67584
       33792           32         557.693      2162688       135168
       33792           64         502.858      4325376       270336
       33792          128         550.855      8650752       540672
       33792          256         490.455     17301504      1081344
       33792          512         456.309     34603008      2162688
       33792         1024         484.230     69206016      4325376
       33792         2048         548.332    138412032      8650752
       33792         4096        1206.600    276824064     17301504
       33792         8192        1830.411    553648128     34603008
       33792        16384        3197.685   1107296256     69206016
       36864            1         541.225        73728         4608
       36864            2         469.147       147456         9216
       36864            4         453.854       294912        18432
       36864            8         545.219       589824        36864
       36864           16         482.858      1179648        73728
       36864           32         499.208      2359296       147456
       36864           64         541.882      4718592       294912
       36864          128         461.934      9437184       589824
       36864          256         553.553     18874368      1179648
       36864          512         472.552     37748736      2359296
       36864         1024         552.038     75497472      4718592
       36864         2048         579.194    150994944      9437184
       36864         4096         920.070    301989888     18874368
       36864         8192        1462.119    603979776     37748736
       36864        16384        1891.344   1207959552     75497472
       39936            1         510.371        79872         4992
       39936            2         512.039       159744         9984
       39936            4         521.386       319488        19968
       39936            8         514.409       638976        39936
       39936           16         509.299      1277952        79872
       39936           32         523.327      2555904       159744
       39936           64         553.859      5111808       319488
       39936          128         414.121     10223616       638976
       39936          256         707.284     20447232      1277952
       39936          512         494.568     40894464      2555904
       39936         1024         553.792     81788928      5111808
       39936         2048         719.540    163577856     10223616
       39936         4096        1074.981    327155712     20447232
       39936         8192        1822.641    654311424     40894464
       39936        16384        3092.641   1308622848     81788928
       43008            1         455.218        86016         5376
       43008            2         553.608       172032        10752
       43008            4         531.892       344064        21504
       43008            8         536.037       688128        43008
       43008           16         456.636      1376256        86016
       43008           32         484.767      2752512       172032
       43008           64         564.636      5505024       344064
       43008          128         509.948     11010048       688128
       43008          256         419.160     22020096      1376256
       43008          512         503.440     44040192      2752512
       43008         1024         517.947     88080384      5505024
       43008         2048         637.571    176160768     11010048
       43008         4096        1221.956    352321536     22020096
       43008         8192        1923.584    704643072     44040192
       43008        16384        3855.480   1409286144     88080384
       47104            1         545.922        94208         5888
       47104            2         486.202       188416        11776
       47104            4         483.882       376832        23552
       47104            8         513.808       753664        47104
       47104           16         511.535      1507328        94208
       47104           32         497.178      3014656       188416
       47104           64         522.655      6029312       376832
       47104          128         434.053     12058624       753664
       47104          256         447.686     24117248      1507328
       47104          512         449.271     48234496      3014656
       47104         1024         452.156     96468992      6029312
       47104         2048         712.118    192937984     12058624
       47104         4096        1458.760    385875968     24117248
       47104         8192        1962.245    771751936     48234496
       47104        16384        3944.560   1543503872     96468992
       51200            1         539.076       102400         6400
       51200            2         489.950       204800        12800
       51200            4         515.301       409600        25600
       51200            8         499.962       819200        51200
       51200           16         450.607      1638400       102400
       51200           32         485.704      3276800       204800
       51200           64         497.810      6553600       409600
       51200          128         452.995     13107200       819200
       51200          256         526.321     26214400      1638400
       51200          512         559.675     52428800      3276800
       51200         1024         481.014    104857600      6553600
       51200         2048         625.436    209715200     13107200
       51200         4096        1032.766    419430400     26214400
       51200         8192        1471.891    838860800     52428800
       51200        16384        2160.154   1677721600    104857600
       56320            1         421.420       112640         7040
       56320            2         508.746       225280        14080
       56320            4         527.958       450560        28160
       56320            8         460.636       901120        56320
       56320           16         535.893      1802240       112640
       56320           32         507.751      3604480       225280
       56320           64         484.946      7208960       450560
       56320          128         477.457     14417920       901120
       56320          256         478.774     28835840      1802240
       56320          512          36.127     57671680      3604480
       56320         1024         609.111    115343360      7208960
       56320         2048         744.294    230686720     14417920
       56320         4096        1534.235    461373440     28835840
       56320         8192        2212.402    922746880     57671680
       56320        16384        3961.051   1845493760    115343360
       61440            1         491.170       122880         7680
       61440            2         482.024       245760        15360
       61440            4         531.240       491520        30720
       61440            8         487.652       983040        61440
       61440           16         515.857      1966080       122880
       61440           32         548.544      3932160       245760
       61440           64         522.307      7864320       491520
       61440          128         497.312     15728640       983040
       61440          256         430.277     31457280      1966080
       61440          512         480.357     62914560      3932160
       61440         1024         674.561    125829120      7864320
       61440         2048         840.124    251658240     15728640
       61440         4096        1575.421    503316480     31457280
       61440         8192        2564.818   1006632960     62914560
       61440        16384        5083.911   2013265920    125829120
       67584            1         463.249       135168         8448
       67584            2         444.267       270336        16896
       67584            4         479.216       540672        33792
       67584            8         450.007      1081344        67584
       67584           16         557.073      2162688       135168
       67584           32         551.798      4325376       270336
       67584           64         550.889      8650752       540672
       67584          128         498.508     17301504      1081344
       67584          256         533.933     34603008      2162688
       67584          512         629.794     69206016      4325376
       67584         1024         586.482    138412032      8650752
       67584         2048        1153.408    276824064     17301504
       67584         4096        1426.065    553648128     34603008
       67584         8192        2748.808   1107296256     69206016
       73728            1         472.323       147456         9216
       73728            2         439.555       294912        18432
       73728            4         436.601       589824        36864
       73728            8         475.368      1179648        73728
       73728           16         493.736      2359296       147456
       73728           32         508.049      4718592       294912
       73728           64         442.911      9437184       589824
       73728          128         439.348     18874368      1179648
       73728          256         474.618     37748736      2359296
       73728          512         661.176     75497472      4718592
       73728         1024         752.019    150994944      9437184
       73728         2048        1074.724    301989888     18874368
       73728         4096        1621.166    603979776     37748736
       73728         8192        3329.955   1207959552     75497472
       80896            1         551.385       161792        10112
       80896            2         397.179       323584        20224
       80896            4         453.155       647168        40448
       80896            8         490.306      1294336        80896
       80896           16         499.327      2588672       161792
       80896           32         494.418      5177344       323584
       80896           64         444.555     10354688       647168
       80896          128         502.564     20709376      1294336
       80896          256         434.622     41418752      2588672
       80896          512         470.539     82837504      5177344
       80896         1024         613.779    165675008     10354688
       80896         2048         906.122    331350016     20709376
       80896         4096        1745.316    662700032     41418752
       80896         8192        2969.059   1325400064     82837504
       88064            1         527.087       176128        11008
       88064            2         483.894       352256        22016
       88064            4         403.722       704512        44032
       88064            8         452.169      1409024        88064
       88064           16         504.305      2818048       176128
       88064           32         457.883      5636096       352256
       88064           64         405.888     11272192       704512
       88064          128         491.770     22544384      1409024
       88064          256         443.495     45088768      2818048
       88064          512         511.583     90177536      5636096
       88064         1024         808.982    180355072     11272192
       88064         2048        1547.758    360710144     22544384
       88064         4096        2050.826    721420288     45088768
       88064         8192        4127.948   1442840576     90177536
       96256            1         456.007       192512        12032
       96256            2         564.142       385024        24064
       96256            4         419.812       770048        48128
       96256            8         389.001      1540096        96256
       96256           16         410.397      3080192       192512
       96256           32         419.023      6160384       385024
       96256           64         522.894     12320768       770048
       96256          128         485.299     24641536      1540096
       96256          256         411.416     49283072      3080192
       96256          512         514.446     98566144      6160384
       96256         1024         646.840    197132288     12320768
       96256         2048        1049.404    394264576     24641536
       96256         4096        1700.074    788529152     49283072
       96256         8192        2536.876   1577058304     98566144
      105472            1         550.336       210944        13184
      105472            2         474.618       421888        26368
      105472            4         487.486       843776        52736
      105472            8         458.959      1687552       105472
      105472           16         507.615      3375104       210944
      105472           32         490.062      6750208       421888
      105472           64         638.714     13500416       843776
      105472          128         496.086     27000832      1687552
      105472          256         534.324     54001664      3375104
      105472          512         601.623    108003328      6750208
      105472         1024         811.645    216006656     13500416
      105472         2048        1149.720    432013312     27000832
      105472         4096        1997.800    864026624     54001664
      105472         8192        3554.570   1728053248    108003328
      115712            1         502.070       231424        14464
      115712            2         485.775       462848        28928
      115712            4         413.332       925696        57856
      115712            8         476.743      1851392       115712
      115712           16         464.285      3702784       231424
      115712           32         490.986      7405568       462848
      115712           64         508.702     14811136       925696
      115712          128         477.453     29622272      1851392
      115712          256         425.830     59244544      3702784
      115712          512         526.883    118489088      7405568
      115712         1024         970.096    236978176     14811136
      115712         2048        1343.050    473956352     29622272
      115712         4096        2484.681    947912704     59244544
      115712         8192        4838.607   1895825408    118489088
      126976            1         463.653       253952        15872
      126976            2         519.877       507904        31744
      126976            4         538.421      1015808        63488
      126976            8         408.901      2031616       126976
      126976           16         532.715      4063232       253952
      126976           32         459.570      8126464       507904
      126976           64         457.057     16252928      1015808
      126976          128         542.488     32505856      2031616
      126976          256         534.439     65011712      4063232
      126976          512         499.400    130023424      8126464
      126976         1024         723.947    260046848     16252928
      126976         2048        1151.820    520093696     32505856
      126976         4096        2360.649   1040187392     65011712
      126976         8192        4362.763   2080374784    130023424
      139264            1         440.492       278528        17408
      139264            2         429.220       557056        34816
      139264            4         513.467      1114112        69632
      139264            8         421.381      2228224       139264
      139264           16         436.508      4456448       278528
      139264           32         473.439      8912896       557056
      139264           64         485.406     17825792      1114112
      139264          128         477.542     35651584      2228224
      139264          256          59.831     71303168      4456448
      139264          512         603.095    142606336      8912896
      139264         1024         843.183    285212672     17825792
      139264         2048        2144.204    570425344     35651584
      139264         4096        2533.496   1140850688     71303168
      152576            1         538.937       305152        19072
      152576            2         509.481       610304        38144
      152576            4         441.708      1220608        76288
      152576            8         507.486      2441216       152576
      152576           16         407.401      4882432       305152
      152576           32         416.035      9764864       610304
      152576           64         419.591     19529728      1220608
      152576          128         447.845     39059456      2441216
      152576          256         498.266     78118912      4882432
      152576          512         582.876    156237824      9764864
      152576         1024         822.151    312475648     19529728
      152576         2048        1620.805    624951296     39059456
      152576         4096        2011.919   1249902592     78118912
      166912            1         489.599       333824        20864
      166912            2           4.985       667648        41728
      166912            4         455.351      1335296        83456
      166912            8         454.327      2670592       166912
      166912           16         455.566      5341184       333824
      166912           32         470.499     10682368       667648
      166912           64         510.466     21364736      1335296
      166912          128         475.237     42729472      2670592
      166912          256         562.942     85458944      5341184
      166912          512         727.101    170917888     10682368
      166912         1024         970.647    341835776     21364736
      166912         2048        1861.956    683671552     42729472
      166912         4096        3149.044   1367343104     85458944
      183296            1         529.081       366592        22912
      183296            2         436.243       733184        45824
      183296            4         424.961      1466368        91648
      183296            8         490.399      2932736       183296
      183296           16         444.815      5865472       366592
      183296           32         420.104     11730944       733184
      183296           64         505.278     23461888      1466368
      183296          128         437.658     46923776      2932736
      183296          256         513.987     93847552      5865472
      183296          512         591.203    187695104     11730944
      183296         1024        1001.292    375390208     23461888
      183296         2048        1203.313    750780416     46923776
      183296         4096        1891.178   1501560832     93847552
      200704            1         423.499       401408        25088
      200704            2         436.601       802816        50176
      200704            4         461.267      1605632       100352
      200704            8         507.994      3211264       200704
      200704           16         501.798      6422528       401408
      200704           32         612.763     12845056       802816
      200704           64         516.902     25690112      1605632
      200704          128         526.797     51380224      3211264
      200704          256         687.089    102760448      6422528
      200704          512         755.993    205520896     12845056
      200704         1024        1050.693    411041792     25690112
      200704         2048        1947.384    822083584     51380224
      200704         4096        3515.280   1644167168    102760448
      220160            1         460.208       440320        27520
      220160            2         562.302       880640        55040
      220160            4         487.502      1761280       110080
      220160            8         589.305      3522560       220160
      220160           16         420.590      7045120       440320
      220160           32         470.788     14090240       880640
      220160           64         438.662     28180480      1761280
      220160          128         488.337     56360960      3522560
      220160          256         596.372    112721920      7045120
      220160          512        1051.863    225443840     14090240
      220160         1024        1351.133    450887680     28180480
      220160         2048        2130.196    901775360     56360960
      220160         4096        3876.057   1803550720    112721920
      241664            1         540.317       483328        30208
      241664            2         491.119       966656        60416
      241664            4         439.783      1933312       120832
      241664            8         488.644      3866624       241664
      241664           16         445.633      7733248       483328
      241664           32         468.119     15466496       966656
      241664           64         522.625     30932992      1933312
      241664          128         492.752     61865984      3866624
      241664          256         572.258    123731968      7733248
      241664          512         647.977    247463936     15466496
      241664         1024        1267.749    494927872     30932992
      241664         2048        1521.168    989855744     61865984
      241664         4096        3818.587   1979711488    123731968
      265216            1         476.488       530432        33152
      265216            2         434.347      1060864        66304
      265216            4         467.880      2121728       132608
      265216            8         489.262      4243456       265216
      265216           16         441.003      8486912       530432
      265216           32         536.912     16973824      1060864
      265216           64         505.506     33947648      2121728
      265216          128         641.948     67895296      4243456
      265216          256         777.649    135790592      8486912
      265216          512         944.003    271581184     16973824
      265216         1024        1395.199    543162368     33947648
      265216         2048        2459.175   1086324736     67895296
      290816            1         497.817       581632        36352
      290816            2         474.810      1163264        72704
      290816            4         471.691      2326528       145408
      290816            8         523.783      4653056       290816
      290816           16         444.766      9306112       581632
      290816           32         454.565     18612224      1163264
      290816           64         521.187     37224448      2326528
      290816          128         466.395     74448896      4653056
      290816          256         610.275    148897792      9306112
      290816          512         945.761    297795584     18612224
      290816         1024        1005.151    595591168     37224448
      290816         2048        2829.289   1191182336     74448896
      319488            1         539.359       638976        39936
      319488            2         474.336      1277952        79872
      319488            4         535.925      2555904       159744
      319488            8         445.276      5111808       319488
      319488           16         441.589     10223616       638976
      319488           32         419.108     20447232      1277952
      319488           64         521.525     40894464      2555904
      319488          128         531.134     81788928      5111808
      319488          256         586.112    163577856     10223616
      319488          512         898.367    327155712     20447232
      319488         1024        1354.461    654311424     40894464
      319488         2048        1815.864   1308622848     81788928
      351232            1         550.090       702464        43904
      351232            2         467.066      1404928        87808
      351232            4         549.674      2809856       175616
      351232            8         493.383      5619712       351232
      351232           16           8.988     11239424       702464
      351232           32         563.417     22478848      1404928
      351232           64         494.335     44957696      2809856
      351232          128         568.198     89915392      5619712
      351232          256         668.763    179830784     11239424
      351232          512        1267.320    359661568     22478848
      351232         1024        1949.830    719323136     44957696
      351232         2048        3057.694   1438646272     89915392
      386048            1         479.419       772096        48256
      386048            2         496.484      1544192        96512
      386048            4         438.673      3088384       193024
      386048            8         491.183      6176768       386048
      386048           16         456.399     12353536       772096
      386048           32          16.863     24707072      1544192
      386048           64         556.968     49414144      3088384
      386048          128         638.390     98828288      6176768
      386048          256         801.823    197656576     12353536
      386048          512        1135.095    395313152     24707072
      386048         1024        1832.666    790626304     49414144
      386048         2048        3392.220   1581252608     98828288
      423936            1         457.002       847872        52992
      423936            2         448.247      1695744       105984
      423936            4         489.030      3391488       211968
      423936            8         533.908      6782976       423936
      423936           16         526.125     13565952       847872
      423936           32         584.178     27131904      1695744
      423936           64         520.746     54263808      3391488
      423936          128         591.119    108527616      6782976
      423936          256         682.220    217055232     13565952
      423936          512         990.066    434110464     27131904
      423936         1024        1811.096    868220928     54263808
      423936         2048        3648.506   1736441856    108527616
      465920            1         446.542       931840        58240
      465920            2         521.323      1863680       116480
      465920            4         467.947      3727360       232960
      465920            8         449.307      7454720       465920
      465920           16         476.243     14909440       931840
      465920           32         446.273     29818880      1863680
      465920           64         512.393     59637760      3727360
      465920          128         551.698    119275520      7454720
      465920          256         618.417    238551040     14909440
      465920          512        1464.240    477102080     29818880
      465920         1024        1557.724    954204160     59637760
      465920         2048        2462.805   1908408320    119275520
      512000            1         565.480      1024000        64000
      512000            2         483.647      2048000       128000
      512000            4          14.500      4096000       256000
      512000            8         442.020      8192000       512000
      512000           16         527.861     16384000      1024000
      512000           32         532.594     32768000      2048000
      512000           64         490.515     65536000      4096000
      512000          128         618.891    131072000      8192000
      512000          256         786.733    262144000     16384000
      512000          512        1220.379    524288000     32768000
      512000         1024        2590.729   1048576000     65536000
      512000         2048        4369.256   2097152000    131072000
      563200            1         521.425      1126400        70400
      563200            2         454.391      2252800       140800
      563200            4         499.152      4505600       281600
      563200            8         424.226      9011200       563200
      563200           16         518.564     18022400      1126400
      563200           32         565.204     36044800      2252800
      563200           64         511.069     72089600      4505600
      563200          128         624.178    144179200      9011200
      563200          256         864.628    288358400     18022400
      563200          512        1145.700    576716800     36044800
      563200         1024        1863.016   1153433600     72089600
      619520            1         495.742      1239040        77440
      619520            2         452.998      2478080       154880
      619520            4         509.014      4956160       309760
      619520            8         455.433      9912320       619520
      619520           16         505.648     19824640      1239040
      619520           32         493.510     39649280      2478080
      619520           64         489.656     79298560      4956160
      619520          128         608.603    158597120      9912320
      619520          256         847.409    317194240     19824640
      619520          512        1420.543    634388480     39649280
      619520         1024        1889.928   1268776960     79298560
      680960            1         524.721      1361920        85120
      680960            2         549.896      2723840       170240
      680960            4         480.897      5447680       340480
      680960            8          11.231     10895360       680960
      680960           16         500.263     21790720      1361920
      680960           32         469.659     43581440      2723840
      680960           64         603.111     87162880      5447680
      680960          128         763.802    174325760     10895360
      680960          256        1012.082    348651520     21790720
      680960          512        1732.755    697303040     43581440
      680960         1024        3840.019   1394606080     87162880
      748544            1         497.191      1497088        93568
      748544            2         445.045      2994176       187136
      748544            4         515.348      5988352       374272
      748544            8         438.535     11976704       748544
      748544           16         523.552     23953408      1497088
      748544           32         445.980     47906816      2994176
      748544           64         539.588     95813632      5988352
      748544          128         719.396    191627264     11976704
      748544          256        1079.853    383254528     23953408
      748544          512        1169.347    766509056     47906816
      748544         1024        1888.098   1533018112     95813632
      823296            1         410.762      1646592       102912
      823296            2         454.363      3293184       205824
      823296            4         424.148      6586368       411648
      823296            8         671.912     13172736       823296
      823296           16         510.281     26345472      1646592
      823296           32         513.947     52690944      3293184
      823296           64         613.291    105381888      6586368
      823296          128         770.694    210763776     13172736
      823296          256         837.397    421527552     26345472
      823296          512        1651.937    843055104     52690944
      823296         1024        2159.610   1686110208    105381888
      905216            1         501.726      1810432       113152
      905216            2         533.234      3620864       226304
      905216            4         416.931      7241728       452608
      905216            8         424.969     14483456       905216
      905216           16         452.778     28966912      1810432
      905216           32         657.046     57933824      3620864
      905216           64         599.537    115867648      7241728
      905216          128         740.555    231735296     14483456
      905216          256        1436.579    463470592     28966912
      905216          512        2423.378    926941184     57933824
      905216         1024        3907.098   1853882368    115867648
      995328            1         469.186      1990656       124416
      995328            2         461.915      3981312       248832
      995328            4         471.557      7962624       497664
      995328            8         520.034     15925248       995328
      995328           16         446.898     31850496      1990656
      995328           32         653.831     63700992      3981312
      995328           64         688.073    127401984      7962624
      995328          128         724.247    254803968     15925248
      995328          256        1006.621    509607936     31850496
      995328          512        1609.087   1019215872     63700992
      995328         1024        4369.352   2038431744    127401984
     1094656            1         516.370      2189312       136832
     1094656            2         472.465      4378624       273664
     1094656            4         542.392      8757248       547328
     1094656            8         486.118     17514496      1094656
     1094656           16         543.532     35028992      2189312
     1094656           32         493.989     70057984      4378624
     1094656           64         601.456    140115968      8757248
     1094656          128         881.402    280231936     17514496
     1094656          256        1258.516    560463872     35028992
     1094656          512        1615.475   1120927744     70057984
     1203200            1         502.646      2406400       150400
     1203200            2         427.053      4812800       300800
     1203200            4         606.166      9625600       601600
     1203200            8         490.682     19251200      1203200
     1203200           16         560.966     38502400      2406400
     1203200           32         508.404     77004800      4812800
     1203200           64         828.873    154009600      9625600
     1203200          128         949.344    308019200     19251200
     1203200          256        1609.147    616038400     38502400
     1203200          512        2573.380   1232076800     77004800
     1323008            1         557.039      2646016       165376
     1323008            2         530.439      5292032       330752
     1323008            4         527.373     10584064       661504
     1323008            8         663.575     21168128      1323008
     1323008           16         537.104     42336256      2646016
     1323008           32         575.848     84672512      5292032
     1323008           64         724.897    169345024     10584064
     1323008          128        1036.766    338690048     21168128
     1323008          256        1705.995    677380096     42336256
     1323008          512        1897.546   1354760192     84672512
     1455104            1         470.062      2910208       181888
     1455104            2         507.173      5820416       363776
     1455104            4         445.357     11640832       727552
     1455104            8         423.356     23281664      1455104
     1455104           16         576.268     46563328      2910208
     1455104           32         544.976     93126656      5820416
     1455104           64         658.126    186253312     11640832
     1455104          128        1131.355    372506624     23281664
     1455104          256        1991.839    745013248     46563328
     1455104          512        3218.037   1490026496     93126656
     1600512            1         436.664      3201024       200064
     1600512            2         447.371      6402048       400128
     1600512            4         524.976     12804096       800256
     1600512            8         511.761     25608192      1600512
     1600512           16         469.055     51216384      3201024
     1600512           32         515.124    102432768      6402048
     1600512           64         710.326    204865536     12804096
     1600512          128        1523.193    409731072     25608192
     1600512          256        2033.142    819462144     51216384
     1600512          512        3474.203   1638924288    102432768
     1760256            1         467.350      3520512       220032
     1760256            2         462.885      7041024       440064
     1760256            4         496.253     14082048       880128
     1760256            8         460.329     28164096      1760256
     1760256           16         535.581     56328192      3520512
     1760256           32         587.126    112656384      7041024
     1760256           64         680.323    225312768     14082048
     1760256          128         841.844    450625536     28164096
     1760256          256        1002.418    901251072     56328192
     1760256          512        3854.195   1802502144    112656384
     1935360            1         498.782      3870720       241920
     1935360            2         493.226      7741440       483840
     1935360            4         471.833     15482880       967680
     1935360            8         483.741     30965760      1935360
     1935360           16         505.557     61931520      3870720
     1935360           32         630.495    123863040      7741440
     1935360           64         875.996    247726080     15482880
     1935360          128        1451.135    495452160     30965760
     1935360          256        1584.352    990904320     61931520
     1935360          512        2875.535   1981808640    123863040
     2128896            1         538.790      4257792       266112
     2128896            2         482.261      8515584       532224
     2128896            4         467.663     17031168      1064448
     2128896            8         478.572     34062336      2128896
     2128896           16         513.976     68124672      4257792
     2128896           32         528.607    136249344      8515584
     2128896           64         859.528    272498688     17031168
     2128896          128        1087.340    544997376     34062336
     2128896          256        1401.742   1089994752     68124672
     2340864            1         550.272      4681728       292608
     2340864            2         502.150      9363456       585216
     2340864            4         670.470     18726912      1170432
     2340864            8         439.188     37453824      2340864
     2340864           16         460.603     74907648      4681728
     2340864           32         592.721    149815296      9363456
     2340864           64         893.779    299630592     18726912
     2340864          128        1683.256    599261184     37453824
     2340864          256        2557.032   1198522368     74907648
     2574336            1         443.528      5148672       321792
     2574336            2         445.324     10297344       643584
     2574336            4         459.597     20594688      1287168
     2574336            8         493.066     41189376      2574336
     2574336           16         503.453     82378752      5148672
     2574336           32         559.080    164757504     10297344
     2574336           64         692.889    329515008     20594688
     2574336          128        1062.677    659030016     41189376
     2574336          256        1086.584   1318060032     82378752
     2831360            1          11.479      5662720       353920
     2831360            2         503.898     11325440       707840
     2831360            4         426.388     22650880      1415680
     2831360            8         557.910     45301760      2831360
     2831360           16         583.362     90603520      5662720
     2831360           32         604.863    181207040     11325440
     2831360           64        1044.538    362414080     22650880
     2831360          128        1784.341    724828160     45301760
     2831360          256        1803.825   1449656320     90603520
     3113984            1         645.173      6227968       389248
     3113984            2         477.081     12455936       778496
     3113984            4          31.778     24911872      1556992
     3113984            8         483.284     49823744      3113984
     3113984           16         587.116     99647488      6227968
     3113984           32         732.065    199294976     12455936
     3113984           64        1072.968    398589952     24911872
     3113984          128        1851.155    797179904     49823744
     3113984          256        3334.534   1594359808     99647488
     3425280            1         441.711      6850560       428160
     3425280            2         533.411     13701120       856320
     3425280            4         467.337     27402240      1712640
     3425280            8         480.698     54804480      3425280
     3425280           16         552.126    109608960      6850560
     3425280           32         729.677    219217920     13701120
     3425280           64         939.521    438435840     27402240
     3425280          128        1232.401    876871680     54804480
     3425280          256        1994.448   1753743360    109608960
     3767296            1         506.698      7534592       470912
     3767296            2         649.478     15069184       941824
     3767296            4         486.988     30138368      1883648
     3767296            8         637.589     60276736      3767296
     3767296           16         599.069    120553472      7534592
     3767296           32         926.443    241106944     15069184
     3767296           64        1423.079    482213888     30138368
     3767296          128        1981.592    964427776     60276736
     3767296          256        4908.128   1928855552    120553472
     4143104            1         489.502      8286208       517888
     4143104            2         470.592     16572416      1035776
     4143104            4         501.885     33144832      2071552
     4143104            8         454.535     66289664      4143104
     4143104           16         543.760    132579328      8286208
     4143104           32         799.041    265158656     16572416
     4143104           64        1174.028    530317312     33144832
     4143104          128        2114.173   1060634624     66289664
     4143104          256        4427.599   2121269248    132579328
     4556800            1         496.971      9113600       569600
     4556800            2         584.791     18227200      1139200
     4556800            4         565.670     36454400      2278400
     4556800            8         572.272     72908800      4556800
     4556800           16         575.800    145817600      9113600
     4556800           32         737.190    291635200     18227200
     4556800           64        1381.975    583270400     36454400
     4556800          128        2460.032   1166540800     72908800
     5012480            1         425.496     10024960       626560
     5012480            2         532.917     20049920      1253120
     5012480            4         503.870     40099840      2506240
     5012480            8         544.380     80199680      5012480
     5012480           16         727.139    160399360     10024960
     5012480           32         841.144    320798720     20049920
     5012480           64        1271.032    641597440     40099840
     5012480          128        1922.332   1283194880     80199680
     5513216            1          12.777     11026432       689152
     5513216            2         473.827     22052864      1378304
     5513216            4         529.537     44105728      2756608
     5513216            8         562.930     88211456      5513216
     5513216           16         764.867    176422912     11026432
     5513216           32         969.327    352845824     22052864
     5513216           64        1633.314    705691648     44105728
     5513216          128        2327.634   1411383296     88211456
     6064128            1         463.751     12128256       758016
     6064128            2         446.021     24256512      1516032
     6064128            4         569.380     48513024      3032064
     6064128            8         517.789     97026048      6064128
     6064128           16         555.440    194052096     12128256
     6064128           32        1158.459    388104192     24256512
     6064128           64        2077.453    776208384     48513024
     6064128          128        4025.813   1552416768     97026048
     6670336            1         466.671     13340672       833792
     6670336            2         460.522     26681344      1667584
     6670336            4         547.678     53362688      3335168
     6670336            8         592.432    106725376      6670336
     6670336           16         782.100    213450752     13340672
     6670336           32        1200.553    426901504     26681344
     6670336           64        1245.841    853803008     53362688
     6670336          128        3101.096   1707606016    106725376
     7336960            1         513.758     14673920       917120
     7336960            2         513.175     29347840      1834240
     7336960            4         528.293     58695680      3668480
     7336960            8         646.471    117391360      7336960
     7336960           16         690.273    234782720     14673920
     7336960           32        1151.655    469565440     29347840
     7336960           64        2180.582    939130880     58695680
     7336960          128        3868.130   1878261760    117391360
     8070144            1         485.409     16140288      1008768
     8070144            2         475.698     32280576      2017536
     8070144            4         597.735     64561152      4035072
     8070144            8         662.656    129122304      8070144
     8070144           16         875.033    258244608     16140288
     8070144           32        1223.379    516489216     32280576
     8070144           64        2650.861   1032978432     64561152
     8070144          128        4376.817   2065956864    129122304
     8877056            1         526.707     17754112      1109632
     8877056            2         495.354     35508224      2219264
     8877056            4         509.606     71016448      4438528
     8877056            8         534.440    142032896      8877056
     8877056           16         823.205    284065792     17754112
     8877056           32        1325.058    568131584     35508224
     8877056           64        1470.379   1136263168     71016448
     9763840            1         481.737     19527680      1220480
     9763840            2         591.425     39055360      2440960
     9763840            4         532.293     78110720      4881920
     9763840            8         589.367    156221440      9763840
     9763840           16         744.492    312442880     19527680
     9763840           32        1223.631    624885760     39055360
     9763840           64        1744.663   1249771520     78110720
    10739712            1         407.528     21479424      1342464
    10739712            2         429.961     42958848      2684928
    10739712            4         579.308     85917696      5369856
    10739712            8         729.210    171835392     10739712
    10739712           16         928.068    343670784     21479424
    10739712           32        1760.044    687341568     42958848
    10739712           64        2796.101   1374683136     85917696
    11812864            1         450.715     23625728      1476608
    11812864            2         602.256     47251456      2953216
    11812864            4         636.064     94502912      5906432
    11812864            8         603.669    189005824     11812864
    11812864           16         846.012    378011648     23625728
    11812864           32        1465.611    756023296     47251456
    11812864           64        1806.142   1512046592     94502912
    12993536            1         450.939     25987072      1624192
    12993536            2         554.909     51974144      3248384
    12993536            4         695.043    103948288      6496768
    12993536            8         785.134    207896576     12993536
    12993536           16        1056.290    415793152     25987072
    12993536           32         867.250    831586304     51974144
    12993536           64        3010.159   1663172608    103948288
    14291968            1         466.580     28583936      1786496
    14291968            2         484.538     57167872      3572992
    14291968            4         622.290    114335744      7145984
    14291968            8         687.524    228671488     14291968
    14291968           16         925.170    457342976     28583936
    14291968           32         962.697    914685952     57167872
    14291968           64        4074.779   1829371904    114335744
    15720448            1         584.258     31440896      1965056
    15720448            2         628.284     62881792      3930112
    15720448            4         629.246    125763584      7860224
    15720448            8        1018.411    251527168     15720448
    15720448           16         845.236    503054336     31440896
    15720448           32        1322.514   1006108672     62881792
    15720448           64        2587.247   2012217344    125763584
    17292288            1         496.766     34584576      2161536
    17292288            2         649.201     69169152      4323072
    17292288            4         802.195    138338304      8646144
    17292288            8         911.020    276676608     17292288
    17292288           16        1561.323    553353216     34584576
    17292288           32        2695.983   1106706432     69169152
    19020800            1         519.212     38041600      2377600
    19020800            2         453.611     76083200      4755200
    19020800            4         547.263    152166400      9510400
    19020800            8         703.511    304332800     19020800
    19020800           16        1174.771    608665600     38041600
    19020800           32        2702.372   1217331200     76083200
    20922368            1         505.424     41844736      2615296
    20922368            2         543.773     83689472      5230592
    20922368            4         601.248    167378944     10461184
    20922368            8         796.157    334757888     20922368
    20922368           16         913.378    669515776     41844736
    20922368           32        2994.965   1339031552     83689472
    23014400            1         521.021     46028800      2876800
    23014400            2         631.930     92057600      5753600
    23014400            4         813.513    184115200     11507200
    23014400            8        1102.455    368230400     23014400
    23014400           16        1849.091    736460800     46028800
    23014400           32        3160.469   1472921600     92057600
    25315328            1         603.255     50630656      3164416
    25315328            2         682.162    101261312      6328832
    25315328            4         661.305    202522624     12657664
    25315328            8         973.056    405045248     25315328
    25315328           16        1516.635    810090496     50630656
    25315328           32        3108.934   1620180992    101261312
    27846656            1         552.436     55693312      3480832
    27846656            2         689.092    111386624      6961664
    27846656            4         810.408    222773248     13923328
    27846656            8        1131.802    445546496     27846656
    27846656           16        2188.526    891092992     55693312
    27846656           32        2084.265   1782185984    111386624
    30630912            1         638.257     61261824      3828864
    30630912            2         701.273    122523648      7657728
    30630912            4        1167.754    245047296     15315456
    30630912            8        1144.102    490094592     30630912
    30630912           16        1604.020    980189184     61261824
    30630912           32        3798.399   1960378368    122523648
    33693696            1         518.178     67387392      4211712
    33693696            2         628.835    134774784      8423424
    33693696            4         843.731    269549568     16846848
    33693696            8        1140.459    539099136     33693696
    33693696           16        2164.110   1078198272     67387392
    37062656            1         610.315     74125312      4632832
    37062656            2         623.362    148250624      9265664
    37062656            4         877.260    296501248     18531328
    37062656            8        1339.866    593002496     37062656
    37062656           16        2027.055   1186004992     74125312
    40768512            1         624.925     81537024      5096064
    40768512            2         600.857    163074048     10192128
    40768512            4         850.209    326148096     20384256
    40768512            8        1345.008    652296192     40768512
    40768512           16        1506.469   1304592384     81537024
    44845056            1         588.618     89690112      5605632
    44845056            2         557.216    179380224     11211264
    44845056            4        1173.580    358760448     22422528
    44845056            8        1964.324    717520896     44845056
    44845056           16        3906.621   1435041792     89690112
    49329152            1         911.641     98658304      6166144
    49329152            2         907.968    197316608     12332288
    49329152            4         963.304    394633216     24664576
    49329152            8        1531.516    789266432     49329152
    49329152           16        1815.420   1578532864     98658304
    54261760            1         588.923    108523520      6782720
    54261760            2         642.398    217047040     13565440
    54261760            4         770.246    434094080     27130880
    54261760            8        1305.243    868188160     54261760
    54261760           16        2046.222   1736376320    108523520
    59687936            1         633.892    119375872      7460992
    59687936            2         810.712    238751744     14921984
    59687936            4         779.729    477503488     29843968
    59687936            8        1267.598    955006976     59687936
    59687936           16        2038.853   1910013952    119375872
    65655808            1         601.388    131311616      8206976
    65655808            2         685.535    262623232     16413952
    65655808            4        1017.531    525246464     32827904
    65655808            8        1676.076   1050492928     65655808
    65655808           16        2395.321   2100985856    131311616
    72220672            1         904.670    144441344      9027584
    72220672            2         621.378    288882688     18055168
    72220672            4         939.590    577765376     36110336
    72220672            8        2127.153   1155530752     72220672
    79441920            1        1354.851    158883840      9930240
    79441920            2        1359.067    317767680     19860480
    79441920            4        2656.476    635535360     39720960
    79441920            8        2530.312   1271070720     79441920
    87386112            1         967.636    174772224     10923264
    87386112            2        1846.650    349544448     21846528
    87386112            4        1215.729    699088896     43693056
    87386112            8        3040.804   1398177792     87386112
    96123904            1        3426.855    192247808     12015488
    96123904            2        2259.750    384495616     24030976
    96123904            4        3303.147    768991232     48061952
    96123904            8        3411.953   1537982464     96123904
   105736192            1        2674.784    211472384     13217024
   105736192            2        3642.688    422944768     26434048
   105736192            4        6946.332    845889536     52868096
   105736192            8        8095.167   1691779072    105736192
   116308992            1        2873.250    232617984     14538624
   116308992            2        7458.375    465235968     29077248
   116308992            4       10851.016    930471936     58154496
   116308992            8       13854.619   1860943872    116308992
   127939584            1        3196.459    255879168     15992448
   127939584            2        6671.855    511758336     31984896
   127939584            4        6283.739   1023516672     63969792
   127939584            8        8272.044   2047033344    127939584
   140733440            1        3741.019    281466880     17591680
   140733440            2       10890.359    562933760     35183360
   140733440            4       19642.545   1125867520     70366720
   154806272            1        9142.922    309612544     19350784
   154806272            2       11680.638    619225088     38701568
   154806272            4       15966.150   1238450176     77403136
   170286080            1       10706.331    340572160     21285760
   170286080            2       20333.815    681144320     42571520
   170286080            4       28106.039   1362288640     85143040
   187314176            1        9853.693    374628352     23414272
   187314176            2       13491.090    749256704     46828544
   187314176            4       21924.488   1498513408     93657088
   206045184            1        6678.048    412090368     25755648
   206045184            2       15158.179    824180736     51511296
   206045184            4       23785.860   1648361472    103022592
   226649088            1        7863.512    453298176     28331136
   226649088            2       13690.193    906596352     56662272
   226649088            4       24592.684   1813192704    113324544
   249313280            1       11351.027    498626560     31164160
   249313280            2       21051.425    997253120     62328320
   249313280            4       46862.931   1994506240    124656640
   274244608            1       16105.817    548489216     34280576
   274244608            2       38873.859   1096978432     68561152
   301668352            1       21168.351    603336704     37708544
   301668352            2       33373.890   1206673408     75417088
   331834368            1       12879.567    663668736     41479296
   331834368            2       32738.287   1327337472     82958592
   365017088            1       15103.677    730034176     45627136
   365017088            2       49066.418   1460068352     91254272
   401518592            1       20815.914    803037184     50189824
   401518592            2       44904.778   1606074368    100379648
   441669632            1       26958.203    883339264     55208704
   441669632            2       51498.153   1766678528    110417408
   485835776            1       16585.973    971671552     60729472
   485835776            2       42424.759   1943343104    121458944
   534418432            1       24028.823   1068836864     66802304
   534418432            2       67748.222   2137673728    133604608
   587859968            1       40928.853   1175719936     73482496
   646645760            1       50716.908   1293291520     80830720
   711310336            1       49435.074   1422620672     88913792
   782440448            1       48602.972   1564880896     97805056
   860684288            1       66609.015   1721368576    107585536
   946752512            1       72838.170   1893505024    118344064
  1041427456            1       73991.969   2082854912    130178432

META_DATA
FLOPS          1
OPENMP_THREADS 128
ERT_VERSION  1.1.0
TIMESTAMP_DATA  1634056378.93
HOSTNAME  ('pmemMachine1', ['pmemMachine1.local'], ['fe80::5210:541c:37bc:6d9c'])
UNAME  ('Linux', 'pmemMachine1', '5.9.13-derrick-pmo', '#95 SMP Sat Sep 18 09:17:02 EDT 2021', 'x86_64', 'x86_64')
CONFIG  {'ERT_WORKING_SET_MIN': ['1'], 'ERT_CFLAGS': ['-O3'], 'ERT_CC': ['gcc'], 'ERT_OPENMP_LDFLAGS': ['-fopenmp'], 'ERT_MEMORY_MAX': ['1073741824'], 'ERT_LDFLAGS': [], 'ERT_LDLIBS': [], 'ERT_SPEC_GBYTES_DRAM': ['300'], 'ERT_RUN': ['export', 'KMP_AFFINITY=scatter;', 'export', 'OMP_NUM_THREADS=ERT_OPENMP_THREADS;', 'ERT_CODE'], 'ERT_FLOPS': ['1,2,4,8,16'], 'ERT_OPENMP_CFLAGS': ['-fopenmp'], 'ERT_SPEC_GFLOPS': ['1000'], 'ERT_MPI': [False], 'ERT_TRIALS_MIN': ['1'], 'ERT_DRIVER': ['driver1'], 'ERT_RESULTS': ['Results.madonna.lbl.gov.02'], 'ERT_OPENMP': ['True'], 'ERT_OPENMP_THREADS': ['1,2,4,8,16,32,48,64,80,96,112,128,144,160'], 'ERT_KERNEL': ['kernel1'], 'ERT_GPU': [False], 'ERT_LD': ['gcc'], 'ERT_NUM_EXPERIMENTS': ['3'], 'ERT_ALIGN': ['32'], 'ERT_GNUPLOT': ['gnuplot']}
