1280 524288 5306.917 6014.724 6120.59 219.288872478 223.148606653 252.910923612 13.7055545299 13.9467879158 15.8069327257
2560 262144 3508.749 5175.033 5332.512 251.697001338 259.356274636 382.523024588 15.7310625836 16.2097671648 23.9076890367
3840 262144 2788.15 5579.95 6914.309 291.173842534 360.803577093 722.079486398 18.1983651584 22.5502235683 45.1299678999
5120 131072 4224.525 4952.795 5402.792 248.422904306 270.9939095 317.710814825 15.5264315191 16.9371193437 19.8569259266
6400 131072 1815.605 5416.066 6767.268 247.91712106 309.767569302 924.056499073 15.4948200662 19.3604730814 57.7535311921
7680 131072 3245.638 5872.285 6909.245 291.387252876 342.841997621 620.298973576 18.2117033048 21.4276248513 38.7686858485
8960 65536 2397.325 3073.845 3943.128 297.835910982 382.063871145 489.8814804 18.6147444364 23.8789919466 30.617592525
10240 65536 2785.537 3436.323 3998.291 335.687742588 390.585308773 481.837893376 20.9804839118 24.4115817983 30.114868336
11520 65536 3852.184 4351.856 5227.197 288.864077631 346.966774636 391.972304542 18.0540048519 21.6854234147 24.4982690339
12800 65536 3500.311 4211.114 4310.314 389.234195003 398.403272863 479.306438771 24.3271371877 24.9002045539 29.9566524232
14080 65536 4068.321 5610.397 5815.943 317.316342337 328.941741556 453.625404682 19.8322713961 20.5588588472 28.3515877926
15360 65536 2723.322 3327.497 3955.046 509.037295647 605.039139029 739.268408216 31.8148309779 37.8149461893 46.2042755135
16640 32768 1921.291 2413.309 3127.139 348.727395872 451.877086606 567.597016798 21.795462242 28.2423179129 35.4748135498
17920 32768 1698.135 2871.443 2950.096 398.0904757 408.994752812 691.585250878 24.8806547312 25.5621720508 43.2240781799
19200 32768 3007.226 3230.358 4237.736 296.925339379 389.520666131 418.422559528 18.5578337112 24.3450416332 26.1514099705
20480 32768 2738.282 3447.806 4520.634 296.900231251 389.2844551 490.153052169 18.5562644532 24.3302784437 30.6345657606
21760 32768 2068.997 2883.831 4441.474 321.078849049 494.503096749 689.253469193 20.0674280655 30.9064435468 43.0783418246
23040 32768 1515.205 2780.642 3037.525 497.09860495 543.021877681 996.53145284 31.0686628094 33.9388673551 62.2832158025
24320 32768 3384.145 4315.118 4472.507 356.362889985 369.360819333 470.971403412 22.2726806241 23.0850512083 29.4357127133
25600 32768 3726.119 3750.678 4674.916 358.877378759 447.311552738 450.25980115 22.4298361725 27.9569720461 28.1412375719
28160 32768 2667.128 2746.682 3376.977 546.492842563 671.899317067 691.940454301 34.1558026602 41.9937073167 43.2462783938
30720 32768 4427.03 5021.749 5177.799 388.826588286 400.909308689 454.766721707 24.3016617679 25.0568317931 28.4229201067
33280 16384 1461.908 2115.245 2288.803 476.45823603 515.552118076 745.955997231 29.7786397519 32.2220073798 46.6222498269
35840 16384 2344.739 2924.811 3289.771 356.986890577 401.531969074 500.868164858 22.3116806611 25.0957480671 31.3042603036
38400 16384 1822.278 2248.847 3138.089 400.97371362 559.527259969 690.504522362 25.0608571012 34.9704537481 43.1565326476
42240 16384 1953.487 3013.173 3669.796 377.165466418 459.356406021 708.538280521 23.5728416511 28.7097753763 44.2836425326
46080 16384 3319.358 3877.769 4063.739 371.566540076 389.386123825 454.892012251 23.2229087547 24.3366327391 28.4307507657
49920 16384 2865.47 3218.535 4289.558 381.339653176 508.236996025 570.858728237 23.8337283235 31.7648122515 35.6786705148
53760 16384 3372.525 4100.515 4526.73 389.156782048 429.606446995 522.340881091 24.322298878 26.8504029372 32.6463050682
58880 16384 2715.244 3664.031 4992.98 386.418499573 526.573012073 710.573281812 24.1511562233 32.9108132546 44.4108301132
64000 16384 2249.326 3604.445 5070.302 413.614810321 581.823831408 932.346845233 25.8509256451 36.363989463 58.271677827
70400 8192 2702.457 3169.662 3241.072 355.880276649 363.897980289 426.809233227 22.2425172906 22.7436237681 26.6755770767
76800 8192 2306.856 2725.671 4043.48 311.190162929 461.644563852 545.457193687 19.4493851831 28.8527852408 34.0910746054
84480 8192 1759.37 3301.565 3537.215 391.302287251 419.231582598 786.713607712 24.4563929532 26.2019739124 49.169600482
92160 8192 1846.35 2614.666 2784.619 542.246332443 577.492283909 817.802388496 33.8903957777 36.0932677443 51.112649281
101120 8192 2334.792 3121.469 3792.568 436.841232642 530.759741647 709.592152106 27.3025770401 33.172483853 44.3495095066
110080 8192 1595.271 3340.58 4856.491 371.369105801 539.891491897 1130.56071351 23.2105691126 33.7432182435 70.6600445943
120320 8192 3437.934 3636.572 4834.743 407.740986439 542.08273066 573.40335213 25.4838116524 33.8801706662 35.8377095081
131840 4096 1836.68 1860.663 2654.406 406.883227359 580.456149233 588.035629505 25.4302017099 36.2785093271 36.7522268441
144640 4096 2648.665 2775.274 2834.924 417.962132318 426.94554844 447.35399909 26.1226332699 26.6840967775 27.9596249431
158720 4096 2015.403 2262.872 2627.261 494.901054749 574.594692055 645.14850876 30.9313159218 35.9121682534 40.3217817975
174080 4096 2545.481 2715.997 3676.99 387.83444067 525.060727239 560.233354718 24.2396525419 32.8162954525 35.0145846699
190720 4096 1810.492 3043.746 3586.686 435.604967929 513.307693875 862.957825829 27.2253104955 32.0817308672 53.9348641143
208640 4096 3806.6 4201.145 4863.366 351.43949273 406.836441018 449.004066621 21.9649682956 25.4272775636 28.0627541638
229120 4096 3536.004 4697.227 4716.598 397.945943241 399.587041461 530.811345236 24.8716214526 24.9741900913 33.1757090773
250880 4096 4483.698 4929.696 5014.73 409.834419799 416.903792851 458.373637118 25.6146512375 26.0564870532 28.6483523199
275200 2048 1988.564 2113.985 2763.658 407.872175211 533.220055961 566.850853178 25.4920109507 33.3262534975 35.4281783237
302080 2048 2930.897 3035.854 3319.547 372.737509064 407.568901535 422.164163394 23.2960943165 25.4730563459 26.3852602121
331520 2048 2594.343 2812.74 3011.38 450.924798597 482.769797422 523.410327779 28.1827999123 30.1731123389 32.7131454862
363520 2048 2699.004 3385.31 3681.399 404.459804547 439.835028402 551.67681115 25.2787377842 27.4896892751 34.4798006968
399360 2048 1147.151 2407.41 3933.809 415.825618376 679.476516256 1425.94877222 25.9891011485 42.467282266 89.1217982637
439040 2048 2102.693 3047.246 3901.158 460.96770241 590.141997069 855.240322767 28.8104814007 36.8838748168 53.4525201729
482560 2048 2943.565 3753.294 5038.205 392.315469498 526.621618237 671.487043772 24.5197168436 32.9138511398 41.9679402357
529920 1024 2110.768 2307.034 3340.445 324.889695834 470.420531297 514.161745867 20.3056059896 29.4012832061 32.1351091167
582400 1024 2694.169 2734.178 3088.608 386.178887059 436.239045154 442.717290563 24.1361804412 27.2649403221 27.6698306602
640000 1024 2184.083 2235.927 3028.434 432.804545187 586.20876263 600.123713247 27.0502840742 36.6380476643 37.5077320779
704000 1024 1639.372 2903.334 3176.517 453.890849632 496.598737865 879.478239228 28.368178102 31.0374211166 54.9673899518
774400 1024 2359.373 2466.57 3401.987 466.189670919 642.986495417 672.200283719 29.1368544324 40.1866559635 42.0125177325
851200 1024 3287.342 4278.727 4929.646 353.62733957 407.424357759 530.293957854 22.1017087231 25.4640223599 33.1433723659
935680 1024 2037.692 2179.777 4263.635 449.445752275 879.114074513 940.413291116 28.0903595172 54.9446296571 58.7758306947
1029120 1024 3149.885 3865.527 5943.176 354.631557268 545.239435658 669.115780417 22.1644723293 34.0774647286 41.8197362761
1131520 512 2323.63 2893.496 2950.68 392.681171798 400.441707886 498.64930303 24.5425732374 25.0276067428 31.1655814394
1244160 512 2287.859 2289.431 2792.824 456.176200147 556.478810674 556.861170203 28.5110125092 34.7799256671 34.8038231377
1368320 512 2756.654 3733.997 3923.053 357.160527783 375.243922263 508.282751481 22.3225329864 23.4527451415 31.7676719675
1504000 512 2399.117 3214.515 3571.398 431.230571334 479.106801493 641.94284814 26.9519107084 29.9441750933 40.1214280087
1653760 512 2967.011 3120.04 3825.811 442.63823801 542.765554288 570.759676995 27.6648898756 33.922847143 35.6724798122
1818880 512 4483.103 4502.624 4639.088 401.486912945 413.655042038 415.456240912 25.0929320591 25.8534401274 25.966015057
2000640 512 1709.839 2080.493 3534.9 579.551149962 984.697069397 1198.1568791 36.2219468726 61.5435668373 74.8848049436
2200320 256 2721.955 2767.634 2818.896 399.647181024 407.049429224 413.880405811 24.977948814 25.4405893265 25.8675253632
2419200 256 1968.452 2231.188 2780.865 445.4119132 555.143896435 629.24084509 27.838244575 34.6964935272 39.3275528182
2661120 256 3445.047 3480.543 3482.365 391.255207309 391.460022186 395.493425779 24.4534504568 24.4662513866 24.7183391112
2926080 256 2165.486 3174.965 3790.018 395.289141107 471.864401655 691.832207643 24.7055713192 29.4915251034 43.2395129777
3217920 256 2903.054 2903.424 4460.289 369.387508298 567.459330776 567.531654595 23.0867192686 35.4662081735 35.4707284122
3539200 256 2576.659 3890.479 4450.886 407.125772262 465.770513091 703.263567278 25.4453607664 29.1106570682 43.9539729549
3892480 256 3057.789 3335.982 3489.241 571.169993704 597.410225835 651.76170102 35.6981246065 37.3381391147 40.7351063137
4281600 128 1686.872 2015.571 3233.126 339.018522631 543.810959773 649.776390858 21.1886576644 33.9881849858 40.6110244286
4709120 128 2545.72 3056.682 3074.243 392.140348047 394.393240775 473.553540845 24.5087717529 24.6495775485 29.5970963028
5178880 128 2678.8 3067.288 3099.905 427.688358192 432.236320815 494.92059131 26.730522387 27.0147700509 30.9325369568
5696000 128 1835.139 3534.799 3535.712 412.413680752 412.520202705 794.586132168 25.775855047 25.782512669 49.6616332605
6265600 128 3268.012 3438.168 3777.409 424.627992362 466.525661341 490.816312792 26.5392495226 29.1578538338 30.6760195495
6891520 128 3512.188 4403.951 4438.318 397.499485165 400.601441751 502.316254141 24.8437178228 25.0375901094 31.3947658838
7580160 128 1336.508 3943.083 4764.187 407.314188129 492.132922386 1451.93366594 25.4571367581 30.7583076491 90.7458541213
8337920 128 3045.377 4363.509 4427.282 482.125945445 489.172251048 700.900913089 30.1328715903 30.5732656905 43.8063070681
9171200 64 1872.686 2294.699 2882.099 407.31203196 511.576289526 626.860883245 25.4570019975 31.9735180954 39.1788052028
10087680 64 2207.221 2282.983 3399.191 379.861867133 565.585919825 584.999435942 23.7413666958 35.3491199891 36.5624647464
11096320 64 2343.221 2628.197 2823.078 503.113608622 540.419519541 606.143833638 31.4446005388 33.7762199713 37.8839896023
12204800 64 3236.921 3546.237 3628.509 430.538934863 440.527353361 482.62357963 26.9086834289 27.532959585 30.1639737269
13424640 64 2354.297 3021.97 4570.686 375.950988539 568.620442956 729.879840989 23.4969367837 35.5387776848 45.6174900618
14766080 64 3278.625 3351.628 4598.272 411.036632892 563.92244008 576.478932479 25.6897895557 35.245152505 36.02993328
16241920 64 2004.37 3066.693 3151.254 659.726496182 677.917796141 1037.21656181 41.2329060114 42.3698622588 64.8260351133
17864960 32 1749.532 1970.212 2680.98 426.469962476 580.32203641 653.521878994 26.6543726548 36.2701272756 40.8451174371
19650560 32 1885.44 2552.709 2980.127 422.007464783 492.667139106 667.025118805 26.3754665489 30.7916961941 41.6890699253
21615360 32 2732.527 2901.973 3817.638 362.366217017 476.70431117 506.265094544 22.6478885636 29.7940194481 31.641568409
23776000 32 2220.617 2398.636 2941.72 517.270168473 634.387210064 685.243785849 32.3293855296 39.649200629 42.8277366155
26152960 32 3132.619 3582.998 4191.012 399.375959792 467.147746105 534.309930445 24.960997487 29.1967341316 33.3943706528
28768000 32 2262.412 3155.195 4224.154 435.862897044 583.530336477 813.800492572 27.2414310652 36.4706460298 50.8625307857
31644160 32 3208.489 3415.301 3995.623 506.86119286 592.986164323 631.208721613 31.6788245538 37.0616352702 39.4505451008
34808320 16 1454.002 1635.873 2957.648 376.605410786 680.90019213 766.069262628 23.5378381741 42.5562620081 47.8793289143
38288640 16 2253.412 3054.023 3219.787 380.533395532 401.187705528 543.725017884 23.7833372208 25.0742315955 33.9828136177
42117120 16 2171.072 2949.98 3216.214 419.047936487 456.866771978 620.775285205 26.1904960304 28.5541732486 38.7984553253
46328320 16 2726.178 3535.661 3612.457 410.387235059 419.301013304 543.80390422 25.6492021912 26.2063133315 33.9877440138
50960640 16 3238.263 4082.559 4479.561 364.040244122 399.440762522 503.584940445 22.7525152576 24.9650476576 31.4740587778
56056320 16 3241.902 3685.225 3808.57 470.991012375 486.755147922 553.317848596 29.4369382734 30.4221967451 34.5823655373
61661440 16 3381.649 4254.742 4444.218 443.984989035 463.756928152 583.492278471 27.7490618147 28.9848080095 36.4682674045
67827200 8 1755.41 2304.062 2715.33 399.669727068 471.009547486 618.223207114 24.9793579418 29.4380967179 38.6389504446
74609920 8 1499.462 2341.812 2708.948 440.672438157 509.758563027 796.124690055 27.5420273848 31.8599101892 49.7577931285
82069760 8 1314.879 2299.759 3395.463 386.726687936 570.979898328 998.659313899 24.170417996 35.6862436455 62.4162071187
90275840 8 1596.135 3024.075 3533.958 408.723997286 477.638100907 904.944406332 25.5452498304 29.8523813067 56.5590253957
99302400 8 1810.752 3408.167 5096.927 311.724770631 466.185606515 877.44671827 19.4827981645 29.1366004072 54.8404198918
109232640 8 2251.37 2394.971 3647.056 479.214533585 729.746723447 776.292763961 29.9509083491 45.6091702154 48.5182977476
120154880 8 2682.419 3576.201 7578.894 253.662088426 537.575510996 716.695669096 15.8538805266 33.5984694373 44.7934793185
132170240 8 1959.978 3465.532 8854.124 238.84054933 610.216220771 1078.95284539 14.9275343332 38.1385137982 67.4345528368
145386240 4 3577.067 10324.912 11827.229 98.340018613 112.648894247 325.15184088 6.14625116331 7.04055589045 20.321990055
159924480 4 9693.931 11476.706 14612.711 87.5536264284 111.477617358 131.979053699 5.47210165177 6.96735108488 8.24869085617
175916800 4 6673.677 10737.596 16461.631 85.4917960438 131.066059852 210.878410807 5.34323725274 8.19162874073 13.1799006754
193507840 4 6257.172 12378.023 23143.405 66.8900155357 125.065426038 247.406131716 4.18062597098 7.81658912736 15.4628832322
212857600 4 10894.491 10947.508 18094.777 94.1078632801 155.547801381 156.304759901 5.88174145501 9.72173758631 9.76904749382
234142720 4 18242.269 25319.494 28849.759 64.9274664651 73.9802209317 102.681402187 4.05796665407 4.62376380823 6.41758763671
257556480 4 18821.062 27935.455 27979.999 73.6401684646 73.7575901305 109.475854232 4.60251052904 4.60984938316 6.84224088949
283311360 2 11139.651 20067.008 24148.005 46.9291537748 56.4730646442 101.730784923 2.93307211093 3.52956654026 6.3581740577
311641600 2 5191.383 16259.194 26163.32 47.6455740327 76.66840066 240.122217914 2.97784837704 4.79177504125 15.0076386196
342805760 2 11930.92 16378.723 20535.461 66.7734237863 83.7197771768 114.930201527 4.17333898664 5.23248607355 7.18313759542
377085440 2 13183.036 20375.748 31884.287 47.3067426598 74.0263258065 114.41535622 2.95667141624 4.62664536291 7.15095976374
414792960 2 20740.185 23080.81 25964.651 63.9011801083 71.8853385128 79.9979286588 3.99382375677 4.49283365705 4.99987054117
456271360 2 32663.251 35895.292 40017.024 45.6077253521 50.8447024195 55.8758048916 2.85048283451 3.17779390122 3.49223780572
501898240 2 14296.707 25746.337 45862.278 43.7743838193 77.975867402 140.423452757 2.73589898871 4.87349171263 8.77646579733
552087040 1 15380.796 17024.715 22028.909 50.123865871 64.8571256553 71.7891375713 3.13274161694 4.05357035345 4.48682109821
607294720 1 12392.274 17330.702 26768.828 45.3732767083 70.083106847 98.0118289831 2.83582979427 4.38019417794 6.12573931145
668023040 1 13350.585 18149.534 27587.692 48.4290632214 73.6132442849 100.073972788 3.02681645134 4.60082776781 6.25462329928
734824960 1 19678.423 25412.107 33235.298 44.2195499496 57.8326669253 74.6833178655 2.76372187185 3.61454168283 4.66770736659
808307200 1 24660.34 29854.797 31704.413 50.9902012695 54.149234376 65.5552356537 3.18688757934 3.3843271485 4.09720222836
889137920 1 13867.849 26030.958 26401.923 67.3540272048 68.3138837994 128.230112687 4.2096267003 4.26961773746 8.01438204295
978050560 1 29604.63 42071.339 44636.241 43.8231597504 46.4948624526 66.0741620483 2.7389474844 2.90592890328 4.12963512802

META_DATA
ERT_VERSION  1.1.0
TIMESTAMP_DATA  1634056395.97
CONFIG  {'ERT_WORKING_SET_MIN': ['1'], 'ERT_CFLAGS': ['-O3'], 'ERT_CC': ['gcc'], 'ERT_OPENMP_LDFLAGS': ['-fopenmp'], 'ERT_MEMORY_MAX': ['1073741824'], 'ERT_LDFLAGS': [], 'ERT_LDLIBS': [], 'ERT_SPEC_GBYTES_DRAM': ['300'], 'ERT_RUN': ['export', 'KMP_AFFINITY=scatter;', 'export', 'OMP_NUM_THREADS=ERT_OPENMP_THREADS;', 'ERT_CODE'], 'ERT_FLOPS': ['1,2,4,8,16'], 'ERT_OPENMP_CFLAGS': ['-fopenmp'], 'ERT_SPEC_GFLOPS': ['1000'], 'ERT_MPI': [False], 'ERT_TRIALS_MIN': ['1'], 'ERT_DRIVER': ['driver1'], 'ERT_RESULTS': ['Results.madonna.lbl.gov.02'], 'ERT_OPENMP': ['True'], 'ERT_OPENMP_THREADS': ['1,2,4,8,16,32,48,64,80,96,112,128,144,160'], 'ERT_KERNEL': ['kernel1'], 'ERT_GPU': [False], 'ERT_LD': ['gcc'], 'ERT_NUM_EXPERIMENTS': ['3'], 'ERT_ALIGN': ['32'], 'ERT_GNUPLOT': ['gnuplot']}
TIMESTAMP_DATA  1634056399.23
HOSTNAME  ('pmemMachine1', ['pmemMachine1.local'], ['fe80::5210:541c:37bc:6d9c'])
FLOPS          1
TIMESTAMP_DATA  1634056402.45
UNAME  ('Linux', 'pmemMachine1', '5.9.13-derrick-pmo', '#95 SMP Sat Sep 18 09:17:02 EDT 2021', 'x86_64', 'x86_64')
OPENMP_THREADS 160
