        1280            1         431.867         2560          160
        1280            2         309.295         5120          320
        1280            4         267.187        10240          640
        1280            8         315.527        20480         1280
        1280           16         534.865        40960         2560
        1280           32         404.716        81920         5120
        1280           64         537.929       163840        10240
        1280          128         478.166       327680        20480
        1280          256         323.712       655360        40960
        1280          512         464.716      1310720        81920
        1280         1024         498.930      2621440       163840
        1280         2048         420.021      5242880       327680
        1280         4096         569.933     10485760       655360
        1280         8192         571.838     20971520      1310720
        1280        16384         752.551     41943040      2621440
        1280        32768         848.194     83886080      5242880
        1280        65536        1599.074    167772160     10485760
        1280       131072        2187.542    335544320     20971520
        1280       262144        4941.443    671088640     41943040
        1280       524288        6120.590   1342177280     83886080
        2560            1         632.991         5120          320
        2560            2         591.538        10240          640
        2560            4         489.936        20480         1280
        2560            8         468.612        40960         2560
        2560           16         438.932        81920         5120
        2560           32         320.131       163840        10240
        2560           64         432.607       327680        20480
        2560          128         305.462       655360        40960
        2560          256         447.694      1310720        81920
        2560          512         517.708      2621440       163840
        2560         1024         424.986      5242880       327680
        2560         2048         529.148     10485760       655360
        2560         4096         410.968     20971520      1310720
        2560         8192         367.804     41943040      2621440
        2560        16384         642.238     83886080      5242880
        2560        32768         748.329    167772160     10485760
        2560        65536        1460.850    335544320     20971520
        2560       131072        2978.820    671088640     41943040
        2560       262144        5175.033   1342177280     83886080
        3840            1         442.881         7680          480
        3840            2         610.084        15360          960
        3840            4         479.250        30720         1920
        3840            8         512.195        61440         3840
        3840           16         302.091       122880         7680
        3840           32         471.429       245760        15360
        3840           64         604.921       491520        30720
        3840          128         442.909       983040        61440
        3840          256         632.691      1966080       122880
        3840          512         479.433      3932160       245760
        3840         1024         530.088      7864320       491520
        3840         2048         651.263     15728640       983040
        3840         4096         528.458     31457280      1966080
        3840         8192         555.912     62914560      3932160
        3840        16384         644.236    125829120      7864320
        3840        32768         802.321    251658240     15728640
        3840        65536        1220.764    503316480     31457280
        3840       131072        2852.770   1006632960     62914560
        3840       262144        6914.309   2013265920    125829120
        5120            1         458.822        10240          640
        5120            2         433.039        20480         1280
        5120            4         452.782        40960         2560
        5120            8         688.075        81920         5120
        5120           16           7.092       163840        10240
        5120           32         548.302       327680        20480
        5120           64         522.568       655360        40960
        5120          128         559.522      1310720        81920
        5120          256         654.218      2621440       163840
        5120          512         663.224      5242880       327680
        5120         1024         497.062     10485760       655360
        5120         2048         588.280     20971520      1310720
        5120         4096         719.080     41943040      2621440
        5120         8192         853.291     83886080      5242880
        5120        16384         943.246    167772160     10485760
        5120        32768        1163.196    335544320     20971520
        5120        65536        2311.879    671088640     41943040
        5120       131072        5402.792   1342177280     83886080
        6400            1         373.367        12800          800
        6400            2         439.220        25600         1600
        6400            4         446.138        51200         3200
        6400            8         654.141       102400         6400
        6400           16         546.384       204800        12800
        6400           32         591.010       409600        25600
        6400           64         427.443       819200        51200
        6400          128         497.502      1638400       102400
        6400          256         561.733      3276800       204800
        6400          512         545.594      6553600       409600
        6400         1024         749.577     13107200       819200
        6400         2048         626.540     26214400      1638400
        6400         4096         625.167     52428800      3276800
        6400         8192         714.079    104857600      6553600
        6400        16384         943.279    209715200     13107200
        6400        32768        1442.498    419430400     26214400
        6400        65536        2994.531    838860800     52428800
        6400       131072        5416.066   1677721600    104857600
        7680            1         531.378        15360          960
        7680            2         595.955        30720         1920
        7680            4         452.822        61440         3840
        7680            8         416.270       122880         7680
        7680           16         462.629       245760        15360
        7680           32         651.158       491520        30720
        7680           64         612.782       983040        61440
        7680          128         574.478      1966080       122880
        7680          256         511.577      3932160       245760
        7680          512         551.389      7864320       491520
        7680         1024         573.804     15728640       983040
        7680         2048         607.963     31457280      1966080
        7680         4096         615.119     62914560      3932160
        7680         8192         689.904    125829120      7864320
        7680        16384         720.540    251658240     15728640
        7680        32768        1915.274    503316480     31457280
        7680        65536        3412.468   1006632960     62914560
        7680       131072        5872.285   2013265920    125829120
        8960            1         539.651        17920         1120
        8960            2         478.184        35840         2240
        8960            4         420.336        71680         4480
        8960            8         389.948       143360         8960
        8960           16         506.127       286720        17920
        8960           32         534.576       573440        35840
        8960           64         417.557      1146880        71680
        8960          128         623.907      2293760       143360
        8960          256         439.388      4587520       286720
        8960          512         570.609      9175040       573440
        8960         1024         618.434     18350080      1146880
        8960         2048         497.784     36700160      2293760
        8960         4096         594.980     73400320      4587520
        8960         8192         783.149    146800640      9175040
        8960        16384         964.382    293601280     18350080
        8960        32768        1755.190    587202560     36700160
        8960        65536        3943.128   1174405120     73400320
       10240            1         546.521        20480         1280
       10240            2         567.146        40960         2560
       10240            4           1.982        81920         5120
       10240            8         579.296       163840        10240
       10240           16         464.876       327680        20480
       10240           32         531.325       655360        40960
       10240           64         574.884      1310720        81920
       10240          128         577.364      2621440       163840
       10240          256         505.546      5242880       327680
       10240          512         531.618     10485760       655360
       10240         1024         510.198     20971520      1310720
       10240         2048         535.409     41943040      2621440
       10240         4096         663.432     83886080      5242880
       10240         8192         801.037    167772160     10485760
       10240        16384         999.231    335544320     20971520
       10240        32768        1845.902    671088640     41943040
       10240        65536        3436.323   1342177280     83886080
       11520            1         504.755        23040         1440
       11520            2         588.439        46080         2880
       11520            4         470.295        92160         5760
       11520            8         525.000       184320        11520
       11520           16         527.981       368640        23040
       11520           32         647.314       737280        46080
       11520           64         564.752      1474560        92160
       11520          128         569.410      2949120       184320
       11520          256         551.910      5898240       368640
       11520          512         495.451     11796480       737280
       11520         1024          16.491     23592960      1474560
       11520         2048         549.652     47185920      2949120
       11520         4096         703.940     94371840      5898240
       11520         8192         867.844    188743680     11796480
       11520        16384        1513.039    377487360     23592960
       11520        32768        2419.192    754974720     47185920
       11520        65536        4351.856   1509949440     94371840
       12800            1         578.805        25600         1600
       12800            2         497.814        51200         3200
       12800            4         481.419       102400         6400
       12800            8         482.960       204800        12800
       12800           16         513.194       409600        25600
       12800           32         588.687       819200        51200
       12800           64         620.621      1638400       102400
       12800          128         602.414      3276800       204800
       12800          256         505.161      6553600       409600
       12800          512         543.428     13107200       819200
       12800         1024         552.774     26214400      1638400
       12800         2048         585.516     52428800      3276800
       12800         4096         664.229    104857600      6553600
       12800         8192         835.528    209715200     13107200
       12800        16384        1237.978    419430400     26214400
       12800        32768        1987.253    838860800     52428800
       12800        65536        3500.311   1677721600    104857600
       14080            1         566.958        28160         1760
       14080            2         553.266        56320         3520
       14080            4         516.518       112640         7040
       14080            8         584.259       225280        14080
       14080           16           6.975       450560        28160
       14080           32         585.836       901120        56320
       14080           64         587.775      1802240       112640
       14080          128         550.559      3604480       225280
       14080          256         616.491      7208960       450560
       14080          512         538.407     14417920       901120
       14080         1024         726.037     28835840      1802240
       14080         2048         597.514     57671680      3604480
       14080         4096         738.139    115343360      7208960
       14080         8192         871.365    230686720     14417920
       14080        16384        1760.626    461373440     28835840
       14080        32768        2794.786    922746880     57671680
       14080        65536        4068.321   1845493760    115343360
       15360            1         604.475        30720         1920
       15360            2         511.338        61440         3840
       15360            4         562.090       122880         7680
       15360            8          13.856       245760        15360
       15360           16         554.975       491520        30720
       15360           32         622.946       983040        61440
       15360           64         608.745      1966080       122880
       15360          128         683.237      3932160       245760
       15360          256         555.906      7864320       491520
       15360          512         582.887     15728640       983040
       15360         1024         595.594     31457280      1966080
       15360         2048         640.737     62914560      3932160
       15360         4096         656.207    125829120      7864320
       15360         8192         794.445    251658240     15728640
       15360        16384        1351.674    503316480     31457280
       15360        32768        1769.358   1006632960     62914560
       15360        65536        3955.046   2013265920    125829120
       16640            1         590.387        33280         2080
       16640            2         600.087        66560         4160
       16640            4         564.012       133120         8320
       16640            8         488.874       266240        16640
       16640           16         541.829       532480        33280
       16640           32         568.376      1064960        66560
       16640           64         703.734      2129920       133120
       16640          128         586.280      4259840       266240
       16640          256         563.283      8519680       532480
       16640          512         683.332     17039360      1064960
       16640         1024         567.800     34078720      2129920
       16640         2048         614.799     68157440      4259840
       16640         4096         710.252    136314880      8519680
       16640         8192         862.830    272629760     17039360
       16640        16384        1172.706    545259520     34078720
       16640        32768        1921.291   1090519040     68157440
       17920            1         515.913        35840         2240
       17920            2         595.151        71680         4480
       17920            4         596.736       143360         8960
       17920            8         590.081       286720        17920
       17920           16         523.681       573440        35840
       17920           32         575.465      1146880        71680
       17920           64         526.505      2293760       143360
       17920          128         610.483      4587520       286720
       17920          256         559.373      9175040       573440
       17920          512         651.192     18350080      1146880
       17920         1024         580.050     36700160      2293760
       17920         2048         613.539     73400320      4587520
       17920         4096         753.159    146800640      9175040
       17920         8192         817.205    293601280     18350080
       17920        16384        1325.294    587202560     36700160
       17920        32768        1698.135   1174405120     73400320
       19200            1           8.896        38400         2400
       19200            2         543.236        76800         4800
       19200            4         540.628       153600         9600
       19200            8         541.608       307200        19200
       19200           16         554.919       614400        38400
       19200           32         669.270      1228800        76800
       19200           64         524.798      2457600       153600
       19200          128         646.897      4915200       307200
       19200          256         568.280      9830400       614400
       19200          512         739.473     19660800      1228800
       19200         1024         652.330     39321600      2457600
       19200         2048         545.393     78643200      4915200
       19200         4096         687.820    157286400      9830400
       19200         8192        1082.365    314572800     19660800
       19200        16384        1988.164    629145600     39321600
       19200        32768        3230.358   1258291200     78643200
       20480            1         605.573        40960         2560
       20480            2         610.667        81920         5120
       20480            4         610.843       163840        10240
       20480            8         531.171       327680        20480
       20480           16         626.022       655360        40960
       20480           32         547.717      1310720        81920
       20480           64         680.140      2621440       163840
       20480          128         637.287      5242880       327680
       20480          256         514.194     10485760       655360
       20480          512         535.887     20971520      1310720
       20480         1024         875.785     41943040      2621440
       20480         2048         741.399     83886080      5242880
       20480         4096         737.477    167772160     10485760
       20480         8192        1112.442    335544320     20971520
       20480        16384        1576.592    671088640     41943040
       20480        32768        4520.634   1342177280     83886080
       21760            1         680.713        43520         2720
       21760            2         550.677        87040         5440
       21760            4         533.889       174080        10880
       21760            8         509.913       348160        21760
       21760           16         500.447       696320        43520
       21760           32         623.224      1392640        87040
       21760           64         535.047      2785280       174080
       21760          128         704.253      5570560       348160
       21760          256         532.441     11141120       696320
       21760          512         565.317     22282240      1392640
       21760         1024         591.195     44564480      2785280
       21760         2048         627.162     89128960      5570560
       21760         4096         828.042    178257920     11141120
       21760         8192         883.706    356515840     22282240
       21760        16384        1866.332    713031680     44564480
       21760        32768        2883.831   1426063360     89128960
       23040            1         546.925        46080         2880
       23040            2         574.919        92160         5760
       23040            4           6.134       184320        11520
       23040            8         560.526       368640        23040
       23040           16         638.931       737280        46080
       23040           32         615.474      1474560        92160
       23040           64         611.557      2949120       184320
       23040          128         582.951      5898240       368640
       23040          256         702.360     11796480       737280
       23040          512         729.950     23592960      1474560
       23040         1024         670.307     47185920      2949120
       23040         2048         631.606     94371840      5898240
       23040         4096         817.013    188743680     11796480
       23040         8192        1020.766    377487360     23592960
       23040        16384        1485.734    754974720     47185920
       23040        32768        2780.642   1509949440     94371840
       24320            1         596.375        48640         3040
       24320            2         683.960        97280         6080
       24320            4         654.442       194560        12160
       24320            8         588.813       389120        24320
       24320           16         722.153       778240        48640
       24320           32         560.532      1556480        97280
       24320           64         558.805      3112960       194560
       24320          128           9.007      6225920       389120
       24320          256         599.019     12451840       778240
       24320          512         629.033     24903680      1556480
       24320         1024         527.853     49807360      3112960
       24320         2048         658.416     99614720      6225920
       24320         4096         835.307    199229440     12451840
       24320         8192        1560.877    398458880     24903680
       24320        16384        2156.570    796917760     49807360
       24320        32768        4472.507   1593835520     99614720
       25600            1         685.618        51200         3200
       25600            2         565.050       102400         6400
       25600            4         593.839       204800        12800
       25600            8         531.957       409600        25600
       25600           16         610.274       819200        51200
       25600           32         579.038      1638400       102400
       25600           64         660.182      3276800       204800
       25600          128         535.805      6553600       409600
       25600          256         626.627     13107200       819200
       25600          512         591.002     26214400      1638400
       25600         1024         719.119     52428800      3276800
       25600         2048         808.197    104857600      6553600
       25600         4096         891.725    209715200     13107200
       25600         8192        1243.810    419430400     26214400
       25600        16384        2156.659    838860800     52428800
       25600        32768        4674.916   1677721600    104857600
       28160            1         627.057        56320         3520
       28160            2         609.172       112640         7040
       28160            4         541.145       225280        14080
       28160            8         659.020       450560        28160
       28160           16         639.178       901120        56320
       28160           32         561.730      1802240       112640
       28160           64         662.601      3604480       225280
       28160          128         666.177      7208960       450560
       28160          256         646.154     14417920       901120
       28160          512         631.032     28835840      1802240
       28160         1024         583.836     57671680      3604480
       28160         2048         739.863    115343360      7208960
       28160         4096         831.108    230686720     14417920
       28160         8192        1346.372    461373440     28835840
       28160        16384        2458.368    922746880     57671680
       28160        32768        2746.682   1845493760    115343360
       30720            1         574.182        61440         3840
       30720            2         597.535       122880         7680
       30720            4         572.706       245760        15360
       30720            8         595.441       491520        30720
       30720           16         774.798       983040        61440
       30720           32         630.342      1966080       122880
       30720           64         562.955      3932160       245760
       30720          128         637.962      7864320       491520
       30720          256         626.462     15728640       983040
       30720          512         650.150     31457280      1966080
       30720         1024         616.591     62914560      3932160
       30720         2048         659.057    125829120      7864320
       30720         4096         814.097    251658240     15728640
       30720         8192        1450.487    503316480     31457280
       30720        16384        2880.042   1006632960     62914560
       30720        32768        5177.799   2013265920    125829120
       33280            1         581.839        66560         4160
       33280            2         623.968       133120         8320
       33280            4         608.538       266240        16640
       33280            8         569.645       532480        33280
       33280           16         523.145      1064960        66560
       33280           32         499.896      2129920       133120
       33280           64         531.061      4259840       266240
       33280          128         654.098      8519680       532480
       33280          256         742.349     17039360      1064960
       33280          512         573.723     34078720      2129920
       33280         1024         571.147     68157440      4259840
       33280         2048         719.562    136314880      8519680
       33280         4096         943.834    272629760     17039360
       33280         8192         999.930    545259520     34078720
       33280        16384        1461.908   1090519040     68157440
       35840            1         618.694        71680         4480
       35840            2         665.813       143360         8960
       35840            4         647.904       286720        17920
       35840            8         572.159       573440        35840
       35840           16         559.584      1146880        71680
       35840           32         603.755      2293760       143360
       35840           64         713.816      4587520       286720
       35840          128         620.108      9175040       573440
       35840          256         615.735     18350080      1146880
       35840          512          25.138     36700160      2293760
       35840         1024         676.681     73400320      4587520
       35840         2048         748.055    146800640      9175040
       35840         4096        1028.519    293601280     18350080
       35840         8192        1525.112    587202560     36700160
       35840        16384        2924.811   1174405120     73400320
       38400            1         562.237        76800         4800
       38400            2         558.888       153600         9600
       38400            4         622.048       307200        19200
       38400            8         537.046       614400        38400
       38400           16         651.216      1228800        76800
       38400           32         558.215      2457600       153600
       38400           64         677.169      4915200       307200
       38400          128         583.667      9830400       614400
       38400          256         552.413     19660800      1228800
       38400          512         607.296     39321600      2457600
       38400         1024         737.299     78643200      4915200
       38400         2048         710.802    157286400      9830400
       38400         4096         745.806    314572800     19660800
       38400         8192        1468.493    629145600     39321600
       38400        16384        2248.847   1258291200     78643200
       42240            1         560.498        84480         5280
       42240            2         580.931       168960        10560
       42240            4         644.101       337920        21120
       42240            8         575.979       675840        42240
       42240           16         565.968      1351680        84480
       42240           32         560.656      2703360       168960
       42240           64         642.278      5406720       337920
       42240          128         557.744     10813440       675840
       42240          256         557.292     21626880      1351680
       42240          512         592.042     43253760      2703360
       42240         1024         658.118     86507520      5406720
       42240         2048         650.605    173015040     10813440
       42240         4096         957.948    346030080     21626880
       42240         8192        1750.788    692060160     43253760
       42240        16384        3013.173   1384120320     86507520
       46080            1         681.977        92160         5760
       46080            2         573.990       184320        11520
       46080            4         632.018       368640        23040
       46080            8         615.728       737280        46080
       46080           16         652.650      1474560        92160
       46080           32           9.999      2949120       184320
       46080           64         609.921      5898240       368640
       46080          128         563.188     11796480       737280
       46080          256         618.194     23592960      1474560
       46080          512         634.182     47185920      2949120
       46080         1024         683.232     94371840      5898240
       46080         2048         796.069    188743680     11796480
       46080         4096        1204.605    377487360     23592960
       46080         8192        2026.458    754974720     47185920
       46080        16384        3877.769   1509949440     94371840
       49920            1         587.107        99840         6240
       49920            2         563.676       199680        12480
       49920            4         570.118       399360        24960
       49920            8         520.900       798720        49920
       49920           16         618.551      1597440        99840
       49920           32         570.273      3194880       199680
       49920           64         682.708      6389760       399360
       49920          128         604.473     12779520       798720
       49920          256         534.679     25559040      1597440
       49920          512         564.992     51118080      3194880
       49920         1024         723.480    102236160      6389760
       49920         2048         736.667    204472320     12779520
       49920         4096        1129.020    408944640     25559040
       49920         8192        1485.252    817889280     51118080
       49920        16384        2865.470   1635778560    102236160
       53760            1         571.250       107520         6720
       53760            2         841.731       215040        13440
       53760            4         535.293       430080        26880
       53760            8         572.991       860160        53760
       53760           16         570.231      1720320       107520
       53760           32         639.814      3440640       215040
       53760           64         587.464      6881280       430080
       53760          128         668.629     13762560       860160
       53760          256         563.964     27525120      1720320
       53760          512         644.487     55050240      3440640
       53760         1024         651.581    110100480      6881280
       53760         2048         754.847    220200960     13762560
       53760         4096        1341.934    440401920     27525120
       53760         8192        2572.415    880803840     55050240
       53760        16384        4526.730   1761607680    110100480
       58880            1         659.999       117760         7360
       58880            2         787.974       235520        14720
       58880            4         504.010       471040        29440
       58880            8         633.426       942080        58880
       58880           16         507.850      1884160       117760
       58880           32         660.677      3768320       235520
       58880           64         530.322      7536640       471040
       58880          128          20.035     15073280       942080
       58880          256         582.580     30146560      1884160
       58880          512         591.665     60293120      3768320
       58880         1024         778.109    120586240      7536640
       58880         2048         922.390    241172480     15073280
       58880         4096        1292.895    482344960     30146560
       58880         8192        1574.023    964689920     60293120
       58880        16384        3664.031   1929379840    120586240
       64000            1         559.700       128000         8000
       64000            2         514.506       256000        16000
       64000            4         591.060       512000        32000
       64000            8         651.335      1024000        64000
       64000           16         562.049      2048000       128000
       64000           32         628.304      4096000       256000
       64000           64         624.424      8192000       512000
       64000          128         682.135     16384000      1024000
       64000          256          24.987     32768000      2048000
       64000          512         734.273     65536000      4096000
       64000         1024         834.769    131072000      8192000
       64000         2048         864.755    262144000     16384000
       64000         4096        1305.143    524288000     32768000
       64000         8192        1791.699   1048576000     65536000
       64000        16384        3604.445   2097152000    131072000
       70400            1         542.432       140800         8800
       70400            2         662.142       281600        17600
       70400            4         798.787       563200        35200
       70400            8         527.654      1126400        70400
       70400           16         512.472      2252800       140800
       70400           32         613.737      4505600       281600
       70400           64         549.081      9011200       563200
       70400          128         572.246     18022400      1126400
       70400          256         590.603     36044800      2252800
       70400          512         726.698     72089600      4505600
       70400         1024         704.316    144179200      9011200
       70400         2048         899.670    288358400     18022400
       70400         4096        1403.730    576716800     36044800
       70400         8192        3241.072   1153433600     72089600
       76800            1         628.850       153600         9600
       76800            2         602.625       307200        19200
       76800            4         594.919       614400        38400
       76800            8         678.405      1228800        76800
       76800           16         536.429      2457600       153600
       76800           32         521.933      4915200       307200
       76800           64         560.851      9830400       614400
       76800          128         561.259     19660800      1228800
       76800          256         607.436     39321600      2457600
       76800          512         684.802     78643200      4915200
       76800         1024         652.857    157286400      9830400
       76800         2048         911.313    314572800     19660800
       76800         4096        1477.581    629145600     39321600
       76800         8192        2725.671   1258291200     78643200
       84480            1         564.013       168960        10560
       84480            2         563.133       337920        21120
       84480            4         576.064       675840        42240
       84480            8         556.696      1351680        84480
       84480           16         567.926      2703360       168960
       84480           32         654.133      5406720       337920
       84480           64         514.761     10813440       675840
       84480          128         677.701     21626880      1351680
       84480          256         669.152     43253760      2703360
       84480          512         578.513     86507520      5406720
       84480         1024         610.630    173015040     10813440
       84480         2048         924.526    346030080     21626880
       84480         4096        1528.265    692060160     43253760
       84480         8192        1759.370   1384120320     86507520
       92160            1           9.090       184320        11520
       92160            2         653.253       368640        23040
       92160            4         667.941       737280        46080
       92160            8         552.642      1474560        92160
       92160           16         667.768      2949120       184320
       92160           32         549.230      5898240       368640
       92160           64         654.201     11796480       737280
       92160          128         559.320     23592960      1474560
       92160          256         554.780     47185920      2949120
       92160          512         638.622     94371840      5898240
       92160         1024         606.398    188743680     11796480
       92160         2048         852.744    377487360     23592960
       92160         4096        1656.245    754974720     47185920
       92160         8192        1846.350   1509949440     94371840
      101120            1           7.033       202240        12640
      101120            2         660.253       404480        25280
      101120            4         586.676       808960        50560
      101120            8         596.349      1617920       101120
      101120           16         656.950      3235840       202240
      101120           32         576.584      6471680       404480
      101120           64         565.532     12943360       808960
      101120          128         601.271     25886720      1617920
      101120          256         670.881     51773440      3235840
      101120          512         707.519    103546880      6471680
      101120         1024         845.404    207093760     12943360
      101120         2048        1183.948    414187520     25886720
      101120         4096         931.010    828375040     51773440
      101120         8192        3121.469   1656750080    103546880
      110080            1         523.427       220160        13760
      110080            2         544.017       440320        27520
      110080            4         645.110       880640        55040
      110080            8         526.577      1761280       110080
      110080           16         551.710      3522560       220160
      110080           32         558.782      7045120       440320
      110080           64         566.262     14090240       880640
      110080          128         557.519     28180480      1761280
      110080          256         584.440     56360960      3522560
      110080          512         660.717    112721920      7045120
      110080         1024         771.730    225443840     14090240
      110080         2048        1019.433    450887680     28180480
      110080         4096        2280.556    901775360     56360960
      110080         8192        3340.580   1803550720    112721920
      120320            1         541.148       240640        15040
      120320            2         578.735       481280        30080
      120320            4         595.591       962560        60160
      120320            8         716.249      1925120       120320
      120320           16         570.638      3850240       240640
      120320           32         659.645      7700480       481280
      120320           64         466.349     15400960       962560
      120320          128         643.987     30801920      1925120
      120320          256         726.927     61603840      3850240
      120320          512         631.458    123207680      7700480
      120320         1024         841.401    246415360     15400960
      120320         2048        1170.587    492830720     30801920
      120320         4096        1859.069    985661440     61603840
      120320         8192        3636.572   1971322880    123207680
      131840            1         496.484       263680        16480
      131840            2         482.333       527360        32960
      131840            4         598.289      1054720        65920
      131840            8         604.791      2109440       131840
      131840           16         666.420      4218880       263680
      131840           32         653.472      8437760       527360
      131840           64         558.828     16875520      1054720
      131840          128         656.877     33751040      2109440
      131840          256          53.586     67502080      4218880
      131840          512         682.784    135004160      8437760
      131840         1024         904.889    270008320     16875520
      131840         2048        1773.597    540016640     33751040
      131840         4096        2654.406   1080033280     67502080
      144640            1         574.691       289280        18080
      144640            2         601.607       578560        36160
      144640            4         625.650      1157120        72320
      144640            8         583.888      2314240       144640
      144640           16         527.493      4628480       289280
      144640           32         613.991      9256960       578560
      144640           64         669.181     18513920      1157120
      144640          128         605.216     37027840      2314240
      144640          256         592.064     74055680      4628480
      144640          512         640.888    148111360      9256960
      144640         1024         916.482    296222720     18513920
      144640         2048        1486.898    592445440     37027840
      144640         4096        2834.924   1184890880     74055680
      158720            1         628.568       317440        19840
      158720            2         543.159       634880        39680
      158720            4         580.279      1269760        79360
      158720            8         549.210      2539520       158720
      158720           16         498.828      5079040       317440
      158720           32         532.565     10158080       634880
      158720           64         592.844     20316160      1269760
      158720          128         711.175     40632320      2539520
      158720          256         600.900     81264640      5079040
      158720          512         714.954    162529280     10158080
      158720         1024         898.506    325058560     20316160
      158720         2048        1429.369    650117120     40632320
      158720         4096        2627.261   1300234240     81264640
      174080            1         599.695       348160        21760
      174080            2         561.162       696320        43520
      174080            4         714.536      1392640        87040
      174080            8         559.589      2785280       174080
      174080           16         616.674      5570560       348160
      174080           32         482.486     11141120       696320
      174080           64         607.242     22282240      1392640
      174080          128         581.512     44564480      2785280
      174080          256         675.049     89128960      5570560
      174080          512         610.022    178257920     11141120
      174080         1024         971.732    356515840     22282240
      174080         2048        1502.666    713031680     44564480
      174080         4096        2715.997   1426063360     89128960
      190720            1         582.380       381440        23840
      190720            2         593.431       762880        47680
      190720            4         661.441      1525760        95360
      190720            8         643.586      3051520       190720
      190720           16         565.171      6103040       381440
      190720           32         682.853     12206080       762880
      190720           64         599.452     24412160      1525760
      190720          128         612.406     48824320      3051520
      190720          256         652.333     97648640      6103040
      190720          512         736.668    195297280     12206080
      190720         1024         817.447    390594560     24412160
      190720         2048        1449.346    781189120     48824320
      190720         4096        1810.492   1562378240     97648640
      208640            1         576.164       417280        26080
      208640            2         584.522       834560        52160
      208640            4         713.402      1669120       104320
      208640            8         533.750      3338240       208640
      208640           16         579.264      6676480       417280
      208640           32         601.384     13352960       834560
      208640           64         586.187     26705920      1669120
      208640          128         588.013     53411840      3338240
      208640          256         753.754    106823680      6676480
      208640          512         835.823    213647360     13352960
      208640         1024        1130.477    427294720     26705920
      208640         2048        2172.862    854589440     53411840
      208640         4096        3806.600   1709178880    106823680
      229120            1         580.087       458240        28640
      229120            2         621.133       916480        57280
      229120            4         611.415      1832960       114560
      229120            8         535.404      3665920       229120
      229120           16         597.623      7331840       458240
      229120           32         635.782     14663680       916480
      229120           64         556.357     29327360      1832960
      229120          128         587.497     58654720      3665920
      229120          256         740.352    117309440      7331840
      229120          512         851.486    234618880     14663680
      229120         1024        1305.423    469237760     29327360
      229120         2048        2953.512    938475520     58654720
      229120         4096        4697.227   1876951040    117309440
      250880            1         554.140       501760        31360
      250880            2         650.021      1003520        62720
      250880            4         582.154      2007040       125440
      250880            8         630.001      4014080       250880
      250880           16         612.028      8028160       501760
      250880           32         653.278     16056320      1003520
      250880           64         608.806     32112640      2007040
      250880          128         687.522     64225280      4014080
      250880          256         629.687    128450560      8028160
      250880          512         992.128    256901120     16056320
      250880         1024        1358.673    513802240     32112640
      250880         2048        2448.326   1027604480     64225280
      250880         4096        4483.698   2055208960    128450560
      275200            1         540.284       550400        34400
      275200            2         605.299      1100800        68800
      275200            4         595.807      2201600       137600
      275200            8         556.592      4403200       275200
      275200           16         526.977      8806400       550400
      275200           32         680.165     17612800      1100800
      275200           64         606.287     35225600      2201600
      275200          128         625.749     70451200      4403200
      275200          256         630.450    140902400      8806400
      275200          512         919.598    281804800     17612800
      275200         1024        1256.037    563609600     35225600
      275200         2048        2113.985   1127219200     70451200
      302080            1         628.318       604160        37760
      302080            2         630.903      1208320        75520
      302080            4         636.318      2416640       151040
      302080            8         547.466      4833280       302080
      302080           16         569.524      9666560       604160
      302080           32         579.734     19333120      1208320
      302080           64         678.006     38666240      2416640
      302080          128         637.323     77332480      4833280
      302080          256         666.641    154664960      9666560
      302080          512         950.981    309329920     19333120
      302080         1024        1555.289    618659840     38666240
      302080         2048        3319.547   1237319680     77332480
      331520            1         572.612       663040        41440
      331520            2         592.315      1326080        82880
      331520            4         682.023      2652160       165760
      331520            8         639.423      5304320       331520
      331520           16         583.935     10608640       663040
      331520           32         630.582     21217280      1326080
      331520           64         624.970     42434560      2652160
      331520          128         656.874     84869120      5304320
      331520          256         710.283    169738240     10608640
      331520          512         834.085    339476480     21217280
      331520         1024        1522.802    678952960     42434560
      331520         2048        2594.343   1357905920     84869120
      363520            1         582.949       727040        45440
      363520            2         651.916      1454080        90880
      363520            4         574.645      2908160       181760
      363520            8         554.420      5816320       363520
      363520           16         599.767     11632640       727040
      363520           32         569.859     23265280      1454080
      363520           64         620.295     46530560      2908160
      363520          128         623.562     93061120      5816320
      363520          256         598.991    186122240     11632640
      363520          512         864.088    372244480     23265280
      363520         1024         862.001    744488960     46530560
      363520         2048        3385.310   1488977920     93061120
      399360            1         684.576       798720        49920
      399360            2         559.500      1597440        99840
      399360            4         614.155      3194880       199680
      399360            8         680.094      6389760       399360
      399360           16         614.659     12779520       798720
      399360           32         650.494     25559040      1597440
      399360           64         541.799     51118080      3194880
      399360          128         678.695    102236160      6389760
      399360          256         909.254    204472320     12779520
      399360          512        1226.113    408944640     25559040
      399360         1024        2832.516    817889280     51118080
      399360         2048        3933.809   1635778560    102236160
      439040            1         579.525       878080        54880
      439040            2         629.600      1756160       109760
      439040            4         558.982      3512320       219520
      439040            8         637.382      7024640       439040
      439040           16         580.451     14049280       878080
      439040           32         620.760     28098560      1756160
      439040           64         643.754     56197120      3512320
      439040          128         709.996    112394240      7024640
      439040          256         746.526    224788480     14049280
      439040          512        1073.141    449576960     28098560
      439040         1024        2023.346    899153920     56197120
      439040         2048        3047.246   1798307840    112394240
      482560            1         713.632       965120        60320
      482560            2         589.133      1930240       120640
      482560            4         543.766      3860480       241280
      482560            8         584.165      7720960       482560
      482560           16         652.498     15441920       965120
      482560           32         627.514     30883840      1930240
      482560           64         567.284     61767680      3860480
      482560          128         672.101    123535360      7720960
      482560          256         677.549    247070720     15441920
      482560          512         878.415    494141440     30883840
      482560         1024        1417.831    988282880     61767680
      482560         2048        2943.565   1976565760    123535360
      529920            1         546.853      1059840        66240
      529920            2         547.453      2119680       132480
      529920            4         689.962      4239360       264960
      529920            8         761.950      8478720       529920
      529920           16         578.287     16957440      1059840
      529920           32         565.351     33914880      2119680
      529920           64         633.910     67829760      4239360
      529920          128         606.271    135659520      8478720
      529920          256         735.953    271319040     16957440
      529920          512        1159.780    542638080     33914880
      529920         1024        2307.034   1085276160     67829760
      582400            1         530.764      1164800        72800
      582400            2         765.150      2329600       145600
      582400            4         582.488      4659200       291200
      582400            8         607.427      9318400       582400
      582400           16         534.574     18636800      1164800
      582400           32         653.756     37273600      2329600
      582400           64         674.222     74547200      4659200
      582400          128         738.315    149094400      9318400
      582400          256         951.269    298188800     18636800
      582400          512        1556.832    596377600     37273600
      582400         1024        2694.169   1192755200     74547200
      640000            1         538.113      1280000        80000
      640000            2         546.624      2560000       160000
      640000            4         683.385      5120000       320000
      640000            8         640.936     10240000       640000
      640000           16         614.962     20480000      1280000
      640000           32         531.205     40960000      2560000
      640000           64         652.156     81920000      5120000
      640000          128         671.952    163840000     10240000
      640000          256         766.222    327680000     20480000
      640000          512        1636.626    655360000     40960000
      640000         1024        3028.434   1310720000     81920000
      704000            1         519.554      1408000        88000
      704000            2         591.365      2816000       176000
      704000            4           3.928      5632000       352000
      704000            8         605.777     11264000       704000
      704000           16         602.594     22528000      1408000
      704000           32         651.076     45056000      2816000
      704000           64         607.458     90112000      5632000
      704000          128         715.693    180224000     11264000
      704000          256        1023.283    360448000     22528000
      704000          512        1878.170    720896000     45056000
      704000         1024        1639.372   1441792000     90112000
      774400            1         555.390      1548800        96800
      774400            2         602.336      3097600       193600
      774400            4         613.664      6195200       387200
      774400            8         763.573     12390400       774400
      774400           16         609.570     24780800      1548800
      774400           32         641.124     49561600      3097600
      774400           64         726.932     99123200      6195200
      774400          128         802.747    198246400     12390400
      774400          256        1133.824    396492800     24780800
      774400          512        2149.566    792985600     49561600
      774400         1024        3401.987   1585971200     99123200
      851200            1         643.898      1702400       106400
      851200            2         686.135      3404800       212800
      851200            4         576.357      6809600       425600
      851200            8         693.715     13619200       851200
      851200           16         523.105     27238400      1702400
      851200           32         511.705     54476800      3404800
      851200           64         561.759    108953600      6809600
      851200          128         660.506    217907200     13619200
      851200          256        1309.963    435814400     27238400
      851200          512        1778.712    871628800     54476800
      851200         1024        3287.342   1743257600    108953600
      935680            1         561.502      1871360       116960
      935680            2         552.604      3742720       233920
      935680            4         583.779      7485440       467840
      935680            8         542.589     14970880       935680
      935680           16         608.399     29941760      1871360
      935680           32         553.582     59883520      3742720
      935680           64         680.380    119767040      7485440
      935680          128         678.333    239534080     14970880
      935680          256         974.686    479068160     29941760
      935680          512        2089.701    958136320     59883520
      935680         1024        2037.692   1916272640    119767040
     1029120            1         691.356      2058240       128640
     1029120            2         542.235      4116480       257280
     1029120            4         618.512      8232960       514560
     1029120            8         570.636     16465920      1029120
     1029120           16         538.430     32931840      2058240
     1029120           32         596.419     65863680      4116480
     1029120           64         593.931    131727360      8232960
     1029120          128         795.061    263454720     16465920
     1029120          256        1082.043    526909440     32931840
     1029120          512        1828.010   1053818880     65863680
     1029120         1024        3865.527   2107637760    131727360
     1131520            1         630.769      2263040       141440
     1131520            2         578.144      4526080       282880
     1131520            4         557.664      9052160       565760
     1131520            8         529.618     18104320      1131520
     1131520           16         644.101     36208640      2263040
     1131520           32         673.213     72417280      4526080
     1131520           64         621.147    144834560      9052160
     1131520          128         785.254    289669120     18104320
     1131520          256        1209.511    579338240     36208640
     1131520          512        2323.630   1158676480     72417280
     1244160            1         568.982      2488320       155520
     1244160            2         601.867      4976640       311040
     1244160            4         588.567      9953280       622080
     1244160            8         585.724     19906560      1244160
     1244160           16          25.915     39813120      2488320
     1244160           32         613.726     79626240      4976640
     1244160           64         751.870    159252480      9953280
     1244160          128        1071.314    318504960     19906560
     1244160          256        1509.853    637009920     39813120
     1244160          512        2792.824   1274019840     79626240
     1368320            1         529.973      2736640       171040
     1368320            2         520.757      5473280       342080
     1368320            4         611.686     10946560       684160
     1368320            8         512.698     21893120      1368320
     1368320           16         725.453     43786240      2736640
     1368320           32         609.178     87572480      5473280
     1368320           64         615.758    175144960     10946560
     1368320          128         918.118    350289920     21893120
     1368320          256        1470.216    700579840     43786240
     1368320          512        2756.654   1401159680     87572480
     1504000            1         591.378      3008000       188000
     1504000            2         535.645      6016000       376000
     1504000            4         653.523     12032000       752000
     1504000            8         576.743     24064000      1504000
     1504000           16         626.366     48128000      3008000
     1504000           32         739.076     96256000      6016000
     1504000           64         642.609    192512000     12032000
     1504000          128         932.479    385024000     24064000
     1504000          256        1455.115    770048000     48128000
     1504000          512        2399.117   1540096000     96256000
     1653760            1         565.384      3307520       206720
     1653760            2         568.110      6615040       413440
     1653760            4         579.986     13230080       826880
     1653760            8         644.942     26460160      1653760
     1653760           16         636.427     52920320      3307520
     1653760           32         631.222    105840640      6615040
     1653760           64         702.805    211681280     13230080
     1653760          128        1101.303    423362560     26460160
     1653760          256        1535.368    846725120     52920320
     1653760          512        3120.040   1693450240    105840640
     1818880            1         701.502      3637760       227360
     1818880            2         704.448      7275520       454720
     1818880            4         665.485     14551040       909440
     1818880            8         630.973     29102080      1818880
     1818880           16         706.087     58204160      3637760
     1818880           32         921.425    116408320      7275520
     1818880           64         903.551    232816640     14551040
     1818880          128        1256.033    465633280     29102080
     1818880          256        2193.663    931266560     58204160
     1818880          512        4502.624   1862533120    116408320
     2000640            1         637.143      4001280       250080
     2000640            2         611.569      8002560       500160
     2000640            4         592.710     16005120      1000320
     2000640            8         665.237     32010240      2000640
     2000640           16         683.021     64020480      4001280
     2000640           32         601.239    128040960      8002560
     2000640           64         827.615    256081920     16005120
     2000640          128        1132.716    512163840     32010240
     2000640          256        1940.695   1024327680     64020480
     2000640          512        3534.900   2048655360    128040960
     2200320            1         699.230      4400640       275040
     2200320            2         593.117      8801280       550080
     2200320            4         671.949     17602560      1100160
     2200320            8         662.029     35205120      2200320
     2200320           16         713.665     70410240      4400640
     2200320           32         754.742    140820480      8801280
     2200320           64        1046.582    281640960     17602560
     2200320          128        1349.746    563281920     35205120
     2200320          256        2767.634   1126563840     70410240
     2419200            1         574.304      4838400       302400
     2419200            2         540.172      9676800       604800
     2419200            4         677.022     19353600      1209600
     2419200            8         659.179     38707200      2419200
     2419200           16         611.683     77414400      4838400
     2419200           32         694.865    154828800      9676800
     2419200           64         905.034    309657600     19353600
     2419200          128        1612.182    619315200     38707200
     2419200          256        2231.188   1238630400     77414400
     2661120            1          36.155      5322240       332640
     2661120            2         575.829     10644480       665280
     2661120            4         548.245     21288960      1330560
     2661120            8         630.694     42577920      2661120
     2661120           16         656.281     85155840      5322240
     2661120           32         750.080    170311680     10644480
     2661120           64         974.195    340623360     21288960
     2661120          128        1698.176    681246720     42577920
     2661120          256        3482.365   1362493440     85155840
     2926080            1         688.445      5852160       365760
     2926080            2         619.157     11704320       731520
     2926080            4         593.963     23408640      1463040
     2926080            8         651.218     46817280      2926080
     2926080           16         658.490     93634560      5852160
     2926080           32         686.478    187269120     11704320
     2926080           64         833.796    374538240     23408640
     2926080          128        1518.891    749076480     46817280
     2926080          256        2165.486   1498152960     93634560
     3217920            1         613.151      6435840       402240
     3217920            2          12.362     12871680       804480
     3217920            4         613.706     25743360      1608960
     3217920            8         688.973     51486720      3217920
     3217920           16         668.670    102973440      6435840
     3217920           32         743.524    205946880     12871680
     3217920           64        1076.320    411893760     25743360
     3217920          128        2664.792    823787520     51486720
     3217920          256        4460.289   1647575040    102973440
     3539200            1         560.316      7078400       442400
     3539200            2         710.652     14156800       884800
     3539200            4         601.911     28313600      1769600
     3539200            8         658.108     56627200      3539200
     3539200           16         707.927    113254400      7078400
     3539200           32         781.967    226508800     14156800
     3539200           64        1182.725    453017600     28313600
     3539200          128        2266.972    906035200     56627200
     3539200          256        4450.886   1812070400    113254400
     3892480            1         581.192      7784960       486560
     3892480            2         583.554     15569920       973120
     3892480            4         699.190     31139840      1946240
     3892480            8         680.159     62279680      3892480
     3892480           16         657.069    124559360      7784960
     3892480           32         943.781    249118720     15569920
     3892480           64        1410.332    498237440     31139840
     3892480          128        2256.309    996474880     62279680
     3892480          256        3335.982   1992949760    124559360
     4281600            1         578.920      8563200       535200
     4281600            2         592.201     17126400      1070400
     4281600            4         634.596     34252800      2140800
     4281600            8         641.189     68505600      4281600
     4281600           16         633.959    137011200      8563200
     4281600           32         837.191    274022400     17126400
     4281600           64        1155.164    548044800     34252800
     4281600          128        1686.872   1096089600     68505600
     4709120            1         520.163      9418240       588640
     4709120            2          13.271     18836480      1177280
     4709120            4         645.230     37672960      2354560
     4709120            8         707.026     75345920      4709120
     4709120           16         741.339    150691840      9418240
     4709120           32         986.620    301383680     18836480
     4709120           64        1419.180    602767360     37672960
     4709120          128        3056.682   1205534720     75345920
     5178880            1         682.781     10357760       647360
     5178880            2         685.532     20715520      1294720
     5178880            4         738.684     41431040      2589440
     5178880            8         687.208     82862080      5178880
     5178880           16         760.567    165724160     10357760
     5178880           32        1028.047    331448320     20715520
     5178880           64        1469.727    662896640     41431040
     5178880          128        2678.800   1325793280     82862080
     5696000            1         631.635     11392000       712000
     5696000            2         650.306     22784000      1424000
     5696000            4         613.022     45568000      2848000
     5696000            8         604.878     91136000      5696000
     5696000           16         923.505    182272000     11392000
     5696000           32        1118.052    364544000     22784000
     5696000           64        1701.946    729088000     45568000
     5696000          128        3534.799   1458176000     91136000
     6265600            1         526.681     12531200       783200
     6265600            2         527.490     25062400      1566400
     6265600            4         576.276     50124800      3132800
     6265600            8         670.439    100249600      6265600
     6265600           16         731.314    200499200     12531200
     6265600           32        1171.289    400998400     25062400
     6265600           64        2119.535    801996800     50124800
     6265600          128        3268.012   1603993600    100249600
     6891520            1         617.321     13783040       861440
     6891520            2         561.380     27566080      1722880
     6891520            4         588.869     55132160      3445760
     6891520            8         655.927    110264320      6891520
     6891520           16         842.416    220528640     13783040
     6891520           32        1275.531    441057280     27566080
     6891520           64        1947.423    882114560     55132160
     6891520          128        4403.951   1764229120    110264320
     7580160            1         656.764     15160320       947520
     7580160            2         716.360     30320640      1895040
     7580160            4         709.530     60641280      3790080
     7580160            8         805.489    121282560      7580160
     7580160           16         731.372    242565120     15160320
     7580160           32        1009.393    485130240     30320640
     7580160           64        1905.812    970260480     60641280
     7580160          128        1336.508   1940520960    121282560
     8337920            1         692.795     16675840      1042240
     8337920            2         589.713     33351680      2084480
     8337920            4         665.886     66703360      4168960
     8337920            8         848.326    133406720      8337920
     8337920           16         922.800    266813440     16675840
     8337920           32        1481.080    533626880     33351680
     8337920           64        2290.922   1067253760     66703360
     8337920          128        4363.509   2134507520    133406720
     9171200            1         667.101     18342400      1146400
     9171200            2         687.185     36684800      2292800
     9171200            4         667.475     73369600      4585600
     9171200            8         646.768    146739200      9171200
     9171200           16         683.570    293478400     18342400
     9171200           32        1037.079    586956800     36684800
     9171200           64        2294.699   1173913600     73369600
    10087680            1         567.637     20175360      1260960
    10087680            2         595.979     40350720      2521920
    10087680            4         594.159     80701440      5043840
    10087680            8         791.638    161402880     10087680
    10087680           16         880.962    322805760     20175360
    10087680           32        1431.505    645611520     40350720
    10087680           64        2207.221   1291223040     80701440
    11096320            1         696.631     22192640      1387040
    11096320            2         631.263     44385280      2774080
    11096320            4         650.233     88770560      5548160
    11096320            8         749.509    177541120     11096320
    11096320           16         833.757    355082240     22192640
    11096320           32        1388.984    710164480     44385280
    11096320           64        2343.221   1420328960     88770560
    12204800            1         553.713     24409600      1525600
    12204800            2         867.723     48819200      3051200
    12204800            4         628.734     97638400      6102400
    12204800            8         766.302    195276800     12204800
    12204800           16        1073.013    390553600     24409600
    12204800           32        1897.666    781107200     48819200
    12204800           64        3628.509   1562214400     97638400
    13424640            1         782.941     26849280      1678080
    13424640            2         701.598     53698560      3356160
    13424640            4         867.272    107397120      6712320
    13424640            8         854.357    214794240     13424640
    13424640           16        1301.319    429588480     26849280
    13424640           32        2077.679    859176960     53698560
    13424640           64        4570.686   1718353920    107397120
    14766080            1         702.029     29532160      1845760
    14766080            2         676.193     59064320      3691520
    14766080            4         734.829    118128640      7383040
    14766080            8         851.700    236257280     14766080
    14766080           16        1379.855    472514560     29532160
    14766080           32        2105.807    945029120     59064320
    14766080           64        3278.625   1890058240    118128640
    16241920            1         519.925     32483840      2030240
    16241920            2         609.728     64967680      4060480
    16241920            4         644.426    129935360      8120960
    16241920            8         731.726    259870720     16241920
    16241920           16        1434.897    519741440     32483840
    16241920           32        2747.336   1039482880     64967680
    16241920           64        3066.693   2078965760    129935360
    17864960            1         689.188     35729920      2233120
    17864960            2         725.430     71459840      4466240
    17864960            4         721.572    142919680      8932480
    17864960            8         830.899    285839360     17864960
    17864960           16        1156.029    571678720     35729920
    17864960           32        2680.980   1143357440     71459840
    19650560            1         729.815     39301120      2456320
    19650560            2         640.178     78602240      4912640
    19650560            4         653.968    157204480      9825280
    19650560            8         860.167    314408960     19650560
    19650560           16        1168.215    628817920     39301120
    19650560           32        2552.709   1257635840     78602240
    21615360            1         643.782     43230720      2701920
    21615360            2         719.732     86461440      5403840
    21615360            4         692.640    172922880     10807680
    21615360            8         876.549    345845760     21615360
    21615360           16        1572.646    691691520     43230720
    21615360           32        2732.527   1383383040     86461440
    23776000            1         637.027     47552000      2972000
    23776000            2         666.640     95104000      5944000
    23776000            4         712.680    190208000     11888000
    23776000            8         995.936    380416000     23776000
    23776000           16        1712.279    760832000     47552000
    23776000           32        2220.617   1521664000     95104000
    26152960            1          25.379     52305920      3269120
    26152960            2         708.945    104611840      6538240
    26152960            4         794.907    209223680     13076480
    26152960            8        1149.005    418447360     26152960
    26152960           16        2083.840    836894720     52305920
    26152960           32        4191.012   1673789440    104611840
    28768000            1         715.640     57536000      3596000
    28768000            2         645.283    115072000      7192000
    28768000            4         980.172    230144000     14384000
    28768000            8        1188.767    460288000     28768000
    28768000           16        2025.905    920576000     57536000
    28768000           32        4224.154   1841152000    115072000
    31644160            1         619.061     63288320      3955520
    31644160            2         709.953    126576640      7911040
    31644160            4         872.283    253153280     15822080
    31644160            8        1083.270    506306560     31644160
    31644160           16        2152.198   1012613120     63288320
    31644160           32        3208.489   2025226240    126576640
    34808320            1         686.497     69616640      4351040
    34808320            2         656.021    139233280      8702080
    34808320            4         671.534    278466560     17404160
    34808320            8        1077.661    556933120     34808320
    34808320           16        1454.002   1113866240     69616640
    38288640            1         710.369     76577280      4786080
    38288640            2         715.130    153154560      9572160
    38288640            4         891.115    306309120     19144320
    38288640            8        1374.531    612618240     38288640
    38288640           16        2253.412   1225236480     76577280
    42117120            1         639.546     84234240      5264640
    42117120            2         876.335    168468480     10529280
    42117120            4         804.769    336936960     21058560
    42117120            8        1133.516    673873920     42117120
    42117120           16        2949.980   1347747840     84234240
    46328320            1         609.627     92656640      5791040
    46328320            2         639.011    185313280     11582080
    46328320            4         938.995    370626560     23164160
    46328320            8        1584.615    741253120     46328320
    46328320           16        3612.457   1482506240     92656640
    50960640            1         676.481    101921280      6370080
    50960640            2         804.436    203842560     12740160
    50960640            4        1225.497    407685120     25480320
    50960640            8        1900.284    815370240     50960640
    50960640           16        4479.561   1630740480    101921280
    56056320            1         935.045    112112640      7007040
    56056320            2         894.540    224225280     14014080
    56056320            4        1400.708    448450560     28028160
    56056320            8        1086.777    896901120     56056320
    56056320           16        3241.902   1793802240    112112640
    61661440            1         589.450    123322880      7707680
    61661440            2         552.896    246645760     15415360
    61661440            4        1217.186    493291520     30830720
    61661440            8        1037.241    986583040     61661440
    61661440           16        4254.742   1973166080    123322880
    67827200            1         937.575    135654400      8478400
    67827200            2         874.541    271308800     16956800
    67827200            4        1124.365    542617600     33913600
    67827200            8        2715.330   1085235200     67827200
    74609920            1         957.333    149219840      9326240
    74609920            2         816.362    298439680     18652480
    74609920            4        1809.272    596879360     37304960
    74609920            8        2708.948   1193758720     74609920
    82069760            1        1198.498    164139520     10258720
    82069760            2        1171.127    328279040     20517440
    82069760            4         999.875    656558080     41034880
    82069760            8        2299.759   1313116160     82069760
    90275840            1        1557.068    180551680     11284480
    90275840            2        1364.406    361103360     22568960
    90275840            4        1575.043    722206720     45137920
    90275840            8        3533.958   1444413440     90275840
    99302400            1        2234.823    198604800     12412800
    99302400            2        3512.296    397209600     24825600
    99302400            4        3744.818    794419200     49651200
    99302400            8        5096.927   1588838400     99302400
   109232640            1        2701.399    218465280     13654080
   109232640            2        4978.463    436930560     27308160
   109232640            4        3521.227    873861120     54616320
   109232640            8        2394.971   1747722240    109232640
   120154880            1        1258.644    240309760     15019360
   120154880            2        2308.072    480619520     30038720
   120154880            4        2516.285    961239040     60077440
   120154880            8        2682.419   1922478080    120154880
   132170240            1        3213.235    264340480     16521280
   132170240            2        6001.811    528680960     33042560
   132170240            4        5657.871   1057361920     66085120
   132170240            8        1959.978   2114723840    132170240
   145386240            1        5239.098    290772480     18173280
   145386240            2       10977.712    581544960     36346560
   145386240            4       11827.229   1163089920     72693120
   159924480            1        7060.557    319848960     19990560
   159924480            2       11817.551    639697920     39981120
   159924480            4        9693.931   1279395840     79962240
   175916800            1        5800.170    351833600     21989600
   175916800            2        3584.336    703667200     43979200
   175916800            4       10737.596   1407334400     87958400
   193507840            1        1651.113    387015680     24188480
   193507840            2       17099.597    774031360     48376960
   193507840            4       23143.405   1548062720     96753920
   212857600            1        4149.890    425715200     26607200
   212857600            2        3820.733    851430400     53214400
   212857600            4       10947.508   1702860800    106428800
   234142720            1        4022.750    468285440     29267840
   234142720            2       15075.037    936570880     58535680
   234142720            4       28849.759   1873141760    117071360
   257556480            1       10685.385    515112960     32194560
   257556480            2       22751.516   1030225920     64389120
   257556480            4       18821.062   2060451840    128778240
   283311360            1        9048.023    566622720     35413920
   283311360            2       24148.005   1133245440     70827840
   311641600            1       11457.336    623283200     38955200
   311641600            2       26163.320   1246566400     77910400
   342805760            1       14769.874    685611520     42850720
   342805760            2       11930.920   1371223040     85701440
   377085440            1        3397.300    754170880     47135680
   377085440            2       31884.287   1508341760     94271360
   414792960            1       13257.617    829585920     51849120
   414792960            2       25964.651   1659171840    103698240
   456271360            1       14322.992    912542720     57033920
   456271360            2       32663.251   1825085440    114067840
   501898240            1       23508.034   1003796480     62737280
   501898240            2       45862.278   2007592960    125474560
   552087040            1       15380.796   1104174080     69010880
   607294720            1       17330.702   1214589440     75911840
   668023040            1       27587.692   1336046080     83502880
   734824960            1       33235.298   1469649920     91853120
   808307200            1       29854.797   1616614400    101038400
   889137920            1       26401.923   1778275840    111142240
   978050560            1       42071.339   1956101120    122256320

META_DATA
FLOPS          1
OPENMP_THREADS 160
ERT_VERSION  1.1.0
TIMESTAMP_DATA  1634056395.97
HOSTNAME  ('pmemMachine1', ['pmemMachine1.local'], ['fe80::5210:541c:37bc:6d9c'])
UNAME  ('Linux', 'pmemMachine1', '5.9.13-derrick-pmo', '#95 SMP Sat Sep 18 09:17:02 EDT 2021', 'x86_64', 'x86_64')
CONFIG  {'ERT_WORKING_SET_MIN': ['1'], 'ERT_CFLAGS': ['-O3'], 'ERT_CC': ['gcc'], 'ERT_OPENMP_LDFLAGS': ['-fopenmp'], 'ERT_MEMORY_MAX': ['1073741824'], 'ERT_LDFLAGS': [], 'ERT_LDLIBS': [], 'ERT_SPEC_GBYTES_DRAM': ['300'], 'ERT_RUN': ['export', 'KMP_AFFINITY=scatter;', 'export', 'OMP_NUM_THREADS=ERT_OPENMP_THREADS;', 'ERT_CODE'], 'ERT_FLOPS': ['1,2,4,8,16'], 'ERT_OPENMP_CFLAGS': ['-fopenmp'], 'ERT_SPEC_GFLOPS': ['1000'], 'ERT_MPI': [False], 'ERT_TRIALS_MIN': ['1'], 'ERT_DRIVER': ['driver1'], 'ERT_RESULTS': ['Results.madonna.lbl.gov.02'], 'ERT_OPENMP': ['True'], 'ERT_OPENMP_THREADS': ['1,2,4,8,16,32,48,64,80,96,112,128,144,160'], 'ERT_KERNEL': ['kernel1'], 'ERT_GPU': [False], 'ERT_LD': ['gcc'], 'ERT_NUM_EXPERIMENTS': ['3'], 'ERT_ALIGN': ['32'], 'ERT_GNUPLOT': ['gnuplot']}
