        1280            1         311.727         2560          160
        1280            2         299.528         5120          320
        1280            4         382.279        10240          640
        1280            8         324.671        20480         1280
        1280           16         346.215        40960         2560
        1280           32         352.270        81920         5120
        1280           64         333.840       163840        10240
        1280          128         279.492       327680        20480
        1280          256         273.050       655360        40960
        1280          512         272.534      1310720        81920
        1280         1024         343.855      2621440       163840
        1280         2048         296.590      5242880       327680
        1280         4096         345.130     10485760       655360
        1280         8192         416.657     20971520      1310720
        1280        16384         659.453     41943040      2621440
        1280        32768         833.540     83886080      5242880
        1280        65536        1243.998    167772160     10485760
        1280       131072        2079.698    335544320     20971520
        1280       262144        2819.300    671088640     41943040
        1280       524288        5306.917   1342177280     83886080
        2560            1         394.898         5120          320
        2560            2         370.963        10240          640
        2560            4         501.481        20480         1280
        2560            8         574.299        40960         2560
        2560           16         582.073        81920         5120
        2560           32         457.855       163840        10240
        2560           64         451.174       327680        20480
        2560          128         301.663       655360        40960
        2560          256         274.078      1310720        81920
        2560          512         437.038      2621440       163840
        2560         1024         292.433      5242880       327680
        2560         2048         262.685     10485760       655360
        2560         4096         297.333     20971520      1310720
        2560         8192         650.992     41943040      2621440
        2560        16384         548.808     83886080      5242880
        2560        32768         728.435    167772160     10485760
        2560        65536        1322.162    335544320     20971520
        2560       131072        1802.819    671088640     41943040
        2560       262144        5332.512   1342177280     83886080
        3840            1         417.412         7680          480
        3840            2         498.111        15360          960
        3840            4         523.234        30720         1920
        3840            8         533.345        61440         3840
        3840           16         528.816       122880         7680
        3840           32         575.874       245760        15360
        3840           64         420.439       491520        30720
        3840          128         476.352       983040        61440
        3840          256         340.926      1966080       122880
        3840          512         598.387      3932160       245760
        3840         1024         630.469      7864320       491520
        3840         2048         673.875     15728640       983040
        3840         4096         500.356     31457280      1966080
        3840         8192         738.474     62914560      3932160
        3840        16384        1242.534    125829120      7864320
        3840        32768        1211.238    251658240     15728640
        3840        65536        2305.905    503316480     31457280
        3840       131072        4067.436   1006632960     62914560
        3840       262144        2788.150   2013265920    125829120
        5120            1         480.263        10240          640
        5120            2         544.606        20480         1280
        5120            4         703.263        40960         2560
        5120            8         552.305        81920         5120
        5120           16         564.231       163840        10240
        5120           32         474.840       327680        20480
        5120           64         453.259       655360        40960
        5120          128         534.744      1310720        81920
        5120          256         368.630      2621440       163840
        5120          512         443.828      5242880       327680
        5120         1024         544.133     10485760       655360
        5120         2048         662.458     20971520      1310720
        5120         4096         547.946     41943040      2621440
        5120         8192         757.842     83886080      5242880
        5120        16384         709.626    167772160     10485760
        5120        32768        1333.646    335544320     20971520
        5120        65536        2632.504    671088640     41943040
        5120       131072        4224.525   1342177280     83886080
        6400            1         467.275        12800          800
        6400            2         567.591        25600         1600
        6400            4         581.488        51200         3200
        6400            8         521.314       102400         6400
        6400           16         489.702       204800        12800
        6400           32         508.413       409600        25600
        6400           64           2.206       819200        51200
        6400          128         419.008      1638400       102400
        6400          256         664.286      3276800       204800
        6400          512         662.918      6553600       409600
        6400         1024         727.552     13107200       819200
        6400         2048         633.862     26214400      1638400
        6400         4096         466.564     52428800      3276800
        6400         8192         644.035    104857600      6553600
        6400        16384         915.343    209715200     13107200
        6400        32768        1932.663    419430400     26214400
        6400        65536         991.428    838860800     52428800
        6400       131072        1815.605   1677721600    104857600
        7680            1         571.295        15360          960
        7680            2         560.010        30720         1920
        7680            4         516.928        61440         3840
        7680            8         541.897       122880         7680
        7680           16         532.757       245760        15360
        7680           32           4.442       491520        30720
        7680           64         577.688       983040        61440
        7680          128         529.641      1966080       122880
        7680          256         578.262      3932160       245760
        7680          512         659.906      7864320       491520
        7680         1024         575.060     15728640       983040
        7680         2048         639.221     31457280      1966080
        7680         4096         649.974     62914560      3932160
        7680         8192         626.870    125829120      7864320
        7680        16384         923.486    251658240     15728640
        7680        32768         853.184    503316480     31457280
        7680        65536        1577.969   1006632960     62914560
        7680       131072        3245.638   2013265920    125829120
        8960            1           5.031        17920         1120
        8960            2         547.142        35840         2240
        8960            4         618.479        71680         4480
        8960            8         617.395       143360         8960
        8960           16         595.355       286720        17920
        8960           32         477.774       573440        35840
        8960           64         527.171      1146880        71680
        8960          128         771.040      2293760       143360
        8960          256         694.046      4587520       286720
        8960          512         517.109      9175040       573440
        8960         1024         702.054     18350080      1146880
        8960         2048         632.884     36700160      2293760
        8960         4096         513.395     73400320      4587520
        8960         8192         665.038    146800640      9175040
        8960        16384         622.562    293601280     18350080
        8960        32768        2048.282    587202560     36700160
        8960        65536        2397.325   1174405120     73400320
       10240            1         509.617        20480         1280
       10240            2         651.439        40960         2560
       10240            4         562.776        81920         5120
       10240            8         569.322       163840        10240
       10240           16         645.185       327680        20480
       10240           32         489.139       655360        40960
       10240           64         555.885      1310720        81920
       10240          128         554.796      2621440       163840
       10240          256         568.277      5242880       327680
       10240          512         556.826     10485760       655360
       10240         1024         732.804     20971520      1310720
       10240         2048         584.840     41943040      2621440
       10240         4096         604.279     83886080      5242880
       10240         8192         750.063    167772160     10485760
       10240        16384         916.074    335544320     20971520
       10240        32768        1829.831    671088640     41943040
       10240        65536        2785.537   1342177280     83886080
       11520            1         534.748        23040         1440
       11520            2         508.685        46080         2880
       11520            4           6.331        92160         5760
       11520            8         522.175       184320        11520
       11520           16         603.231       368640        23040
       11520           32         585.959       737280        46080
       11520           64         467.705      1474560        92160
       11520          128         517.433      2949120       184320
       11520          256         611.559      5898240       368640
       11520          512         605.403     11796480       737280
       11520         1024         713.267     23592960      1474560
       11520         2048         600.055     47185920      2949120
       11520         4096         750.505     94371840      5898240
       11520         8192         871.622    188743680     11796480
       11520        16384        1270.308    377487360     23592960
       11520        32768        1309.847    754974720     47185920
       11520        65536        3852.184   1509949440     94371840
       12800            1         617.738        25600         1600
       12800            2         565.908        51200         3200
       12800            4         561.708       102400         6400
       12800            8         664.281       204800        12800
       12800           16         621.831       409600        25600
       12800           32         611.774       819200        51200
       12800           64         590.973      1638400       102400
       12800          128         555.754      3276800       204800
       12800          256         556.794      6553600       409600
       12800          512          13.780     13107200       819200
       12800         1024         677.290     26214400      1638400
       12800         2048         648.167     52428800      3276800
       12800         4096         757.905    104857600      6553600
       12800         8192         866.147    209715200     13107200
       12800        16384        1445.855    419430400     26214400
       12800        32768        2432.200    838860800     52428800
       12800        65536        4310.314   1677721600    104857600
       14080            1         652.970        28160         1760
       14080            2         597.908        56320         3520
       14080            4         525.411       112640         7040
       14080            8         597.766       225280        14080
       14080           16         683.888       450560        28160
       14080           32         577.289       901120        56320
       14080           64         557.818      1802240       112640
       14080          128         610.587      3604480       225280
       14080          256         595.131      7208960       450560
       14080          512         547.076     14417920       901120
       14080         1024         717.885     28835840      1802240
       14080         2048         590.587     57671680      3604480
       14080         4096         663.450    115343360      7208960
       14080         8192         120.376    230686720     14417920
       14080        16384        1610.147    461373440     28835840
       14080        32768        2888.907    922746880     57671680
       14080        65536        5610.397   1845493760    115343360
       15360            1         554.938        30720         1920
       15360            2         660.002        61440         3840
       15360            4         551.997       122880         7680
       15360            8         586.011       245760        15360
       15360           16         561.855       491520        30720
       15360           32         538.101       983040        61440
       15360           64         518.372      1966080       122880
       15360          128         607.757      3932160       245760
       15360          256         591.219      7864320       491520
       15360          512         684.884     15728640       983040
       15360         1024         659.641     31457280      1966080
       15360         2048         550.392     62914560      3932160
       15360         4096         621.817    125829120      7864320
       15360         8192         836.387    251658240     15728640
       15360        16384        1207.715    503316480     31457280
       15360        32768        2008.243   1006632960     62914560
       15360        65536        2723.322   2013265920    125829120
       16640            1         605.488        33280         2080
       16640            2         547.963        66560         4160
       16640            4         751.324       133120         8320
       16640            8         585.975       266240        16640
       16640           16         662.189       532480        33280
       16640           32         553.785      1064960        66560
       16640           64         572.416      2129920       133120
       16640          128         557.103      4259840       266240
       16640          256         683.253      8519680       532480
       16640          512         637.370     17039360      1064960
       16640         1024         607.490     34078720      2129920
       16640         2048         747.683     68157440      4259840
       16640         4096         868.315    136314880      8519680
       16640         8192        1110.574    272629760     17039360
       16640        16384        1843.911    545259520     34078720
       16640        32768        3127.139   1090519040     68157440
       17920            1         532.916        35840         2240
       17920            2         557.168        71680         4480
       17920            4         548.012       143360         8960
       17920            8         590.408       286720        17920
       17920           16         554.474       573440        35840
       17920           32         554.911      1146880        71680
       17920           64         568.719      2293760       143360
       17920          128         603.234      4587520       286720
       17920          256         702.836      9175040       573440
       17920          512         566.824     18350080      1146880
       17920         1024         612.606     36700160      2293760
       17920         2048          36.817     73400320      4587520
       17920         4096         758.894    146800640      9175040
       17920         8192        1101.697    293601280     18350080
       17920        16384        1583.565    587202560     36700160
       17920        32768        2871.443   1174405120     73400320
       19200            1         555.926        38400         2400
       19200            2         679.739        76800         4800
       19200            4         592.745       153600         9600
       19200            8         586.802       307200        19200
       19200           16         630.675       614400        38400
       19200           32         584.864      1228800        76800
       19200           64         573.798      2457600       153600
       19200          128         565.832      4915200       307200
       19200          256         548.397      9830400       614400
       19200          512         623.951     19660800      1228800
       19200         1024         687.028     39321600      2457600
       19200         2048         621.831     78643200      4915200
       19200         4096         725.848    157286400      9830400
       19200         8192         995.263    314572800     19660800
       19200        16384        1804.842    629145600     39321600
       19200        32768        4237.736   1258291200     78643200
       20480            1         566.340        40960         2560
       20480            2         556.034        81920         5120
       20480            4         567.860       163840        10240
       20480            8         590.348       327680        20480
       20480           16         625.044       655360        40960
       20480           32         572.820      1310720        81920
       20480           64         597.839      2621440       163840
       20480          128         618.791      5242880       327680
       20480          256         576.518     10485760       655360
       20480          512         560.621     20971520      1310720
       20480         1024         548.313     41943040      2621440
       20480         2048         620.156     83886080      5242880
       20480         4096         661.380    167772160     10485760
       20480         8192         764.279    335544320     20971520
       20480        16384        1593.175    671088640     41943040
       20480        32768        2738.282   1342177280     83886080
       21760            1         559.966        43520         2720
       21760            2         520.581        87040         5440
       21760            4         581.291       174080        10880
       21760            8         566.958       348160        21760
       21760           16         593.796       696320        43520
       21760           32         567.544      1392640        87040
       21760           64         572.174      2785280       174080
       21760          128         516.598      5570560       348160
       21760          256         528.651     11141120       696320
       21760          512         587.631     22282240      1392640
       21760         1024          28.735     44564480      2785280
       21760         2048         622.199     89128960      5570560
       21760         4096         840.665    178257920     11141120
       21760         8192        1182.866    356515840     22282240
       21760        16384        1971.191    713031680     44564480
       21760        32768        4441.474   1426063360     89128960
       23040            1         631.671        46080         2880
       23040            2         541.059        92160         5760
       23040            4         699.378       184320        11520
       23040            8         635.084       368640        23040
       23040           16         653.121       737280        46080
       23040           32         511.905      1474560        92160
       23040           64         641.933      2949120       184320
       23040          128         586.767      5898240       368640
       23040          256         590.947     11796480       737280
       23040          512         528.805     23592960      1474560
       23040         1024         531.732     47185920      2949120
       23040         2048         626.258     94371840      5898240
       23040         4096         785.685    188743680     11796480
       23040         8192        1043.430    377487360     23592960
       23040        16384        1675.397    754974720     47185920
       23040        32768        1515.205   1509949440     94371840
       24320            1         554.333        48640         3040
       24320            2         661.225        97280         6080
       24320            4         576.751       194560        12160
       24320            8         546.784       389120        24320
       24320           16         813.844       778240        48640
       24320           32         606.507      1556480        97280
       24320           64         648.691      3112960       194560
       24320          128         566.722      6225920       389120
       24320          256         596.463     12451840       778240
       24320          512         567.619     24903680      1556480
       24320         1024         667.972     49807360      3112960
       24320         2048         681.897     99614720      6225920
       24320         4096         839.957    199229440     12451840
       24320         8192        1284.264    398458880     24903680
       24320        16384        2283.085    796917760     49807360
       24320        32768        4315.118   1593835520     99614720
       25600            1         620.145        51200         3200
       25600            2         583.305       102400         6400
       25600            4         626.174       204800        12800
       25600            8         577.897       409600        25600
       25600           16         547.630       819200        51200
       25600           32         541.361      1638400       102400
       25600           64         555.322      3276800       204800
       25600          128         637.398      6553600       409600
       25600          256         534.104     13107200       819200
       25600          512         603.333     26214400      1638400
       25600         1024         677.803     52428800      3276800
       25600         2048         681.492    104857600      6553600
       25600         4096         683.177    209715200     13107200
       25600         8192         953.454    419430400     26214400
       25600        16384        2426.751    838860800     52428800
       25600        32768        3750.678   1677721600    104857600
       28160            1         562.872        56320         3520
       28160            2         496.702       112640         7040
       28160            4         522.142       225280        14080
       28160            8         533.730       450560        28160
       28160           16         587.998       901120        56320
       28160           32         651.288      1802240       112640
       28160           64         656.343      3604480       225280
       28160          128         641.338      7208960       450560
       28160          256         632.142     14417920       901120
       28160          512         635.782     28835840      1802240
       28160         1024         582.683     57671680      3604480
       28160         2048         569.872    115343360      7208960
       28160         4096         695.818    230686720     14417920
       28160         8192        1180.357    461373440     28835840
       28160        16384        2307.990    922746880     57671680
       28160        32768        3376.977   1845493760    115343360
       30720            1         570.508        61440         3840
       30720            2         552.540       122880         7680
       30720            4         561.390       245760        15360
       30720            8         593.250       491520        30720
       30720           16           1.653       983040        61440
       30720           32         585.477      1966080       122880
       30720           64         542.471      3932160       245760
       30720          128         634.938      7864320       491520
       30720          256         611.288     15728640       983040
       30720          512         621.364     31457280      1966080
       30720         1024         680.670     62914560      3932160
       30720         2048         724.185    125829120      7864320
       30720         4096         862.949    251658240     15728640
       30720         8192        1420.214    503316480     31457280
       30720        16384        2718.863   1006632960     62914560
       30720        32768        4427.030   2013265920    125829120
       33280            1         608.029        66560         4160
       33280            2         544.580       133120         8320
       33280            4         537.725       266240        16640
       33280            8         630.938       532480        33280
       33280           16         666.384      1064960        66560
       33280           32         559.174      2129920       133120
       33280           64         684.832      4259840       266240
       33280          128         665.561      8519680       532480
       33280          256         642.542     17039360      1064960
       33280          512         631.387     34078720      2129920
       33280         1024         627.874     68157440      4259840
       33280         2048         617.151    136314880      8519680
       33280         4096         781.198    272629760     17039360
       33280         8192         963.643    545259520     34078720
       33280        16384        2115.245   1090519040     68157440
       35840            1         523.021        71680         4480
       35840            2         574.495       143360         8960
       35840            4         581.524       286720        17920
       35840            8         602.223       573440        35840
       35840           16         594.078      1146880        71680
       35840           32         522.797      2293760       143360
       35840           64         841.530      4587520       286720
       35840          128         592.043      9175040       573440
       35840          256         550.018     18350080      1146880
       35840          512         713.814     36700160      2293760
       35840         1024         653.497     73400320      4587520
       35840         2048         657.089    146800640      9175040
       35840         4096         934.472    293601280     18350080
       35840         8192        1738.666    587202560     36700160
       35840        16384        3289.771   1174405120     73400320
       38400            1         538.343        76800         4800
       38400            2         561.752       153600         9600
       38400            4         561.516       307200        19200
       38400            8         551.095       614400        38400
       38400           16         571.344      1228800        76800
       38400           32         663.007      2457600       153600
       38400           64         549.224      4915200       307200
       38400          128         651.416      9830400       614400
       38400          256         611.531     19660800      1228800
       38400          512         651.682     39321600      2457600
       38400         1024         586.747     78643200      4915200
       38400         2048         601.219    157286400      9830400
       38400         4096         857.485    314572800     19660800
       38400         8192        1185.639    629145600     39321600
       38400        16384        1822.278   1258291200     78643200
       42240            1         619.390        84480         5280
       42240            2         663.225       168960        10560
       42240            4         720.700       337920        21120
       42240            8         583.448       675840        42240
       42240           16         609.473      1351680        84480
       42240           32         702.856      2703360       168960
       42240           64         623.111      5406720       337920
       42240          128         662.976     10813440       675840
       42240          256         597.479     21626880      1351680
       42240          512         601.599     43253760      2703360
       42240         1024         628.414     86507520      5406720
       42240         2048         853.748    173015040     10813440
       42240         4096        1023.390    346030080     21626880
       42240         8192        1852.712    692060160     43253760
       42240        16384        3669.796   1384120320     86507520
       46080            1         580.517        92160         5760
       46080            2         602.947       184320        11520
       46080            4         606.993       368640        23040
       46080            8         600.467       737280        46080
       46080           16         574.779      1474560        92160
       46080           32         685.253      2949120       184320
       46080           64         602.295      5898240       368640
       46080          128         661.946     11796480       737280
       46080          256         657.888     23592960      1474560
       46080          512         483.433     47185920      2949120
       46080         1024         851.607     94371840      5898240
       46080         2048         726.107    188743680     11796480
       46080         4096        1166.298    377487360     23592960
       46080         8192        1922.722    754974720     47185920
       46080        16384        4063.739   1509949440     94371840
       49920            1         546.435        99840         6240
       49920            2         610.894       199680        12480
       49920            4         578.423       399360        24960
       49920            8         532.401       798720        49920
       49920           16         534.635      1597440        99840
       49920           32         562.284      3194880       199680
       49920           64         596.667      6389760       399360
       49920          128         642.778     12779520       798720
       49920          256         529.717     25559040      1597440
       49920          512         659.086     51118080      3194880
       49920         1024         604.043    102236160      6389760
       49920         2048         805.930    204472320     12779520
       49920         4096        1226.350    408944640     25559040
       49920         8192        1558.856    817889280     51118080
       49920        16384        3218.535   1635778560    102236160
       53760            1         632.429       107520         6720
       53760            2         639.120       215040        13440
       53760            4         593.591       430080        26880
       53760            8         607.341       860160        53760
       53760           16         551.185      1720320       107520
       53760           32         546.237      3440640       215040
       53760           64         573.840      6881280       430080
       53760          128         647.652     13762560       860160
       53760          256         588.124     27525120      1720320
       53760          512         649.591     55050240      3440640
       53760         1024         557.582    110100480      6881280
       53760         2048         752.351    220200960     13762560
       53760         4096        1049.170    440401920     27525120
       53760         8192        1639.121    880803840     55050240
       53760        16384        4100.515   1761607680    110100480
       58880            1         558.976       117760         7360
       58880            2         581.568       235520        14720
       58880            4         583.897       471040        29440
       58880            8         603.963       942080        58880
       58880           16         624.728      1884160       117760
       58880           32         568.783      3768320       235520
       58880           64         632.192      7536640       471040
       58880          128         616.030     15073280       942080
       58880          256         669.683     30146560      1884160
       58880          512         591.767     60293120      3768320
       58880         1024         724.793    120586240      7536640
       58880         2048         973.640    241172480     15073280
       58880         4096        1227.834    482344960     30146560
       58880         8192        2820.318    964689920     60293120
       58880        16384        4992.980   1929379840    120586240
       64000            1         600.050       128000         8000
       64000            2         635.827       256000        16000
       64000            4         567.375       512000        32000
       64000            8         572.915      1024000        64000
       64000           16         638.706      2048000       128000
       64000           32         593.935      4096000       256000
       64000           64         599.203      8192000       512000
       64000          128         575.564     16384000      1024000
       64000          256         569.866     32768000      2048000
       64000          512         598.602     65536000      4096000
       64000         1024         656.845    131072000      8192000
       64000         2048         799.728    262144000     16384000
       64000         4096        1349.110    524288000     32768000
       64000         8192        1356.113   1048576000     65536000
       64000        16384        2249.326   2097152000    131072000
       70400            1         596.475       140800         8800
       70400            2           4.705       281600        17600
       70400            4         585.395       563200        35200
       70400            8         572.432      1126400        70400
       70400           16         598.143      2252800       140800
       70400           32         582.476      4505600       281600
       70400           64         528.612      9011200       563200
       70400          128         585.707     18022400      1126400
       70400          256         583.532     36044800      2252800
       70400          512         657.619     72089600      4505600
       70400         1024         660.829    144179200      9011200
       70400         2048        1034.348    288358400     18022400
       70400         4096        1675.560    576716800     36044800
       70400         8192        2702.457   1153433600     72089600
       76800            1         543.304       153600         9600
       76800            2         620.581       307200        19200
       76800            4         610.174       614400        38400
       76800            8         530.541      1228800        76800
       76800           16         543.414      2457600       153600
       76800           32         618.457      4915200       307200
       76800           64         592.614      9830400       614400
       76800          128         560.345     19660800      1228800
       76800          256         613.775     39321600      2457600
       76800          512         584.211     78643200      4915200
       76800         1024         765.602    157286400      9830400
       76800         2048         917.362    314572800     19660800
       76800         4096        1209.498    629145600     39321600
       76800         8192        4043.480   1258291200     78643200
       84480            1         566.042       168960        10560
       84480            2         606.741       337920        21120
       84480            4         571.008       675840        42240
       84480            8         555.820      1351680        84480
       84480           16         565.232      2703360       168960
       84480           32         647.328      5406720       337920
       84480           64         648.716     10813440       675840
       84480          128         571.971     21626880      1351680
       84480          256         634.600     43253760      2703360
       84480          512         645.206     86507520      5406720
       84480         1024         712.588    173015040     10813440
       84480         2048         997.670    346030080     21626880
       84480         4096        1590.934    692060160     43253760
       84480         8192        3537.215   1384120320     86507520
       92160            1         620.166       184320        11520
       92160            2         546.086       368640        23040
       92160            4         617.090       737280        46080
       92160            8         633.159      1474560        92160
       92160           16         548.942      2949120       184320
       92160           32         520.269      5898240       368640
       92160           64         545.081     11796480       737280
       92160          128         666.332     23592960      1474560
       92160          256         593.690     47185920      2949120
       92160          512         665.532     94371840      5898240
       92160         1024         703.403    188743680     11796480
       92160         2048         936.953    377487360     23592960
       92160         4096        1508.758    754974720     47185920
       92160         8192        2614.666   1509949440     94371840
      101120            1         621.115       202240        12640
      101120            2         680.536       404480        25280
      101120            4         577.846       808960        50560
      101120            8         618.822      1617920       101120
      101120           16         615.268      3235840       202240
      101120           32         629.231      6471680       404480
      101120           64         549.596     12943360       808960
      101120          128         575.216     25886720      1617920
      101120          256         547.198     51773440      3235840
      101120          512         589.694    103546880      6471680
      101120         1024         761.598    207093760     12943360
      101120         2048         754.670    414187520     25886720
      101120         4096        1527.475    828375040     51773440
      101120         8192        2334.792   1656750080    103546880
      110080            1         806.050       220160        13760
      110080            2         608.021       440320        27520
      110080            4         587.472       880640        55040
      110080            8         606.759      1761280       110080
      110080           16         615.099      3522560       220160
      110080           32         527.405      7045120       440320
      110080           64         562.804     14090240       880640
      110080          128         559.488     28180480      1761280
      110080          256         625.028     56360960      3522560
      110080          512         712.716    112721920      7045120
      110080         1024         974.508    225443840     14090240
      110080         2048        1280.239    450887680     28180480
      110080         4096        2323.774    901775360     56360960
      110080         8192        4856.491   1803550720    112721920
      120320            1         650.898       240640        15040
      120320            2         531.939       481280        30080
      120320            4         563.146       962560        60160
      120320            8         673.961      1925120       120320
      120320           16         688.164      3850240       240640
      120320           32         589.203      7700480       481280
      120320           64         618.957     15400960       962560
      120320          128         609.934     30801920      1925120
      120320          256          27.959     61603840      3850240
      120320          512         713.251    123207680      7700480
      120320         1024         942.926    246415360     15400960
      120320         2048        1263.486    492830720     30801920
      120320         4096        2505.082    985661440     61603840
      120320         8192        4834.743   1971322880    123207680
      131840            1         610.557       263680        16480
      131840            2         573.387       527360        32960
      131840            4         582.360      1054720        65920
      131840            8         555.006      2109440       131840
      131840           16         635.650      4218880       263680
      131840           32         612.769      8437760       527360
      131840           64         667.281     16875520      1054720
      131840          128         575.689     33751040      2109440
      131840          256         568.080     67502080      4218880
      131840          512         716.660    135004160      8437760
      131840         1024         861.000    270008320     16875520
      131840         2048        1117.799    540016640     33751040
      131840         4096        1860.663   1080033280     67502080
      144640            1         519.239       289280        18080
      144640            2         637.784       578560        36160
      144640            4         615.021      1157120        72320
      144640            8         570.751      2314240       144640
      144640           16         834.740      4628480       289280
      144640           32         675.247      9256960       578560
      144640           64         588.212     18513920      1157120
      144640          128         618.498     37027840      2314240
      144640          256         708.298     74055680      4628480
      144640          512         732.205    148111360      9256960
      144640         1024         982.096    296222720     18513920
      144640         2048        1400.989    592445440     37027840
      144640         4096        2648.665   1184890880     74055680
      158720            1         595.361       317440        19840
      158720            2         653.437       634880        39680
      158720            4         550.008      1269760        79360
      158720            8         633.960      2539520       158720
      158720           16         557.782      5079040       317440
      158720           32         585.221     10158080       634880
      158720           64         638.608     20316160      1269760
      158720          128         532.529     40632320      2539520
      158720          256         606.612     81264640      5079040
      158720          512         692.200    162529280     10158080
      158720         1024         918.930    325058560     20316160
      158720         2048        1565.477    650117120     40632320
      158720         4096        2015.403   1300234240     81264640
      174080            1         591.270       348160        21760
      174080            2         641.481       696320        43520
      174080            4         595.318      1392640        87040
      174080            8         519.897      2785280       174080
      174080           16          13.555      5570560       348160
      174080           32         658.425     11141120       696320
      174080           64         592.027     22282240      1392640
      174080          128         695.022     44564480      2785280
      174080          256         693.164     89128960      5570560
      174080          512         713.611    178257920     11141120
      174080         1024        1002.112    356515840     22282240
      174080         2048        1700.604    713031680     44564480
      174080         4096        3676.990   1426063360     89128960
      190720            1         571.902       381440        23840
      190720            2         549.846       762880        47680
      190720            4         516.971      1525760        95360
      190720            8         682.325      3051520       190720
      190720           16         627.629      6103040       381440
      190720           32         586.638     12206080       762880
      190720           64         609.056     24412160      1525760
      190720          128         631.754     48824320      3051520
      190720          256         693.208     97648640      6103040
      190720          512         671.882    195297280     12206080
      190720         1024        1123.561    390594560     24412160
      190720         2048        1832.488    781189120     48824320
      190720         4096        3586.686   1562378240     97648640
      208640            1         655.172       417280        26080
      208640            2         574.991       834560        52160
      208640            4         556.428      1669120       104320
      208640            8         604.881      3338240       208640
      208640           16         658.269      6676480       417280
      208640           32         649.066     13352960       834560
      208640           64         641.687     26705920      1669120
      208640          128          47.975     53411840      3338240
      208640          256         681.505    106823680      6676480
      208640          512         825.364    213647360     13352960
      208640         1024        1173.089    427294720     26705920
      208640         2048        2245.454    854589440     53411840
      208640         4096        4863.366   1709178880    106823680
      229120            1         644.646       458240        28640
      229120            2         593.004       916480        57280
      229120            4         666.760      1832960       114560
      229120            8         648.764      3665920       229120
      229120           16         693.794      7331840       458240
      229120           32         593.994     14663680       916480
      229120           64         608.517     29327360      1832960
      229120          128         717.559     58654720      3665920
      229120          256         726.321    117309440      7331840
      229120          512         899.428    234618880     14663680
      229120         1024        1350.922    469237760     29327360
      229120         2048        2362.609    938475520     58654720
      229120         4096        3536.004   1876951040    117309440
      250880            1         529.934       501760        31360
      250880            2         548.117      1003520        62720
      250880            4         634.858      2007040       125440
      250880            8         579.391      4014080       250880
      250880           16         569.511      8028160       501760
      250880           32         535.105     16056320      1003520
      250880           64         595.345     32112640      2007040
      250880          128         557.704     64225280      4014080
      250880          256         831.398    128450560      8028160
      250880          512         929.919    256901120     16056320
      250880         1024        1412.912    513802240     32112640
      250880         2048        2538.859   1027604480     64225280
      250880         4096        4929.696   2055208960    128450560
      275200            1         603.884       550400        34400
      275200            2         714.636      1100800        68800
      275200            4         619.942      2201600       137600
      275200            8         596.915      4403200       275200
      275200           16         526.926      8806400       550400
      275200           32         664.676     17612800      1100800
      275200           64         677.163     35225600      2201600
      275200          128         603.854     70451200      4403200
      275200          256         746.402    140902400      8806400
      275200          512         873.326    281804800     17612800
      275200         1024        1372.737    563609600     35225600
      275200         2048        2763.658   1127219200     70451200
      302080            1         621.597       604160        37760
      302080            2         567.073      1208320        75520
      302080            4         575.949      2416640       151040
      302080            8         580.356      4833280       302080
      302080           16         606.850      9666560       604160
      302080           32         597.963     19333120      1208320
      302080           64         583.491     38666240      2416640
      302080          128         566.508     77332480      4833280
      302080          256         648.779    154664960      9666560
      302080          512        1019.376    309329920     19333120
      302080         1024        1915.220    618659840     38666240
      302080         2048        2930.897   1237319680     77332480
      331520            1         531.389       663040        41440
      331520            2         499.790      1326080        82880
      331520            4         667.632      2652160       165760
      331520            8         628.931      5304320       331520
      331520           16         581.860     10608640       663040
      331520           32         519.754     21217280      1326080
      331520           64         595.328     42434560      2652160
      331520          128         629.162     84869120      5304320
      331520          256         688.352    169738240     10608640
      331520          512         906.688    339476480     21217280
      331520         1024        1460.207    678952960     42434560
      331520         2048        2812.740   1357905920     84869120
      363520            1         647.316       727040        45440
      363520            2         593.702      1454080        90880
      363520            4         589.563      2908160       181760
      363520            8         558.496      5816320       363520
      363520           16         736.809     11632640       727040
      363520           32         619.715     23265280      1454080
      363520           64         638.642     46530560      2908160
      363520          128         715.684     93061120      5816320
      363520          256         801.933    186122240     11632640
      363520          512        1055.315    372244480     23265280
      363520         1024        2093.347    744488960     46530560
      363520         2048        3681.399   1488977920     93061120
      399360            1         575.032       798720        49920
      399360            2         729.607      1597440        99840
      399360            4         560.465      3194880       199680
      399360            8         566.999      6389760       399360
      399360           16         621.235     12779520       798720
      399360           32         630.015     25559040      1597440
      399360           64         651.366     51118080      3194880
      399360          128         748.962    102236160      6389760
      399360          256         747.208    204472320     12779520
      399360          512        1037.957    408944640     25559040
      399360         1024        1191.550    817889280     51118080
      399360         2048        2407.410   1635778560    102236160
      439040            1         607.997       878080        54880
      439040            2         546.814      1756160       109760
      439040            4          15.992      3512320       219520
      439040            8         586.512      7024640       439040
      439040           16         666.785     14049280       878080
      439040           32         536.724     28098560      1756160
      439040           64         601.523     56197120      3512320
      439040          128         639.006    112394240      7024640
      439040          256         878.415    224788480     14049280
      439040          512        1224.168    449576960     28098560
      439040         1024        1799.423    899153920     56197120
      439040         2048        2102.693   1798307840    112394240
      482560            1         539.263       965120        60320
      482560            2         563.767      1930240       120640
      482560            4         610.226      3860480       241280
      482560            8         574.580      7720960       482560
      482560           16          17.750     15441920       965120
      482560           32         605.682     30883840      1930240
      482560           64         614.284     61767680      3860480
      482560          128         715.104    123535360      7720960
      482560          256         840.300    247070720     15441920
      482560          512        1256.441    494141440     30883840
      482560         1024        2549.908    988282880     61767680
      482560         2048        5038.205   1976565760    123535360
      529920            1         555.120      1059840        66240
      529920            2         561.900      2119680       132480
      529920            4         533.239      4239360       264960
      529920            8         631.335      8478720       529920
      529920           16         568.787     16957440      1059840
      529920           32         596.370     33914880      2119680
      529920           64         597.023     67829760      4239360
      529920          128         721.109    135659520      8478720
      529920          256        1020.686    271319040     16957440
      529920          512        1266.408    542638080     33914880
      529920         1024        2110.768   1085276160     67829760
      582400            1         585.992      1164800        72800
      582400            2         673.686      2329600       145600
      582400            4         676.488      4659200       291200
      582400            8         581.980      9318400       582400
      582400           16         586.988     18636800      1164800
      582400           32         628.382     37273600      2329600
      582400           64         647.773     74547200      4659200
      582400          128         741.535    149094400      9318400
      582400          256         979.855    298188800     18636800
      582400          512        1653.385    596377600     37273600
      582400         1024        2734.178   1192755200     74547200
      640000            1         476.171      1280000        80000
      640000            2         480.824      2560000       160000
      640000            4         534.081      5120000       320000
      640000            8         651.153     10240000       640000
      640000           16         660.552     20480000      1280000
      640000           32         614.505     40960000      2560000
      640000           64         602.823     81920000      5120000
      640000          128         638.438    163840000     10240000
      640000          256         866.885    327680000     20480000
      640000          512        1311.226    655360000     40960000
      640000         1024        2235.927   1310720000     81920000
      704000            1         549.752      1408000        88000
      704000            2         601.703      2816000       176000
      704000            4         606.066      5632000       352000
      704000            8         618.286     11264000       704000
      704000           16         602.663     22528000      1408000
      704000           32         574.242     45056000      2816000
      704000           64         632.791     90112000      5632000
      704000          128         615.539    180224000     11264000
      704000          256         818.958    360448000     22528000
      704000          512        1017.043    720896000     45056000
      704000         1024        3176.517   1441792000     90112000
      774400            1         689.917      1548800        96800
      774400            2         597.201      3097600       193600
      774400            4         643.607      6195200       387200
      774400            8         556.343     12390400       774400
      774400           16         607.475     24780800      1548800
      774400           32         591.779     49561600      3097600
      774400           64         584.338     99123200      6195200
      774400          128         793.302    198246400     12390400
      774400          256        1133.320    396492800     24780800
      774400          512        1996.172    792985600     49561600
      774400         1024        2466.570   1585971200     99123200
      851200            1         648.734      1702400       106400
      851200            2         686.330      3404800       212800
      851200            4         528.825      6809600       425600
      851200            8         554.664     13619200       851200
      851200           16         573.284     27238400      1702400
      851200           32         657.673     54476800      3404800
      851200           64         592.056    108953600      6809600
      851200          128         636.820    217907200     13619200
      851200          256         897.413    435814400     27238400
      851200          512        2083.053    871628800     54476800
      851200         1024        4278.727   1743257600    108953600
      935680            1         685.167      1871360       116960
      935680            2         569.872      3742720       233920
      935680            4         560.392      7485440       467840
      935680            8         663.701     14970880       935680
      935680           16         630.773     29941760      1871360
      935680           32         633.633     59883520      3742720
      935680           64         610.472    119767040      7485440
      935680          128         858.086    239534080     14970880
      935680          256        1292.100    479068160     29941760
      935680          512        2056.928    958136320     59883520
      935680         1024        4263.635   1916272640    119767040
     1029120            1         555.855      2058240       128640
     1029120            2         621.710      4116480       257280
     1029120            4         573.815      8232960       514560
     1029120            8         519.985     16465920      1029120
     1029120           16         625.613     32931840      2058240
     1029120           32         599.229     65863680      4116480
     1029120           64         636.608    131727360      8232960
     1029120          128         781.956    263454720     16465920
     1029120          256        1343.869    526909440     32931840
     1029120          512        2774.569   1053818880     65863680
     1029120         1024        5943.176   2107637760    131727360
     1131520            1         602.842      2263040       141440
     1131520            2         615.392      4526080       282880
     1131520            4         630.841      9052160       565760
     1131520            8         660.765     18104320      1131520
     1131520           16         709.176     36208640      2263040
     1131520           32         617.032     72417280      4526080
     1131520           64         709.181    144834560      9052160
     1131520          128         845.027    289669120     18104320
     1131520          256        1371.055    579338240     36208640
     1131520          512        2950.680   1158676480     72417280
     1244160            1         653.849      2488320       155520
     1244160            2         531.851      4976640       311040
     1244160            4         634.715      9953280       622080
     1244160            8         563.070     19906560      1244160
     1244160           16         773.081     39813120      2488320
     1244160           32         730.010     79626240      4976640
     1244160           64         714.133    159252480      9953280
     1244160          128         767.951    318504960     19906560
     1244160          256         986.589    637009920     39813120
     1244160          512        2287.859   1274019840     79626240
     1368320            1         542.617      2736640       171040
     1368320            2         715.283      5473280       342080
     1368320            4         676.669     10946560       684160
     1368320            8         581.912     21893120      1368320
     1368320           16         590.741     43786240      2736640
     1368320           32         599.536     87572480      5473280
     1368320           64         715.772    175144960     10946560
     1368320          128        1169.059    350289920     21893120
     1368320          256        1998.827    700579840     43786240
     1368320          512        3923.053   1401159680     87572480
     1504000            1         631.499      3008000       188000
     1504000            2         547.175      6016000       376000
     1504000            4         678.473     12032000       752000
     1504000            8         640.520     24064000      1504000
     1504000           16         532.441     48128000      3008000
     1504000           32         770.218     96256000      6016000
     1504000           64         790.420    192512000     12032000
     1504000          128        1113.263    385024000     24064000
     1504000          256        1826.828    770048000     48128000
     1504000          512        3571.398   1540096000     96256000
     1653760            1         591.453      3307520       206720
     1653760            2         672.248      6615040       413440
     1653760            4         648.662     13230080       826880
     1653760            8         609.406     26460160      1653760
     1653760           16         699.012     52920320      3307520
     1653760           32         715.190    105840640      6615040
     1653760           64         835.669    211681280     13230080
     1653760          128        1125.284    423362560     26460160
     1653760          256        2005.797    846725120     52920320
     1653760          512        3825.811   1693450240    105840640
     1818880            1         603.583      3637760       227360
     1818880            2         590.693      7275520       454720
     1818880            4         650.759     14551040       909440
     1818880            8         672.093     29102080      1818880
     1818880           16         587.325     58204160      3637760
     1818880           32         685.124    116408320      7275520
     1818880           64         778.617    232816640     14551040
     1818880          128        1162.351    465633280     29102080
     1818880          256        2428.923    931266560     58204160
     1818880          512        4639.088   1862533120    116408320
     2000640            1         578.367      4001280       250080
     2000640            2         668.143      8002560       500160
     2000640            4         594.193     16005120      1000320
     2000640            8         690.059     32010240      2000640
     2000640           16         709.319     64020480      4001280
     2000640           32         630.066    128040960      8002560
     2000640           64         737.551    256081920     16005120
     2000640          128        1001.446    512163840     32010240
     2000640          256        1582.409   1024327680     64020480
     2000640          512        2080.493   2048655360    128040960
     2200320            1         555.544      4400640       275040
     2200320            2         553.657      8801280       550080
     2200320            4         543.525     17602560      1100160
     2200320            8         615.121     35205120      2200320
     2200320           16         693.688     70410240      4400640
     2200320           32         725.326    140820480      8801280
     2200320           64         662.784    281640960     17602560
     2200320          128        1486.082    563281920     35205120
     2200320          256        2721.955   1126563840     70410240
     2419200            1         579.928      4838400       302400
     2419200            2         644.605      9676800       604800
     2419200            4         599.905     19353600      1209600
     2419200            8         632.691     38707200      2419200
     2419200           16         696.406     77414400      4838400
     2419200           32         701.677    154828800      9676800
     2419200           64         943.380    309657600     19353600
     2419200          128        1421.411    619315200     38707200
     2419200          256        2780.865   1238630400     77414400
     2661120            1         682.974      5322240       332640
     2661120            2         551.975     10644480       665280
     2661120            4         657.132     21288960      1330560
     2661120            8         654.376     42577920      2661120
     2661120           16         688.873     85155840      5322240
     2661120           32         642.182    170311680     10644480
     2661120           64         983.354    340623360     21288960
     2661120          128        1685.833    681246720     42577920
     2661120          256        3445.047   1362493440     85155840
     2926080            1         577.213      5852160       365760
     2926080            2         627.074     11704320       731520
     2926080            4         609.490     23408640      1463040
     2926080            8         632.338     46817280      2926080
     2926080           16         672.392     93634560      5852160
     2926080           32         791.181    187269120     11704320
     2926080           64        1204.509    374538240     23408640
     2926080          128        1616.020    749076480     46817280
     2926080          256        3790.018   1498152960     93634560
     3217920            1         592.935      6435840       402240
     3217920            2         534.431     12871680       804480
     3217920            4         687.843     25743360      1608960
     3217920            8         718.223     51486720      3217920
     3217920           16         671.808    102973440      6435840
     3217920           32         708.393    205946880     12871680
     3217920           64         774.487    411893760     25743360
     3217920          128        1368.204    823787520     51486720
     3217920          256        2903.054   1647575040    102973440
     3539200            1         542.773      7078400       442400
     3539200            2         604.619     14156800       884800
     3539200            4         661.739     28313600      1769600
     3539200            8         819.101     56627200      3539200
     3539200           16         716.601    113254400      7078400
     3539200           32         866.651    226508800     14156800
     3539200           64        1221.721    453017600     28313600
     3539200          128        2146.379    906035200     56627200
     3539200          256        3890.479   1812070400    113254400
     3892480            1         534.448      7784960       486560
     3892480            2         626.928     15569920       973120
     3892480            4         611.495     31139840      1946240
     3892480            8         618.555     62279680      3892480
     3892480           16         696.633    124559360      7784960
     3892480           32         763.730    249118720     15569920
     3892480           64        1407.697    498237440     31139840
     3892480          128        1857.480    996474880     62279680
     3892480          256        3489.241   1992949760    124559360
     4281600            1         548.566      8563200       535200
     4281600            2         618.039     17126400      1070400
     4281600            4         616.668     34252800      2140800
     4281600            8         612.848     68505600      4281600
     4281600           16         768.770    137011200      8563200
     4281600           32         922.394    274022400     17126400
     4281600           64        1161.782    548044800     34252800
     4281600          128        2015.571   1096089600     68505600
     4709120            1         580.248      9418240       588640
     4709120            2         702.100     18836480      1177280
     4709120            4         699.957     37672960      2354560
     4709120            8         571.082     75345920      4709120
     4709120           16         746.087    150691840      9418240
     4709120           32         915.359    301383680     18836480
     4709120           64        1721.173    602767360     37672960
     4709120          128        3074.243   1205534720     75345920
     5178880            1         495.806     10357760       647360
     5178880            2         633.511     20715520      1294720
     5178880            4         642.740     41431040      2589440
     5178880            8         627.099     82862080      5178880
     5178880           16         647.276    165724160     10357760
     5178880           32         934.834    331448320     20715520
     5178880           64        1355.697    662896640     41431040
     5178880          128        3099.905   1325793280     82862080
     5696000            1         562.100     11392000       712000
     5696000            2         559.201     22784000      1424000
     5696000            4         638.422     45568000      2848000
     5696000            8         605.762     91136000      5696000
     5696000           16         725.475    182272000     11392000
     5696000           32         968.397    364544000     22784000
     5696000           64        1563.996    729088000     45568000
     5696000          128        3535.712   1458176000     91136000
     6265600            1         576.219     12531200       783200
     6265600            2         705.996     25062400      1566400
     6265600            4         671.549     50124800      3132800
     6265600            8         698.228    100249600      6265600
     6265600           16         805.912    200499200     12531200
     6265600           32        1118.749    400998400     25062400
     6265600           64        1735.523    801996800     50124800
     6265600          128        3777.409   1603993600    100249600
     6891520            1         589.178     13783040       861440
     6891520            2         640.334     27566080      1722880
     6891520            4         598.323     55132160      3445760
     6891520            8         734.945    110264320      6891520
     6891520           16         803.815    220528640     13783040
     6891520           32        1065.374    441057280     27566080
     6891520           64        2073.646    882114560     55132160
     6891520          128        4438.318   1764229120    110264320
     7580160            1         534.932     15160320       947520
     7580160            2         545.224     30320640      1895040
     7580160            4         569.651     60641280      3790080
     7580160            8         629.923    121282560      7580160
     7580160           16         784.669    242565120     15160320
     7580160           32        1272.739    485130240     30320640
     7580160           64        1215.819    970260480     60641280
     7580160          128        3943.083   1940520960    121282560
     8337920            1         594.131     16675840      1042240
     8337920            2         687.106     33351680      2084480
     8337920            4         641.954     66703360      4168960
     8337920            8         687.105    133406720      8337920
     8337920           16         913.680    266813440     16675840
     8337920           32        1435.273    533626880     33351680
     8337920           64        2478.955   1067253760     66703360
     8337920          128        3045.377   2134507520    133406720
     9171200            1         599.416     18342400      1146400
     9171200            2         689.124     36684800      2292800
     9171200            4         598.435     73369600      4585600
     9171200            8         702.661    146739200      9171200
     9171200           16         816.202    293478400     18342400
     9171200           32         994.711    586956800     36684800
     9171200           64        1872.686   1173913600     73369600
    10087680            1         562.728     20175360      1260960
    10087680            2         751.623     40350720      2521920
    10087680            4         636.073     80701440      5043840
    10087680            8         762.994    161402880     10087680
    10087680           16         964.944    322805760     20175360
    10087680           32        1603.771    645611520     40350720
    10087680           64        3399.191   1291223040     80701440
    11096320            1         632.426     22192640      1387040
    11096320            2         635.127     44385280      2774080
    11096320            4         671.453     88770560      5548160
    11096320            8         667.112    177541120     11096320
    11096320           16         871.103    355082240     22192640
    11096320           32        1848.909    710164480     44385280
    11096320           64        2823.078   1420328960     88770560
    12204800            1         523.784     24409600      1525600
    12204800            2         553.092     48819200      3051200
    12204800            4         714.953     97638400      6102400
    12204800            8         697.148    195276800     12204800
    12204800           16         949.397    390553600     24409600
    12204800           32        1181.575    781107200     48819200
    12204800           64        3236.921   1562214400     97638400
    13424640            1         546.864     26849280      1678080
    13424640            2         552.324     53698560      3356160
    13424640            4         668.701    107397120      6712320
    13424640            8         737.499    214794240     13424640
    13424640           16         970.178    429588480     26849280
    13424640           32        1812.119    859176960     53698560
    13424640           64        3021.970   1718353920    107397120
    14766080            1         535.441     29532160      1845760
    14766080            2         590.587     59064320      3691520
    14766080            4         858.911    118128640      7383040
    14766080            8         892.117    236257280     14766080
    14766080           16        1280.063    472514560     29532160
    14766080           32        2279.429    945029120     59064320
    14766080           64        4598.272   1890058240    118128640
    16241920            1         601.743     32483840      2030240
    16241920            2         625.557     64967680      4060480
    16241920            4         712.340    129935360      8120960
    16241920            8         933.383    259870720     16241920
    16241920           16        1558.110    519741440     32483840
    16241920           32        2456.423   1039482880     64967680
    16241920           64        2004.370   2078965760    129935360
    17864960            1         618.402     35729920      2233120
    17864960            2         573.303     71459840      4466240
    17864960            4         711.692    142919680      8932480
    17864960            8         890.399    285839360     17864960
    17864960           16         986.347    571678720     35729920
    17864960           32        1970.212   1143357440     71459840
    19650560            1         646.420     39301120      2456320
    19650560            2         609.261     78602240      4912640
    19650560            4         706.056    157204480      9825280
    19650560            8         831.744    314408960     19650560
    19650560           16        1027.962    628817920     39301120
    19650560           32        1885.440   1257635840     78602240
    21615360            1         685.430     43230720      2701920
    21615360            2         548.092     86461440      5403840
    21615360            4         677.213    172922880     10807680
    21615360            8         790.876    345845760     21615360
    21615360           16        1348.148    691691520     43230720
    21615360           32        2901.973   1383383040     86461440
    23776000            1         578.614     47552000      2972000
    23776000            2         730.492     95104000      5944000
    23776000            4         734.663    190208000     11888000
    23776000            8         987.477    380416000     23776000
    23776000           16        1940.646    760832000     47552000
    23776000           32        2398.636   1521664000     95104000
    26152960            1         585.248     52305920      3269120
    26152960            2         578.262    104611840      6538240
    26152960            4         743.504    209223680     13076480
    26152960            8         890.625    418447360     26152960
    26152960           16        1473.886    836894720     52305920
    26152960           32        3132.619   1673789440    104611840
    28768000            1         635.323     57536000      3596000
    28768000            2         601.838    115072000      7192000
    28768000            4         677.375    230144000     14384000
    28768000            8         867.975    460288000     28768000
    28768000           16        1899.835    920576000     57536000
    28768000           32        3155.195   1841152000    115072000
    31644160            1         722.400     63288320      3955520
    31644160            2         610.933    126576640      7911040
    31644160            4         754.474    253153280     15822080
    31644160            8        1127.235    506306560     31644160
    31644160           16        1391.135   1012613120     63288320
    31644160           32        3995.623   2025226240    126576640
    34808320            1         737.703     69616640      4351040
    34808320            2         667.809    139233280      8702080
    34808320            4         928.971    278466560     17404160
    34808320            8        1290.597    556933120     34808320
    34808320           16        2957.648   1113866240     69616640
    38288640            1         675.572     76577280      4786080
    38288640            2         737.330    153154560      9572160
    38288640            4         944.955    306309120     19144320
    38288640            8        1476.572    612618240     38288640
    38288640           16        3054.023   1225236480     76577280
    42117120            1         853.375     84234240      5264640
    42117120            2         781.465    168468480     10529280
    42117120            4         894.459    336936960     21058560
    42117120            8        1308.721    673873920     42117120
    42117120           16        2171.072   1347747840     84234240
    46328320            1         577.844     92656640      5791040
    46328320            2         690.228    185313280     11582080
    46328320            4         649.297    370626560     23164160
    46328320            8        1838.826    741253120     46328320
    46328320           16        2726.178   1482506240     92656640
    50960640            1         720.260    101921280      6370080
    50960640            2         756.911    203842560     12740160
    50960640            4         926.806    407685120     25480320
    50960640            8        1120.036    815370240     50960640
    50960640           16        3238.263   1630740480    101921280
    56056320            1         742.746    112112640      7007040
    56056320            2         812.557    224225280     14014080
    56056320            4        1164.487    448450560     28028160
    56056320            8        1964.088    896901120     56056320
    56056320           16        3685.225   1793802240    112112640
    61661440            1         844.718    123322880      7707680
    61661440            2         926.834    246645760     15415360
    61661440            4        1419.035    493291520     30830720
    61661440            8        2398.088    986583040     61661440
    61661440           16        4444.218   1973166080    123322880
    67827200            1        1243.285    135654400      8478400
    67827200            2         960.078    271308800     16956800
    67827200            4        1137.300    542617600     33913600
    67827200            8        1755.410   1085235200     67827200
    74609920            1         839.921    149219840      9326240
    74609920            2         701.935    298439680     18652480
    74609920            4        1277.717    596879360     37304960
    74609920            8        1499.462   1193758720     74609920
    82069760            1         873.148    164139520     10258720
    82069760            2         303.195    328279040     20517440
    82069760            4        1890.804    656558080     41034880
    82069760            8        3395.463   1313116160     82069760
    90275840            1        1722.588    180551680     11284480
    90275840            2        2349.694    361103360     22568960
    90275840            4        2230.710    722206720     45137920
    90275840            8        3024.075   1444413440     90275840
    99302400            1        1986.560    198604800     12412800
    99302400            2        2788.690    397209600     24825600
    99302400            4        1886.833    794419200     49651200
    99302400            8        1810.752   1588838400     99302400
   109232640            1         941.837    218465280     13654080
   109232640            2        1289.045    436930560     27308160
   109232640            4        1454.923    873861120     54616320
   109232640            8        2251.370   1747722240    109232640
   120154880            1         596.706    240309760     15019360
   120154880            2        1428.146    480619520     30038720
   120154880            4        6623.158    961239040     60077440
   120154880            8        7578.894   1922478080    120154880
   132170240            1        1684.370    264340480     16521280
   132170240            2        2933.666    528680960     33042560
   132170240            4        3092.879   1057361920     66085120
   132170240            8        3465.532   2114723840    132170240
   145386240            1         752.875    290772480     18173280
   145386240            2        3986.629    581544960     36346560
   145386240            4        3577.067   1163089920     72693120
   159924480            1        2494.855    319848960     19990560
   159924480            2        7055.609    639697920     39981120
   159924480            4       11476.706   1279395840     79962240
   175916800            1        6490.989    351833600     21989600
   175916800            2        7217.529    703667200     43979200
   175916800            4        6673.677   1407334400     87958400
   193507840            1        3828.838    387015680     24188480
   193507840            2        6325.958    774031360     48376960
   193507840            4       12378.023   1548062720     96753920
   212857600            1        1518.020    425715200     26607200
   212857600            2        4708.858    851430400     53214400
   212857600            4       18094.777   1702860800    106428800
   234142720            1        6922.165    468285440     29267840
   234142720            2       13610.936    936570880     58535680
   234142720            4       25319.494   1873141760    117071360
   257556480            1       10389.110    515112960     32194560
   257556480            2       19938.663   1030225920     64389120
   257556480            4       27935.455   2060451840    128778240
   283311360            1       12050.800    566622720     35413920
   283311360            2       11139.651   1133245440     70827840
   311641600            1        5352.136    623283200     38955200
   311641600            2       16259.194   1246566400     77910400
   342805760            1        9108.097    685611520     42850720
   342805760            2       20535.461   1371223040     85701440
   377085440            1        9308.820    754170880     47135680
   377085440            2       20375.748   1508341760     94271360
   414792960            1       10383.008    829585920     51849120
   414792960            2       23080.810   1659171840    103698240
   456271360            1       18251.160    912542720     57033920
   456271360            2       40017.024   1825085440    114067840
   501898240            1       11433.828   1003796480     62737280
   501898240            2       14296.707   2007592960    125474560
   552087040            1       17024.715   1104174080     69010880
   607294720            1       26768.828   1214589440     75911840
   668023040            1       13350.585   1336046080     83502880
   734824960            1       25412.107   1469649920     91853120
   808307200            1       31704.413   1616614400    101038400
   889137920            1       13867.849   1778275840    111142240
   978050560            1       29604.630   1956101120    122256320

META_DATA
FLOPS          1
OPENMP_THREADS 160
ERT_VERSION  1.1.0
TIMESTAMP_DATA  1634056399.23
HOSTNAME  ('pmemMachine1', ['pmemMachine1.local'], ['fe80::5210:541c:37bc:6d9c'])
UNAME  ('Linux', 'pmemMachine1', '5.9.13-derrick-pmo', '#95 SMP Sat Sep 18 09:17:02 EDT 2021', 'x86_64', 'x86_64')
CONFIG  {'ERT_WORKING_SET_MIN': ['1'], 'ERT_CFLAGS': ['-O3'], 'ERT_CC': ['gcc'], 'ERT_OPENMP_LDFLAGS': ['-fopenmp'], 'ERT_MEMORY_MAX': ['1073741824'], 'ERT_LDFLAGS': [], 'ERT_LDLIBS': [], 'ERT_SPEC_GBYTES_DRAM': ['300'], 'ERT_RUN': ['export', 'KMP_AFFINITY=scatter;', 'export', 'OMP_NUM_THREADS=ERT_OPENMP_THREADS;', 'ERT_CODE'], 'ERT_FLOPS': ['1,2,4,8,16'], 'ERT_OPENMP_CFLAGS': ['-fopenmp'], 'ERT_SPEC_GFLOPS': ['1000'], 'ERT_MPI': [False], 'ERT_TRIALS_MIN': ['1'], 'ERT_DRIVER': ['driver1'], 'ERT_RESULTS': ['Results.madonna.lbl.gov.02'], 'ERT_OPENMP': ['True'], 'ERT_OPENMP_THREADS': ['1,2,4,8,16,32,48,64,80,96,112,128,144,160'], 'ERT_KERNEL': ['kernel1'], 'ERT_GPU': [False], 'ERT_LD': ['gcc'], 'ERT_NUM_EXPERIMENTS': ['3'], 'ERT_ALIGN': ['32'], 'ERT_GNUPLOT': ['gnuplot']}
