        1280            1         411.610         2560          160
        1280            2         439.644         5120          320
        1280            4         432.924        10240          640
        1280            8         521.490        20480         1280
        1280           16         678.332        40960         2560
        1280           32         492.745        81920         5120
        1280           64         465.002       163840        10240
        1280          128         379.114       327680        20480
        1280          256         358.534       655360        40960
        1280          512         363.044      1310720        81920
        1280         1024         753.139      2621440       163840
        1280         2048         823.415      5242880       327680
        1280         4096         835.458     10485760       655360
        1280         8192         904.733     20971520      1310720
        1280        16384        1076.669     41943040      2621440
        1280        32768         856.227     83886080      5242880
        1280        65536        1014.421    167772160     10485760
        1280       131072        1161.645    335544320     20971520
        1280       262144        2779.523    671088640     41943040
        1280       524288        6014.724   1342177280     83886080
        2560            1         528.768         5120          320
        2560            2         449.125        10240          640
        2560            4         587.280        20480         1280
        2560            8         609.024        40960         2560
        2560           16         716.271        81920         5120
        2560           32         896.312       163840        10240
        2560           64         929.079       327680        20480
        2560          128         956.476       655360        40960
        2560          256         900.434      1310720        81920
        2560          512         570.609      2621440       163840
        2560         1024         919.650      5242880       327680
        2560         2048         762.162     10485760       655360
        2560         4096         948.840     20971520      1310720
        2560         8192         943.288     41943040      2621440
        2560        16384         972.225     83886080      5242880
        2560        32768        1225.857    167772160     10485760
        2560        65536        1421.018    335544320     20971520
        2560       131072        2381.613    671088640     41943040
        2560       262144        3508.749   1342177280     83886080
        3840            1         541.574         7680          480
        3840            2         914.800        15360          960
        3840            4         996.433        30720         1920
        3840            8         803.562        61440         3840
        3840           16         698.395       122880         7680
        3840           32         794.422       245760        15360
        3840           64         735.621       491520        30720
        3840          128         940.873       983040        61440
        3840          256         887.458      1966080       122880
        3840          512         703.263      3932160       245760
        3840         1024        1016.451      7864320       491520
        3840         2048         890.577     15728640       983040
        3840         4096         926.425     31457280      1966080
        3840         8192         908.076     62914560      3932160
        3840        16384        1080.518    125829120      7864320
        3840        32768        1475.613    251658240     15728640
        3840        65536        2135.999    503316480     31457280
        3840       131072        3052.256   1006632960     62914560
        3840       262144        5579.950   2013265920    125829120
        5120            1         583.252        10240          640
        5120            2         605.976        20480         1280
        5120            4         586.810        40960         2560
        5120            8         674.574        81920         5120
        5120           16         521.957       163840        10240
        5120           32         849.967       327680        20480
        5120           64         643.434       655360        40960
        5120          128         765.313      1310720        81920
        5120          256         915.890      2621440       163840
        5120          512         855.455      5242880       327680
        5120         1024         774.775     10485760       655360
        5120         2048         879.989     20971520      1310720
        5120         4096         752.928     41943040      2621440
        5120         8192         843.366     83886080      5242880
        5120        16384        1020.824    167772160     10485760
        5120        32768        1555.618    335544320     20971520
        5120        65536        2747.788    671088640     41943040
        5120       131072        4952.795   1342177280     83886080
        6400            1         593.486        12800          800
        6400            2         650.433        25600         1600
        6400            4         658.498        51200         3200
        6400            8         643.133       102400         6400
        6400           16         689.698       204800        12800
        6400           32         660.623       409600        25600
        6400           64         568.404       819200        51200
        6400          128         598.307      1638400       102400
        6400          256         651.099      3276800       204800
        6400          512         587.788      6553600       409600
        6400         1024         710.878     13107200       819200
        6400         2048         694.804     26214400      1638400
        6400         4096         675.894     52428800      3276800
        6400         8192         872.667    104857600      6553600
        6400        16384         782.386    209715200     13107200
        6400        32768        1619.349    419430400     26214400
        6400        65536        3527.656    838860800     52428800
        6400       131072        6767.268   1677721600    104857600
        7680            1         574.576        15360          960
        7680            2         586.335        30720         1920
        7680            4         587.857        61440         3840
        7680            8         737.965       122880         7680
        7680           16         686.484       245760        15360
        7680           32         729.852       491520        30720
        7680           64          12.548       983040        61440
        7680          128         693.001      1966080       122880
        7680          256         636.875      3932160       245760
        7680          512         601.141      7864320       491520
        7680         1024         674.167     15728640       983040
        7680         2048         723.142     31457280      1966080
        7680         4096         721.927     62914560      3932160
        7680         8192         748.767    125829120      7864320
        7680        16384        1119.342    251658240     15728640
        7680        32768        2027.550    503316480     31457280
        7680        65536        4282.378   1006632960     62914560
        7680       131072        6909.245   2013265920    125829120
        8960            1         553.630        17920         1120
        8960            2         604.099        35840         2240
        8960            4         695.828        71680         4480
        8960            8         634.443       143360         8960
        8960           16         632.514       286720        17920
        8960           32         692.985       573440        35840
        8960           64         546.089      1146880        71680
        8960          128         525.974      2293760       143360
        8960          256         557.009      4587520       286720
        8960          512         699.348      9175040       573440
        8960         1024         697.264     18350080      1146880
        8960         2048         730.785     36700160      2293760
        8960         4096         634.984     73400320      4587520
        8960         8192         791.749    146800640      9175040
        8960        16384         956.639    293601280     18350080
        8960        32768        1635.789    587202560     36700160
        8960        65536        3073.845   1174405120     73400320
       10240            1         644.478        20480         1280
       10240            2         720.768        40960         2560
       10240            4         614.623        81920         5120
       10240            8         512.167       163840        10240
       10240           16         668.011       327680        20480
       10240           32         632.724       655360        40960
       10240           64         582.499      1310720        81920
       10240          128         612.122      2621440       163840
       10240          256         568.233      5242880       327680
       10240          512         506.169     10485760       655360
       10240         1024         668.301     20971520      1310720
       10240         2048         593.238     41943040      2621440
       10240         4096         634.726     83886080      5242880
       10240         8192         764.101    167772160     10485760
       10240        16384        1101.715    335544320     20971520
       10240        32768        2013.643    671088640     41943040
       10240        65536        3998.291   1342177280     83886080
       11520            1         585.147        23040         1440
       11520            2         577.536        46080         2880
       11520            4         653.996        92160         5760
       11520            8         730.239       184320        11520
       11520           16         656.861       368640        23040
       11520           32          10.204       737280        46080
       11520           64         602.883      1474560        92160
       11520          128         642.043      2949120       184320
       11520          256         724.696      5898240       368640
       11520          512         530.103     11796480       737280
       11520         1024         876.032     23592960      1474560
       11520         2048         553.922     47185920      2949120
       11520         4096         681.443     94371840      5898240
       11520         8192         900.498    188743680     11796480
       11520        16384        1307.407    377487360     23592960
       11520        32768        2527.001    754974720     47185920
       11520        65536        5227.197   1509949440     94371840
       12800            1         637.944        25600         1600
       12800            2         622.148        51200         3200
       12800            4         593.275       102400         6400
       12800            8         543.317       204800        12800
       12800           16         637.888       409600        25600
       12800           32         561.469       819200        51200
       12800           64         654.538      1638400       102400
       12800          128         525.878      3276800       204800
       12800          256         682.821      6553600       409600
       12800          512         661.245     13107200       819200
       12800         1024         559.529     26214400      1638400
       12800         2048         599.345     52428800      3276800
       12800         4096         628.266    104857600      6553600
       12800         8192         703.371    209715200     13107200
       12800        16384        1052.450    419430400     26214400
       12800        32768        1411.073    838860800     52428800
       12800        65536        4211.114   1677721600    104857600
       14080            1         580.391        28160         1760
       14080            2         525.755        56320         3520
       14080            4         588.216       112640         7040
       14080            8         550.247       225280        14080
       14080           16         656.081       450560        28160
       14080           32         545.515       901120        56320
       14080           64         574.522      1802240       112640
       14080          128         558.499      3604480       225280
       14080          256         640.318      7208960       450560
       14080          512          14.711     14417920       901120
       14080         1024         649.762     28835840      1802240
       14080         2048         748.993     57671680      3604480
       14080         4096         666.383    115343360      7208960
       14080         8192        1042.508    230686720     14417920
       14080        16384        1685.994    461373440     28835840
       14080        32768        3278.255    922746880     57671680
       14080        65536        5815.943   1845493760    115343360
       15360            1         667.306        30720         1920
       15360            2         667.540        61440         3840
       15360            4         571.499       122880         7680
       15360            8         507.979       245760        15360
       15360           16         556.110       491520        30720
       15360           32         661.530       983040        61440
       15360           64         733.251      1966080       122880
       15360          128         600.204      3932160       245760
       15360          256         630.071      7864320       491520
       15360          512         636.904     15728640       983040
       15360         1024         586.031     31457280      1966080
       15360         2048         678.209     62914560      3932160
       15360         4096         670.655    125829120      7864320
       15360         8192         912.585    251658240     15728640
       15360        16384        1345.460    503316480     31457280
       15360        32768        2096.650   1006632960     62914560
       15360        65536        3327.497   2013265920    125829120
       16640            1         520.905        33280         2080
       16640            2         636.749        66560         4160
       16640            4         627.274       133120         8320
       16640            8         654.614       266240        16640
       16640           16         602.096       532480        33280
       16640           32         672.848      1064960        66560
       16640           64         691.552      2129920       133120
       16640          128         621.622      4259840       266240
       16640          256         534.476      8519680       532480
       16640          512         608.819     17039360      1064960
       16640         1024         659.965     34078720      2129920
       16640         2048         699.393     68157440      4259840
       16640         4096         625.830    136314880      8519680
       16640         8192         776.706    272629760     17039360
       16640        16384        1176.715    545259520     34078720
       16640        32768        2413.309   1090519040     68157440
       17920            1         615.273        35840         2240
       17920            2         562.046        71680         4480
       17920            4         517.735       143360         8960
       17920            8         644.325       286720        17920
       17920           16         545.532       573440        35840
       17920           32         565.629      1146880        71680
       17920           64         579.375      2293760       143360
       17920          128         541.581      4587520       286720
       17920          256         517.700      9175040       573440
       17920          512         622.410     18350080      1146880
       17920         1024         635.222     36700160      2293760
       17920         2048         570.046     73400320      4587520
       17920         4096         793.354    146800640      9175040
       17920         8192        1006.220    293601280     18350080
       17920        16384        1847.820    587202560     36700160
       17920        32768        2950.096   1174405120     73400320
       19200            1         632.344        38400         2400
       19200            2         596.137        76800         4800
       19200            4         613.563       153600         9600
       19200            8         651.617       307200        19200
       19200           16         665.570       614400        38400
       19200           32         683.320      1228800        76800
       19200           64         581.391      2457600       153600
       19200          128         539.178      4915200       307200
       19200          256         565.748      9830400       614400
       19200          512         572.191     19660800      1228800
       19200         1024         673.056     39321600      2457600
       19200         2048         755.979     78643200      4915200
       19200         4096         795.757    157286400      9830400
       19200         8192         941.297    314572800     19660800
       19200        16384        1759.150    629145600     39321600
       19200        32768        3007.226   1258291200     78643200
       20480            1         587.575        40960         2560
       20480            2         575.511        81920         5120
       20480            4         649.810       163840        10240
       20480            8         671.941       327680        20480
       20480           16         590.476       655360        40960
       20480           32         621.892      1310720        81920
       20480           64         656.160      2621440       163840
       20480          128         517.498      5242880       327680
       20480          256         891.226     10485760       655360
       20480          512         622.983     20971520      1310720
       20480         1024         610.063     41943040      2621440
       20480         2048         649.271     83886080      5242880
       20480         4096         720.100    167772160     10485760
       20480         8192        1239.016    335544320     20971520
       20480        16384        2089.829    671088640     41943040
       20480        32768        3447.806   1342177280     83886080
       21760            1         529.427        43520         2720
       21760            2         683.132        87040         5440
       21760            4         584.399       174080        10880
       21760            8         625.569       348160        21760
       21760           16         603.876       696320        43520
       21760           32         678.199      1392640        87040
       21760           64         578.130      2785280       174080
       21760          128         711.540      5570560       348160
       21760          256         544.556     11141120       696320
       21760          512         575.999     22282240      1392640
       21760         1024         558.848     44564480      2785280
       21760         2048         727.819     89128960      5570560
       21760         4096         660.953    178257920     11141120
       21760         8192        1165.286    356515840     22282240
       21760        16384        2111.660    713031680     44564480
       21760        32768        2068.997   1426063360     89128960
       23040            1           6.500        46080         2880
       23040            2         661.765        92160         5760
       23040            4         550.613       184320        11520
       23040            8         610.737       368640        23040
       23040           16         662.217       737280        46080
       23040           32         633.100      1474560        92160
       23040           64         639.431      2949120       184320
       23040          128         530.479      5898240       368640
       23040          256         616.533     11796480       737280
       23040          512         682.958     23592960      1474560
       23040         1024         582.931     47185920      2949120
       23040         2048         704.585     94371840      5898240
       23040         4096         766.539    188743680     11796480
       23040         8192        1125.902    377487360     23592960
       23040        16384        1648.189    754974720     47185920
       23040        32768        3037.525   1509949440     94371840
       24320            1         744.437        48640         3040
       24320            2         554.132        97280         6080
       24320            4         571.626       194560        12160
       24320            8         623.604       389120        24320
       24320           16         565.989       778240        48640
       24320           32         596.512      1556480        97280
       24320           64         571.304      3112960       194560
       24320          128         615.371      6225920       389120
       24320          256         590.023     12451840       778240
       24320          512         679.973     24903680      1556480
       24320         1024         621.400     49807360      3112960
       24320         2048         577.420     99614720      6225920
       24320         4096         728.039    199229440     12451840
       24320         8192        1009.544    398458880     24903680
       24320        16384        1680.822    796917760     49807360
       24320        32768        3384.145   1593835520     99614720
       25600            1         600.542        51200         3200
       25600            2         546.022       102400         6400
       25600            4         604.630       204800        12800
       25600            8         628.574       409600        25600
       25600           16         601.565       819200        51200
       25600           32         697.984      1638400       102400
       25600           64         655.458      3276800       204800
       25600          128         816.704      6553600       409600
       25600          256         597.563     13107200       819200
       25600          512         606.462     26214400      1638400
       25600         1024         676.077     52428800      3276800
       25600         2048         635.059    104857600      6553600
       25600         4096         781.777    209715200     13107200
       25600         8192        1457.573    419430400     26214400
       25600        16384        2274.668    838860800     52428800
       25600        32768        3726.119   1677721600    104857600
       28160            1         594.400        56320         3520
       28160            2         721.189       112640         7040
       28160            4         663.318       225280        14080
       28160            8         656.980       450560        28160
       28160           16         627.587       901120        56320
       28160           32         675.429      1802240       112640
       28160           64         525.573      3604480       225280
       28160          128         545.019      7208960       450560
       28160          256         584.943     14417920       901120
       28160          512         563.624     28835840      1802240
       28160         1024         586.939     57671680      3604480
       28160         2048         675.122    115343360      7208960
       28160         4096         826.029    230686720     14417920
       28160         8192         961.857    461373440     28835840
       28160        16384        1820.949    922746880     57671680
       28160        32768        2667.128   1845493760    115343360
       30720            1         700.220        61440         3840
       30720            2         627.273       122880         7680
       30720            4         653.493       245760        15360
       30720            8         611.854       491520        30720
       30720           16         552.244       983040        61440
       30720           32         593.143      1966080       122880
       30720           64         604.532      3932160       245760
       30720          128         556.436      7864320       491520
       30720          256         511.896     15728640       983040
       30720          512         863.812     31457280      1966080
       30720         1024         667.628     62914560      3932160
       30720         2048         678.609    125829120      7864320
       30720         4096         965.573    251658240     15728640
       30720         8192        1486.264    503316480     31457280
       30720        16384        2687.229   1006632960     62914560
       30720        32768        5021.749   2013265920    125829120
       33280            1         571.424        66560         4160
       33280            2         583.487       133120         8320
       33280            4         510.741       266240        16640
       33280            8         628.548       532480        33280
       33280           16         612.934      1064960        66560
       33280           32         503.772      2129920       133120
       33280           64         586.187      4259840       266240
       33280          128         656.294      8519680       532480
       33280          256         660.410     17039360      1064960
       33280          512         557.924     34078720      2129920
       33280         1024         680.341     68157440      4259840
       33280         2048         733.299    136314880      8519680
       33280         4096         825.731    272629760     17039360
       33280         8192         980.838    545259520     34078720
       33280        16384        2288.803   1090519040     68157440
       35840            1         562.790        71680         4480
       35840            2         544.408       143360         8960
       35840            4         593.679       286720        17920
       35840            8         637.054       573440        35840
       35840           16         563.291      1146880        71680
       35840           32         553.668      2293760       143360
       35840           64         645.881      4587520       286720
       35840          128         568.872      9175040       573440
       35840          256         664.905     18350080      1146880
       35840          512         534.111     36700160      2293760
       35840         1024         619.274     73400320      4587520
       35840         2048         722.608    146800640      9175040
       35840         4096         778.838    293601280     18350080
       35840         8192        1345.862    587202560     36700160
       35840        16384        2344.739   1174405120     73400320
       38400            1         531.633        76800         4800
       38400            2         524.793       153600         9600
       38400            4         648.499       307200        19200
       38400            8         590.774       614400        38400
       38400           16         514.173      1228800        76800
       38400           32         618.456      2457600       153600
       38400           64         715.880      4915200       307200
       38400          128         572.248      9830400       614400
       38400          256         583.239     19660800      1228800
       38400          512         602.543     39321600      2457600
       38400         1024         574.192     78643200      4915200
       38400         2048         697.557    157286400      9830400
       38400         4096        1318.620    314572800     19660800
       38400         8192        1793.817    629145600     39321600
       38400        16384        3138.089   1258291200     78643200
       42240            1         685.252        84480         5280
       42240            2         577.792       168960        10560
       42240            4         627.717       337920        21120
       42240            8         669.183       675840        42240
       42240           16         590.219      1351680        84480
       42240           32         586.199      2703360       168960
       42240           64         620.954      5406720       337920
       42240          128         661.325     10813440       675840
       42240          256         694.780     21626880      1351680
       42240          512         569.428     43253760      2703360
       42240         1024         724.280     86507520      5406720
       42240         2048         720.785    173015040     10813440
       42240         4096         930.317    346030080     21626880
       42240         8192        1254.573    692060160     43253760
       42240        16384        1953.487   1384120320     86507520
       46080            1         541.827        92160         5760
       46080            2         609.095       184320        11520
       46080            4         605.411       368640        23040
       46080            8         631.564       737280        46080
       46080           16           7.892      1474560        92160
       46080           32         681.705      2949120       184320
       46080           64         666.861      5898240       368640
       46080          128         668.252     11796480       737280
       46080          256         582.612     23592960      1474560
       46080          512         626.536     47185920      2949120
       46080         1024         594.576     94371840      5898240
       46080         2048         773.782    188743680     11796480
       46080         4096        1089.457    377487360     23592960
       46080         8192        2183.466    754974720     47185920
       46080        16384        3319.358   1509949440     94371840
       49920            1         582.307        99840         6240
       49920            2         574.236       199680        12480
       49920            4         586.168       399360        24960
       49920            8         644.455       798720        49920
       49920           16         583.655      1597440        99840
       49920           32         489.274      3194880       199680
       49920           64         606.288      6389760       399360
       49920          128         599.219     12779520       798720
       49920          256         540.166     25559040      1597440
       49920          512         730.605     51118080      3194880
       49920         1024         662.494    102236160      6389760
       49920         2048         843.750    204472320     12779520
       49920         4096        1333.123    408944640     25559040
       49920         8192        2836.419    817889280     51118080
       49920        16384        4289.558   1635778560    102236160
       53760            1         612.839       107520         6720
       53760            2         634.894       215040        13440
       53760            4         631.511       430080        26880
       53760            8         509.837       860160        53760
       53760           16         548.059      1720320       107520
       53760           32         542.428      3440640       215040
       53760           64         591.361      6881280       430080
       53760          128         632.302     13762560       860160
       53760          256         588.587     27525120      1720320
       53760          512         616.192     55050240      3440640
       53760         1024         678.753    110100480      6881280
       53760         2048         809.370    220200960     13762560
       53760         4096        1069.480    440401920     27525120
       53760         8192        1507.158    880803840     55050240
       53760        16384        3372.525   1761607680    110100480
       58880            1         561.701       117760         7360
       58880            2         560.840       235520        14720
       58880            4         616.323       471040        29440
       58880            8         523.585       942080        58880
       58880           16         504.666      1884160       117760
       58880           32           9.480      3768320       235520
       58880           64         557.380      7536640       471040
       58880          128         626.976     15073280       942080
       58880          256         581.954     30146560      1884160
       58880          512         595.500     60293120      3768320
       58880         1024         679.789    120586240      7536640
       58880         2048         891.455    241172480     15073280
       58880         4096        1190.505    482344960     30146560
       58880         8192        1223.830    964689920     60293120
       58880        16384        2715.244   1929379840    120586240
       64000            1         555.757       128000         8000
       64000            2         673.857       256000        16000
       64000            4         611.193       512000        32000
       64000            8         705.569      1024000        64000
       64000           16         614.125      2048000       128000
       64000           32         680.440      4096000       256000
       64000           64         545.573      8192000       512000
       64000          128         582.137     16384000      1024000
       64000          256         629.208     32768000      2048000
       64000          512          33.934     65536000      4096000
       64000         1024         797.533    131072000      8192000
       64000         2048         920.277    262144000     16384000
       64000         4096        1430.160    524288000     32768000
       64000         8192        2708.014   1048576000     65536000
       64000        16384        5070.302   2097152000    131072000
       70400            1         593.507       140800         8800
       70400            2         628.597       281600        17600
       70400            4         590.048       563200        35200
       70400            8         654.297      1126400        70400
       70400           16         696.780      2252800       140800
       70400           32         111.247      4505600       281600
       70400           64         701.468      9011200       563200
       70400          128         708.473     18022400      1126400
       70400          256         664.796     36044800      2252800
       70400          512         679.888     72089600      4505600
       70400         1024         790.054    144179200      9011200
       70400         2048         230.034    288358400     18022400
       70400         4096        1874.276    576716800     36044800
       70400         8192        3169.662   1153433600     72089600
       76800            1         633.560       153600         9600
       76800            2         571.488       307200        19200
       76800            4         652.678       614400        38400
       76800            8         578.708      1228800        76800
       76800           16         666.245      2457600       153600
       76800           32         579.744      4915200       307200
       76800           64         703.327      9830400       614400
       76800          128         668.057     19660800      1228800
       76800          256         653.466     39321600      2457600
       76800          512         699.150     78643200      4915200
       76800         1024         731.607    157286400      9830400
       76800         2048         853.428    314572800     19660800
       76800         4096        1536.656    629145600     39321600
       76800         8192        2306.856   1258291200     78643200
       84480            1         523.269       168960        10560
       84480            2         651.570       337920        21120
       84480            4         638.444       675840        42240
       84480            8         546.042      1351680        84480
       84480           16         644.828      2703360       168960
       84480           32         604.708      5406720       337920
       84480           64         548.025     10813440       675840
       84480          128         611.992     21626880      1351680
       84480          256         547.529     43253760      2703360
       84480          512         618.152     86507520      5406720
       84480         1024         712.302    173015040     10813440
       84480         2048         889.188    346030080     21626880
       84480         4096        1728.191    692060160     43253760
       84480         8192        3301.565   1384120320     86507520
       92160            1         594.439       184320        11520
       92160            2         518.762       368640        23040
       92160            4         611.288       737280        46080
       92160            8         535.389      1474560        92160
       92160           16         772.136      2949120       184320
       92160           32         577.961      5898240       368640
       92160           64         585.407     11796480       737280
       92160          128         576.383     23592960      1474560
       92160          256         741.560     47185920      2949120
       92160          512         554.457     94371840      5898240
       92160         1024         766.489    188743680     11796480
       92160         2048         897.342    377487360     23592960
       92160         4096        1536.909    754974720     47185920
       92160         8192        2784.619   1509949440     94371840
      101120            1         692.476       202240        12640
      101120            2         555.828       404480        25280
      101120            4         586.389       808960        50560
      101120            8         575.458      1617920       101120
      101120           16         651.220      3235840       202240
      101120           32         545.856      6471680       404480
      101120           64         532.492     12943360       808960
      101120          128         589.720     25886720      1617920
      101120          256         535.368     51773440      3235840
      101120          512         591.427    103546880      6471680
      101120         1024         879.636    207093760     12943360
      101120         2048        1185.057    414187520     25886720
      101120         4096        2012.150    828375040     51773440
      101120         8192        3792.568   1656750080    103546880
      110080            1         516.278       220160        13760
      110080            2         502.898       440320        27520
      110080            4         491.894       880640        55040
      110080            8         525.134      1761280       110080
      110080           16         536.883      3522560       220160
      110080           32         624.737      7045120       440320
      110080           64         602.431     14090240       880640
      110080          128         542.137     28180480      1761280
      110080          256         688.467     56360960      3522560
      110080          512         715.984    112721920      7045120
      110080         1024         697.865    225443840     14090240
      110080         2048        1158.316    450887680     28180480
      110080         4096        2413.106    901775360     56360960
      110080         8192        1595.271   1803550720    112721920
      120320            1         624.581       240640        15040
      120320            2         678.845       481280        30080
      120320            4         553.891       962560        60160
      120320            8         476.527      1925120       120320
      120320           16         853.841      3850240       240640
      120320           32         509.694      7700480       481280
      120320           64         520.438     15400960       962560
      120320          128         675.895     30801920      1925120
      120320          256         739.425     61603840      3850240
      120320          512         621.991    123207680      7700480
      120320         1024         917.238    246415360     15400960
      120320         2048        1422.963    492830720     30801920
      120320         4096        1071.315    985661440     61603840
      120320         8192        3437.934   1971322880    123207680
      131840            1         659.694       263680        16480
      131840            2         568.329       527360        32960
      131840            4         717.216      1054720        65920
      131840            8         534.023      2109440       131840
      131840           16         646.882      4218880       263680
      131840           32         696.215      8437760       527360
      131840           64         690.233     16875520      1054720
      131840          128         628.338     33751040      2109440
      131840          256         626.002     67502080      4218880
      131840          512         756.071    135004160      8437760
      131840         1024         725.527    270008320     16875520
      131840         2048        1260.808    540016640     33751040
      131840         4096        1836.680   1080033280     67502080
      144640            1         566.388       289280        18080
      144640            2         634.402       578560        36160
      144640            4         530.353      1157120        72320
      144640            8         563.426      2314240       144640
      144640           16          12.051      4628480       289280
      144640           32         649.632      9256960       578560
      144640           64         616.070     18513920      1157120
      144640          128         641.761     37027840      2314240
      144640          256         651.546     74055680      4628480
      144640          512         651.896    148111360      9256960
      144640         1024         905.929    296222720     18513920
      144640         2048        1659.888    592445440     37027840
      144640         4096        2775.274   1184890880     74055680
      158720            1         529.635       317440        19840
      158720            2         598.853       634880        39680
      158720            4         694.684      1269760        79360
      158720            8         570.833      2539520       158720
      158720           16         531.109      5079040       317440
      158720           32         583.488     10158080       634880
      158720           64         713.238     20316160      1269760
      158720          128         608.139     40632320      2539520
      158720          256         657.734     81264640      5079040
      158720          512         601.799    162529280     10158080
      158720         1024         783.076    325058560     20316160
      158720         2048         757.439    650117120     40632320
      158720         4096        2262.872   1300234240     81264640
      174080            1         524.040       348160        21760
      174080            2         608.743       696320        43520
      174080            4         555.360      1392640        87040
      174080            8         548.897      2785280       174080
      174080           16         584.794      5570560       348160
      174080           32         515.002     11141120       696320
      174080           64         568.608     22282240      1392640
      174080          128         725.599     44564480      2785280
      174080          256         631.278     89128960      5570560
      174080          512         623.641    178257920     11141120
      174080         1024         892.132    356515840     22282240
      174080         2048        1034.130    713031680     44564480
      174080         4096        2545.481   1426063360     89128960
      190720            1         645.418       381440        23840
      190720            2         602.934       762880        47680
      190720            4         643.501      1525760        95360
      190720            8         526.292      3051520       190720
      190720           16         616.947      6103040       381440
      190720           32         598.729     12206080       762880
      190720           64         514.481     24412160      1525760
      190720          128         604.730     48824320      3051520
      190720          256         582.560     97648640      6103040
      190720          512         653.274    195297280     12206080
      190720         1024         870.405    390594560     24412160
      190720         2048        1451.507    781189120     48824320
      190720         4096        3043.746   1562378240     97648640
      208640            1         599.625       417280        26080
      208640            2         679.473       834560        52160
      208640            4         569.620      1669120       104320
      208640            8         597.825      3338240       208640
      208640           16         539.240      6676480       417280
      208640           32         850.460     13352960       834560
      208640           64         631.246     26705920      1669120
      208640          128         595.850     53411840      3338240
      208640          256         659.905    106823680      6676480
      208640          512         803.036    213647360     13352960
      208640         1024        1437.064    427294720     26705920
      208640         2048        2790.234    854589440     53411840
      208640         4096        4201.145   1709178880    106823680
      229120            1         658.720       458240        28640
      229120            2         637.766       916480        57280
      229120            4         516.509      1832960       114560
      229120            8         697.737      3665920       229120
      229120           16         645.162      7331840       458240
      229120           32         662.413     14663680       916480
      229120           64         676.748     29327360      1832960
      229120          128         656.199     58654720      3665920
      229120          256         610.778    117309440      7331840
      229120          512         699.082    234618880     14663680
      229120         1024        1171.403    469237760     29327360
      229120         2048        2626.321    938475520     58654720
      229120         4096        4716.598   1876951040    117309440
      250880            1         553.402       501760        31360
      250880            2         601.919      1003520        62720
      250880            4         590.903      2007040       125440
      250880            8         634.683      4014080       250880
      250880           16         624.929      8028160       501760
      250880           32         630.776     16056320      1003520
      250880           64         672.065     32112640      2007040
      250880          128         576.429     64225280      4014080
      250880          256         682.057    128450560      8028160
      250880          512         780.625    256901120     16056320
      250880         1024        1269.264    513802240     32112640
      250880         2048        2308.154   1027604480     64225280
      250880         4096        5014.730   2055208960    128450560
      275200            1         540.201       550400        34400
      275200            2         606.432      1100800        68800
      275200            4         633.308      2201600       137600
      275200            8         534.113      4403200       275200
      275200           16         565.129      8806400       550400
      275200           32         557.897     17612800      1100800
      275200           64         598.263     35225600      2201600
      275200          128         591.025     70451200      4403200
      275200          256         788.262    140902400      8806400
      275200          512         920.594    281804800     17612800
      275200         1024        1393.086    563609600     35225600
      275200         2048        1988.564   1127219200     70451200
      302080            1         531.545       604160        37760
      302080            2         485.202      1208320        75520
      302080            4         603.243      2416640       151040
      302080            8         562.348      4833280       302080
      302080           16          11.656      9666560       604160
      302080           32         623.295     19333120      1208320
      302080           64         624.633     38666240      2416640
      302080          128         711.622     77332480      4833280
      302080          256         719.737    154664960      9666560
      302080          512         972.496    309329920     19333120
      302080         1024        1850.267    618659840     38666240
      302080         2048        3035.854   1237319680     77332480
      331520            1         582.917       663040        41440
      331520            2         602.862      1326080        82880
      331520            4         558.425      2652160       165760
      331520            8         503.650      5304320       331520
      331520           16         667.482     10608640       663040
      331520           32         706.689     21217280      1326080
      331520           64         667.707     42434560      2652160
      331520          128         640.948     84869120      5304320
      331520          256         648.384    169738240     10608640
      331520          512         858.144    339476480     21217280
      331520         1024         904.334    678952960     42434560
      331520         2048        3011.380   1357905920     84869120
      363520            1         600.813       727040        45440
      363520            2         689.944      1454080        90880
      363520            4         663.297      2908160       181760
      363520            8         620.062      5816320       363520
      363520           16         514.100     11632640       727040
      363520           32         548.437     23265280      1454080
      363520           64         661.385     46530560      2908160
      363520          128         719.468     93061120      5816320
      363520          256         708.940    186122240     11632640
      363520          512         783.989    372244480     23265280
      363520         1024        1439.907    744488960     46530560
      363520         2048        2699.004   1488977920     93061120
      399360            1         598.683       798720        49920
      399360            2         645.776      1597440        99840
      399360            4         524.691      3194880       199680
      399360            8         585.707      6389760       399360
      399360           16         653.913     12779520       798720
      399360           32         528.938     25559040      1597440
      399360           64         512.861     51118080      3194880
      399360          128         514.785    102236160      6389760
      399360          256         640.514    204472320     12779520
      399360          512        1000.272    408944640     25559040
      399360         1024        1660.266    817889280     51118080
      399360         2048        1147.151   1635778560    102236160
      439040            1         769.411       878080        54880
      439040            2         634.673      1756160       109760
      439040            4         611.562      3512320       219520
      439040            8         519.901      7024640       439040
      439040           16         563.676     14049280       878080
      439040           32         578.072     28098560      1756160
      439040           64         722.059     56197120      3512320
      439040          128         628.298    112394240      7024640
      439040          256         851.001    224788480     14049280
      439040          512        1384.572    449576960     28098560
      439040         1024        2036.139    899153920     56197120
      439040         2048        3901.158   1798307840    112394240
      482560            1         549.611       965120        60320
      482560            2         664.598      1930240       120640
      482560            4         505.659      3860480       241280
      482560            8         640.700      7720960       482560
      482560           16         638.298     15441920       965120
      482560           32         664.630     30883840      1930240
      482560           64         543.784     61767680      3860480
      482560          128         738.311    123535360      7720960
      482560          256         824.636    247070720     15441920
      482560          512        1192.905    494141440     30883840
      482560         1024        2326.871    988282880     61767680
      482560         2048        3753.294   1976565760    123535360
      529920            1          10.984      1059840        66240
      529920            2         598.943      2119680       132480
      529920            4         606.816      4239360       264960
      529920            8         613.579      8478720       529920
      529920           16         646.461     16957440      1059840
      529920           32         592.776     33914880      2119680
      529920           64         660.859     67829760      4239360
      529920          128         687.053    135659520      8478720
      529920          256         951.459    271319040     16957440
      529920          512        1452.642    542638080     33914880
      529920         1024        3340.445   1085276160     67829760
      582400            1         557.833      1164800        72800
      582400            2         646.618      2329600       145600
      582400            4         608.649      4659200       291200
      582400            8         545.144      9318400       582400
      582400           16         563.065     18636800      1164800
      582400           32         593.238     37273600      2329600
      582400           64         611.390     74547200      4659200
      582400          128         652.352    149094400      9318400
      582400          256        1131.326    298188800     18636800
      582400          512        1260.220    596377600     37273600
      582400         1024        3088.608   1192755200     74547200
      640000            1         680.725      1280000        80000
      640000            2         560.274      2560000       160000
      640000            4         672.648      5120000       320000
      640000            8         635.448     10240000       640000
      640000           16         606.722     20480000      1280000
      640000           32         683.437     40960000      2560000
      640000           64         623.672     81920000      5120000
      640000          128         736.663    163840000     10240000
      640000          256         805.021    327680000     20480000
      640000          512        1637.167    655360000     40960000
      640000         1024        2184.083   1310720000     81920000
      704000            1         634.028      1408000        88000
      704000            2         552.251      2816000       176000
      704000            4         633.633      5632000       352000
      704000            8         586.228     11264000       704000
      704000           16         561.492     22528000      1408000
      704000           32         537.661     45056000      2816000
      704000           64         603.395     90112000      5632000
      704000          128         712.546    180224000     11264000
      704000          256         854.760    360448000     22528000
      704000          512        1691.604    720896000     45056000
      704000         1024        2903.334   1441792000     90112000
      774400            1         533.201      1548800        96800
      774400            2         591.140      3097600       193600
      774400            4         662.297      6195200       387200
      774400            8         603.308     12390400       774400
      774400           16         565.157     24780800      1548800
      774400           32         541.793     49561600      3097600
      774400           64         591.311     99123200      6195200
      774400          128         715.206    198246400     12390400
      774400          256         787.491    396492800     24780800
      774400          512        1719.527    792985600     49561600
      774400         1024        2359.373   1585971200     99123200
      851200            1         544.829      1702400       106400
      851200            2         657.609      3404800       212800
      851200            4         502.689      6809600       425600
      851200            8         612.935     13619200       851200
      851200           16         656.389     27238400      1702400
      851200           32         564.496     54476800      3404800
      851200           64         664.228    108953600      6809600
      851200          128         769.358    217907200     13619200
      851200          256        1197.591    435814400     27238400
      851200          512        2241.041    871628800     54476800
      851200         1024        4929.646   1743257600    108953600
      935680            1         596.378      1871360       116960
      935680            2         635.706      3742720       233920
      935680            4         593.727      7485440       467840
      935680            8         606.592     14970880       935680
      935680           16         728.461     29941760      1871360
      935680           32         681.411     59883520      3742720
      935680           64         695.036    119767040      7485440
      935680          128         958.542    239534080     14970880
      935680          256        1014.783    479068160     29941760
      935680          512        2063.182    958136320     59883520
      935680         1024        2179.777   1916272640    119767040
     1029120            1         584.099      2058240       128640
     1029120            2         545.008      4116480       257280
     1029120            4         719.203      8232960       514560
     1029120            8         608.719     16465920      1029120
     1029120           16         523.172     32931840      2058240
     1029120           32         623.227     65863680      4116480
     1029120           64         685.092    131727360      8232960
     1029120          128         698.986    263454720     16465920
     1029120          256        1127.186    526909440     32931840
     1029120          512        2195.609   1053818880     65863680
     1029120         1024        3149.885   2107637760    131727360
     1131520            1         640.673      2263040       141440
     1131520            2         637.486      4526080       282880
     1131520            4         617.183      9052160       565760
     1131520            8         514.002     18104320      1131520
     1131520           16         530.643     36208640      2263040
     1131520           32         830.476     72417280      4526080
     1131520           64         705.648    144834560      9052160
     1131520          128        1034.599    289669120     18104320
     1131520          256        1889.472    579338240     36208640
     1131520          512        2893.496   1158676480     72417280
     1244160            1         544.698      2488320       155520
     1244160            2         553.665      4976640       311040
     1244160            4         606.248      9953280       622080
     1244160            8         584.411     19906560      1244160
     1244160           16         608.470     39813120      2488320
     1244160           32         620.498     79626240      4976640
     1244160           64         659.134    159252480      9953280
     1244160          128         902.967    318504960     19906560
     1244160          256        1529.340    637009920     39813120
     1244160          512        2289.431   1274019840     79626240
     1368320            1         658.786      2736640       171040
     1368320            2         622.259      5473280       342080
     1368320            4         692.001     10946560       684160
     1368320            8         528.730     21893120      1368320
     1368320           16         667.668     43786240      2736640
     1368320           32         655.469     87572480      5473280
     1368320           64         626.724    175144960     10946560
     1368320          128        1238.015    350289920     21893120
     1368320          256        1802.270    700579840     43786240
     1368320          512        3733.997   1401159680     87572480
     1504000            1         597.039      3008000       188000
     1504000            2         665.300      6016000       376000
     1504000            4         599.457     12032000       752000
     1504000            8         576.649     24064000      1504000
     1504000           16         622.335     48128000      3008000
     1504000           32         741.016     96256000      6016000
     1504000           64         736.407    192512000     12032000
     1504000          128        1097.319    385024000     24064000
     1504000          256        1807.722    770048000     48128000
     1504000          512        3214.515   1540096000     96256000
     1653760            1         679.232      3307520       206720
     1653760            2         648.638      6615040       413440
     1653760            4         569.420     13230080       826880
     1653760            8         602.487     26460160      1653760
     1653760           16         609.656     52920320      3307520
     1653760           32         671.221    105840640      6615040
     1653760           64         830.625    211681280     13230080
     1653760          128        1164.105    423362560     26460160
     1653760          256        1669.766    846725120     52920320
     1653760          512        2967.011   1693450240    105840640
     1818880            1         594.143      3637760       227360
     1818880            2         577.609      7275520       454720
     1818880            4         680.912     14551040       909440
     1818880            8         612.728     29102080      1818880
     1818880           16         570.525     58204160      3637760
     1818880           32         582.625    116408320      7275520
     1818880           64         776.078    232816640     14551040
     1818880          128         876.819    465633280     29102080
     1818880          256        1834.684    931266560     58204160
     1818880          512        4483.103   1862533120    116408320
     2000640            1         575.904      4001280       250080
     2000640            2         611.971      8002560       500160
     2000640            4         702.028     16005120      1000320
     2000640            8         551.702     32010240      2000640
     2000640           16         653.012     64020480      4001280
     2000640           32         662.697    128040960      8002560
     2000640           64         750.879    256081920     16005120
     2000640          128        1091.034    512163840     32010240
     2000640          256        1871.349   1024327680     64020480
     2000640          512        1709.839   2048655360    128040960
     2200320            1         540.713      4400640       275040
     2200320            2         517.986      8801280       550080
     2200320            4         854.650     17602560      1100160
     2200320            8         713.039     35205120      2200320
     2200320           16         666.073     70410240      4400640
     2200320           32         788.156    140820480      8801280
     2200320           64         954.903    281640960     17602560
     2200320          128        1406.129    563281920     35205120
     2200320          256        2818.896   1126563840     70410240
     2419200            1         595.479      4838400       302400
     2419200            2         646.422      9676800       604800
     2419200            4         644.356     19353600      1209600
     2419200            8         680.611     38707200      2419200
     2419200           16         708.154     77414400      4838400
     2419200           32         677.422    154828800      9676800
     2419200           64         779.372    309657600     19353600
     2419200          128        1134.433    619315200     38707200
     2419200          256        1968.452   1238630400     77414400
     2661120            1         645.414      5322240       332640
     2661120            2         626.713     10644480       665280
     2661120            4         563.100     21288960      1330560
     2661120            8         569.368     42577920      2661120
     2661120           16         562.881     85155840      5322240
     2661120           32         909.955    170311680     10644480
     2661120           64        1114.888    340623360     21288960
     2661120          128        1692.318    681246720     42577920
     2661120          256        3480.543   1362493440     85155840
     2926080            1         585.605      5852160       365760
     2926080            2         563.540     11704320       731520
     2926080            4         636.180     23408640      1463040
     2926080            8         630.949     46817280      2926080
     2926080           16         769.793     93634560      5852160
     2926080           32         719.832    187269120     11704320
     2926080           64        1066.025    374538240     23408640
     2926080          128        1614.884    749076480     46817280
     2926080          256        3174.965   1498152960     93634560
     3217920            1         685.164      6435840       402240
     3217920            2         585.719     12871680       804480
     3217920            4         531.777     25743360      1608960
     3217920            8         680.301     51486720      3217920
     3217920           16         610.523    102973440      6435840
     3217920           32         744.668    205946880     12871680
     3217920           64        1013.823    411893760     25743360
     3217920          128        1707.706    823787520     51486720
     3217920          256        2903.424   1647575040    102973440
     3539200            1         515.301      7078400       442400
     3539200            2          11.783     14156800       884800
     3539200            4         643.551     28313600      1769600
     3539200            8         640.722     56627200      3539200
     3539200           16         669.957    113254400      7078400
     3539200           32         898.915    226508800     14156800
     3539200           64        1342.556    453017600     28313600
     3539200          128        2067.627    906035200     56627200
     3539200          256        2576.659   1812070400    113254400
     3892480            1         533.173      7784960       486560
     3892480            2         537.132     15569920       973120
     3892480            4         579.340     31139840      1946240
     3892480            8         678.901     62279680      3892480
     3892480           16         659.153    124559360      7784960
     3892480           32         685.174    249118720     15569920
     3892480           64        1021.467    498237440     31139840
     3892480          128        2495.809    996474880     62279680
     3892480          256        3057.789   1992949760    124559360
     4281600            1         804.602      8563200       535200
     4281600            2         656.510     17126400      1070400
     4281600            4          28.871     34252800      2140800
     4281600            8         726.635     68505600      4281600
     4281600           16         844.862    137011200      8563200
     4281600           32         872.339    274022400     17126400
     4281600           64        1860.607    548044800     34252800
     4281600          128        3233.126   1096089600     68505600
     4709120            1         705.167      9418240       588640
     4709120            2         665.324     18836480      1177280
     4709120            4         585.619     37672960      2354560
     4709120            8         660.632     75345920      4709120
     4709120           16         805.358    150691840      9418240
     4709120           32         954.522    301383680     18836480
     4709120           64        1366.848    602767360     37672960
     4709120          128        2545.720   1205534720     75345920
     5178880            1         532.529     10357760       647360
     5178880            2         559.176     20715520      1294720
     5178880            4         672.789     41431040      2589440
     5178880            8         629.078     82862080      5178880
     5178880           16         679.649    165724160     10357760
     5178880           32         942.297    331448320     20715520
     5178880           64        1432.022    662896640     41431040
     5178880          128        3067.288   1325793280     82862080
     5696000            1         634.936     11392000       712000
     5696000            2         571.780     22784000      1424000
     5696000            4         593.939     45568000      2848000
     5696000            8         680.175     91136000      5696000
     5696000           16         680.756    182272000     11392000
     5696000           32         865.472    364544000     22784000
     5696000           64        1095.211    729088000     45568000
     5696000          128        1835.139   1458176000     91136000
     6265600            1         562.420     12531200       783200
     6265600            2          17.061     25062400      1566400
     6265600            4         674.855     50124800      3132800
     6265600            8         744.599    100249600      6265600
     6265600           16         875.132    200499200     12531200
     6265600           32        1143.268    400998400     25062400
     6265600           64        1995.701    801996800     50124800
     6265600          128        3438.168   1603993600    100249600
     6891520            1         669.907     13783040       861440
     6891520            2         619.886     27566080      1722880
     6891520            4         630.628     55132160      3445760
     6891520            8         796.229    110264320      6891520
     6891520           16         744.812    220528640     13783040
     6891520           32        1543.118    441057280     27566080
     6891520           64        2244.268    882114560     55132160
     6891520          128        3512.188   1764229120    110264320
     7580160            1         780.296     15160320       947520
     7580160            2         208.007     30320640      1895040
     7580160            4         669.357     60641280      3790080
     7580160            8         664.089    121282560      7580160
     7580160           16         897.027    242565120     15160320
     7580160           32        1451.519    485130240     30320640
     7580160           64        2424.086    970260480     60641280
     7580160          128        4764.187   1940520960    121282560
     8337920            1         537.464     16675840      1042240
     8337920            2         587.496     33351680      2084480
     8337920            4         664.672     66703360      4168960
     8337920            8         803.753    133406720      8337920
     8337920           16         819.843    266813440     16675840
     8337920           32        1164.170    533626880     33351680
     8337920           64        2648.759   1067253760     66703360
     8337920          128        4427.282   2134507520    133406720
     9171200            1         597.857     18342400      1146400
     9171200            2         617.042     36684800      2292800
     9171200            4         692.489     73369600      4585600
     9171200            8         697.744    146739200      9171200
     9171200           16         929.950    293478400     18342400
     9171200           32        1606.736    586956800     36684800
     9171200           64        2882.099   1173913600     73369600
    10087680            1         565.157     20175360      1260960
    10087680            2         543.380     40350720      2521920
    10087680            4         717.128     80701440      5043840
    10087680            8         717.687    161402880     10087680
    10087680           16         824.108    322805760     20175360
    10087680           32        1240.021    645611520     40350720
    10087680           64        2282.983   1291223040     80701440
    11096320            1         582.134     22192640      1387040
    11096320            2         693.025     44385280      2774080
    11096320            4         676.176     88770560      5548160
    11096320            8         723.974    177541120     11096320
    11096320           16         938.546    355082240     22192640
    11096320           32        1575.309    710164480     44385280
    11096320           64        2628.197   1420328960     88770560
    12204800            1         661.236     24409600      1525600
    12204800            2         626.270     48819200      3051200
    12204800            4         595.027     97638400      6102400
    12204800            8         743.302    195276800     12204800
    12204800           16         898.394    390553600     24409600
    12204800           32        1410.519    781107200     48819200
    12204800           64        3546.237   1562214400     97638400
    13424640            1         595.281     26849280      1678080
    13424640            2         662.894     53698560      3356160
    13424640            4         614.592    107397120      6712320
    13424640            8         815.205    214794240     13424640
    13424640           16         936.625    429588480     26849280
    13424640           32        1630.700    859176960     53698560
    13424640           64        2354.297   1718353920    107397120
    14766080            1         667.577     29532160      1845760
    14766080            2         605.795     59064320      3691520
    14766080            4         690.577    118128640      7383040
    14766080            8         794.402    236257280     14766080
    14766080           16         893.187    472514560     29532160
    14766080           32        1710.084    945029120     59064320
    14766080           64        3351.628   1890058240    118128640
    16241920            1         636.686     32483840      2030240
    16241920            2         721.394     64967680      4060480
    16241920            4         746.053    129935360      8120960
    16241920            8         833.359    259870720     16241920
    16241920           16        1155.175    519741440     32483840
    16241920           32        1665.654   1039482880     64967680
    16241920           64        3151.254   2078965760    129935360
    17864960            1         719.594     35729920      2233120
    17864960            2         624.841     71459840      4466240
    17864960            4         736.673    142919680      8932480
    17864960            8         881.499    285839360     17864960
    17864960           16        1281.663    571678720     35729920
    17864960           32        1749.532   1143357440     71459840
    19650560            1         884.299     39301120      2456320
    19650560            2         602.012     78602240      4912640
    19650560            4         873.544    157204480      9825280
    19650560            8         946.729    314408960     19650560
    19650560           16        1647.013    628817920     39301120
    19650560           32        2980.127   1257635840     78602240
    21615360            1         587.047     43230720      2701920
    21615360            2         726.059     86461440      5403840
    21615360            4         808.234    172922880     10807680
    21615360            8        1093.178    345845760     21615360
    21615360           16        1499.480    691691520     43230720
    21615360           32        3817.638   1383383040     86461440
    23776000            1         600.804     47552000      2972000
    23776000            2         582.585     95104000      5944000
    23776000            4         656.818    190208000     11888000
    23776000            8         876.885    380416000     23776000
    23776000           16        1435.290    760832000     47552000
    23776000           32        2941.720   1521664000     95104000
    26152960            1         576.766     52305920      3269120
    26152960            2         557.094    104611840      6538240
    26152960            4         681.156    209223680     13076480
    26152960            8         999.149    418447360     26152960
    26152960           16        1804.901    836894720     52305920
    26152960           32        3582.998   1673789440    104611840
    28768000            1         651.126     57536000      3596000
    28768000            2         637.622    115072000      7192000
    28768000            4         919.041    230144000     14384000
    28768000            8        1035.547    460288000     28768000
    28768000           16        1670.605    920576000     57536000
    28768000           32        2262.412   1841152000    115072000
    31644160            1         847.405     63288320      3955520
    31644160            2         749.521    126576640      7911040
    31644160            4         898.143    253153280     15822080
    31644160            8        1512.390    506306560     31644160
    31644160           16        2208.088   1012613120     63288320
    31644160           32        3415.301   2025226240    126576640
    34808320            1         604.712     69616640      4351040
    34808320            2         708.554    139233280      8702080
    34808320            4         858.308    278466560     17404160
    34808320            8        1269.848    556933120     34808320
    34808320           16        1635.873   1113866240     69616640
    38288640            1         604.225     76577280      4786080
    38288640            2         740.879    153154560      9572160
    38288640            4         816.959    306309120     19144320
    38288640            8        1104.633    612618240     38288640
    38288640           16        3219.787   1225236480     76577280
    42117120            1         686.936     84234240      5264640
    42117120            2         751.677    168468480     10529280
    42117120            4        1036.794    336936960     21058560
    42117120            8        1567.491    673873920     42117120
    42117120           16        3216.214   1347747840     84234240
    46328320            1         694.495     92656640      5791040
    46328320            2         936.089    185313280     11582080
    46328320            4        1085.713    370626560     23164160
    46328320            8        1902.499    741253120     46328320
    46328320           16        3535.661   1482506240     92656640
    50960640            1         658.494    101921280      6370080
    50960640            2         778.714    203842560     12740160
    50960640            4        1060.990    407685120     25480320
    50960640            8        1759.966    815370240     50960640
    50960640           16        4082.559   1630740480    101921280
    56056320            1         624.803    112112640      7007040
    56056320            2         733.881    224225280     14014080
    56056320            4        1285.315    448450560     28028160
    56056320            8        2172.856    896901120     56056320
    56056320           16        3808.570   1793802240    112112640
    61661440            1         589.527    123322880      7707680
    61661440            2         786.169    246645760     15415360
    61661440            4         894.785    493291520     30830720
    61661440            8        1533.296    986583040     61661440
    61661440           16        3381.649   1973166080    123322880
    67827200            1         726.339    135654400      8478400
    67827200            2         674.432    271308800     16956800
    67827200            4        1088.514    542617600     33913600
    67827200            8        2304.062   1085235200     67827200
    74609920            1         965.585    149219840      9326240
    74609920            2         797.728    298439680     18652480
    74609920            4        1064.648    596879360     37304960
    74609920            8        2341.812   1193758720     74609920
    82069760            1        1010.043    164139520     10258720
    82069760            2         869.664    328279040     20517440
    82069760            4        1499.198    656558080     41034880
    82069760            8        1314.879   1313116160     82069760
    90275840            1         723.352    180551680     11284480
    90275840            2        1013.904    361103360     22568960
    90275840            4        1710.564    722206720     45137920
    90275840            8        1596.135   1444413440     90275840
    99302400            1         755.673    198604800     12412800
    99302400            2        1835.928    397209600     24825600
    99302400            4        2905.650    794419200     49651200
    99302400            8        3408.167   1588838400     99302400
   109232640            1        1003.273    218465280     13654080
   109232640            2        2156.257    436930560     27308160
   109232640            4        3769.290    873861120     54616320
   109232640            8        3647.056   1747722240    109232640
   120154880            1        1938.307    240309760     15019360
   120154880            2        4532.994    480619520     30038720
   120154880            4        5660.260    961239040     60077440
   120154880            8        3576.201   1922478080    120154880
   132170240            1        2427.781    264340480     16521280
   132170240            2        6332.222    528680960     33042560
   132170240            4        6051.920   1057361920     66085120
   132170240            8        8854.124   2114723840    132170240
   145386240            1        3672.030    290772480     18173280
   145386240            2        7872.307    581544960     36346560
   145386240            4       10324.912   1163089920     72693120
   159924480            1        6473.783    319848960     19990560
   159924480            2       11998.271    639697920     39981120
   159924480            4       14612.711   1279395840     79962240
   175916800            1        6350.658    351833600     21989600
   175916800            2       11595.602    703667200     43979200
   175916800            4       16461.631   1407334400     87958400
   193507840            1        7538.189    387015680     24188480
   193507840            2       12189.650    774031360     48376960
   193507840            4        6257.172   1548062720     96753920
   212857600            1        2833.704    425715200     26607200
   212857600            2        4127.416    851430400     53214400
   212857600            4       10894.491   1702860800    106428800
   234142720            1        3599.016    468285440     29267840
   234142720            2        5352.161    936570880     58535680
   234142720            4       18242.269   1873141760    117071360
   257556480            1        8878.869    515112960     32194560
   257556480            2       19045.035   1030225920     64389120
   257556480            4       27979.999   2060451840    128778240
   283311360            1       10210.422    566622720     35413920
   283311360            2       20067.008   1133245440     70827840
   311641600            1        4088.210    623283200     38955200
   311641600            2        5191.383   1246566400     77910400
   342805760            1        8082.849    685611520     42850720
   342805760            2       16378.723   1371223040     85701440
   377085440            1        5430.069    754170880     47135680
   377085440            2       13183.036   1508341760     94271360
   414792960            1        6690.905    829585920     51849120
   414792960            2       20740.185   1659171840    103698240
   456271360            1       17118.821    912542720     57033920
   456271360            2       35895.292   1825085440    114067840
   501898240            1       19379.972   1003796480     62737280
   501898240            2       25746.337   2007592960    125474560
   552087040            1       22028.909   1104174080     69010880
   607294720            1       12392.274   1214589440     75911840
   668023040            1       18149.534   1336046080     83502880
   734824960            1       19678.423   1469649920     91853120
   808307200            1       24660.340   1616614400    101038400
   889137920            1       26030.958   1778275840    111142240
   978050560            1       44636.241   1956101120    122256320

META_DATA
FLOPS          1
OPENMP_THREADS 160
ERT_VERSION  1.1.0
TIMESTAMP_DATA  1634056402.45
HOSTNAME  ('pmemMachine1', ['pmemMachine1.local'], ['fe80::5210:541c:37bc:6d9c'])
UNAME  ('Linux', 'pmemMachine1', '5.9.13-derrick-pmo', '#95 SMP Sat Sep 18 09:17:02 EDT 2021', 'x86_64', 'x86_64')
CONFIG  {'ERT_WORKING_SET_MIN': ['1'], 'ERT_CFLAGS': ['-O3'], 'ERT_CC': ['gcc'], 'ERT_OPENMP_LDFLAGS': ['-fopenmp'], 'ERT_MEMORY_MAX': ['1073741824'], 'ERT_LDFLAGS': [], 'ERT_LDLIBS': [], 'ERT_SPEC_GBYTES_DRAM': ['300'], 'ERT_RUN': ['export', 'KMP_AFFINITY=scatter;', 'export', 'OMP_NUM_THREADS=ERT_OPENMP_THREADS;', 'ERT_CODE'], 'ERT_FLOPS': ['1,2,4,8,16'], 'ERT_OPENMP_CFLAGS': ['-fopenmp'], 'ERT_SPEC_GFLOPS': ['1000'], 'ERT_MPI': [False], 'ERT_TRIALS_MIN': ['1'], 'ERT_DRIVER': ['driver1'], 'ERT_RESULTS': ['Results.madonna.lbl.gov.02'], 'ERT_OPENMP': ['True'], 'ERT_OPENMP_THREADS': ['1,2,4,8,16,32,48,64,80,96,112,128,144,160'], 'ERT_KERNEL': ['kernel1'], 'ERT_GPU': [False], 'ERT_LD': ['gcc'], 'ERT_NUM_EXPERIMENTS': ['3'], 'ERT_ALIGN': ['32'], 'ERT_GNUPLOT': ['gnuplot']}
