896 1048576 4615.447 8196.388 10212.22 183.999971798 229.253201776 407.12160534 11.4999982374 14.328325111 25.4451003337
1792 524288 3001.799 4894.888 5946.223 316.007016891 383.879711242 625.974021578 19.7504385557 23.9924819526 39.1233763486
2688 262144 3085.627 4144.569 4583.489 307.470170431 340.032013944 456.726021648 19.216885652 21.2520008715 28.545376353
3584 262144 3732.114 4597.924 4660.997 403.142973917 408.673173371 503.480920465 25.1964358698 25.5420733357 31.4675575291
4480 131072 2564.278 3229.88 3388.982 346.536251889 363.606425007 457.986661353 21.6585157431 22.7254015629 28.6241663345
5376 131072 3622.441 3878.687 4623.794 304.789993672 363.341033705 389.043229137 19.0493746045 22.7088146066 24.3152018211
6272 131072 5051.139 5202.694 5542.331 296.656256727 316.022270001 325.504241321 18.5410160454 19.7513918751 20.3440150825
7168 131072 2878.546 4997.09 5397.976 348.10236133 376.028486979 652.776850535 21.7563975831 23.5017804362 40.7985531584
8064 131072 4029.573 6583.812 6658.65 317.471141448 321.079826702 524.603777125 19.8419463405 20.0674891689 32.7877360703
8960 65536 3214.387 3301.776 3403.184 345.090103856 355.688914087 365.358968911 21.568131491 22.2305571305 22.8349355569
9856 65536 2167.992 3860.72 3954.139 326.707187582 334.612619408 595.871955247 20.4191992239 20.913288713 37.2419972029
10752 65536 2296.016 3668.48 3847.472 366.288862921 384.160781577 613.79630804 22.8930539326 24.0100488486 38.3622692525
11648 65536 2383.48 2424.68 4444.015 343.546692799 629.661091773 640.545192743 21.4716682999 39.3538182358 40.0340745465
12544 65536 4167.573 4247.705 4289.136 383.332952837 387.071881875 394.514305568 23.9583095523 24.1919926172 24.657144098
13440 65536 3060.582 4918.962 5024.076 350.633167173 358.125897293 575.579311386 21.9145729483 22.3828685808 35.9737069616
14336 65536 2792.187 4736.0 4738.905 396.515269245 396.758486486 672.96645676 24.7822043278 24.7974054054 42.0604035475
15232 65536 2641.326 5488.527 5542.995 360.182302889 363.756742747 755.8660703 22.5113939305 22.7347964217 47.2416293937
16128 65536 5063.962 5180.34 5190.904 407.237201073 408.06765888 417.445710691 25.4523250671 25.50422868 26.0903569182
17024 32768 3045.514 3140.33 3636.9 306.768089307 355.276312999 366.337131926 19.1730055817 22.2047695624 22.8960707454
17920 32768 1848.308 2952.42 3071.752 382.324198047 397.777118432 635.394706943 23.895262378 24.861069902 39.7121691839
19712 32768 3049.324 3247.756 3251.212 397.342785398 397.765605544 423.649842391 24.8339240874 24.8603503465 26.4781151495
21504 32768 2201.955 2479.783 3591.695 392.373557332 568.310269084 640.015869534 24.5233473332 35.5193918178 40.0009918459
23296 32768 2402.564 3817.458 3841.64 397.4153372 399.932797165 635.45722653 24.838458575 24.9957998228 39.7160766581
25088 32768 1794.614 4228.567 4407.78 373.014798379 388.823723971 916.167581441 23.3134248987 24.3014827482 57.2604738401
26880 32768 2597.086 4278.107 4477.196 393.462265221 411.772702272 678.301634986 24.5913915763 25.735793892 42.3938521866
29568 32768 4750.645 4866.284 4889.255 396.332048134 398.202909653 407.895864246 24.7707530084 24.8876818533 25.4934915154
32256 32768 2770.78 2927.374 3071.056 688.339520999 722.124749349 762.936507409 43.0212200624 45.1327968343 47.6835317131
34944 16384 1870.696 2898.464 2928.788 390.962060757 395.052342206 612.095707694 24.4351287973 24.6907713879 38.2559817309
37632 16384 1646.516 2982.125 3272.419 376.823804042 413.505596177 748.93008996 23.5514877526 25.8440997611 46.8081306225
41216 16384 1937.556 2148.233 3178.648 424.886897826 628.686873351 697.046117893 26.5554311141 39.2929295845 43.5653823683
44800 16384 3521.728 3532.07 3587.872 409.157963272 415.622113945 416.842640885 25.5723727045 25.9763821215 26.0526650553
49280 16384 3910.475 3953.888 4137.092 390.324179399 408.409909436 412.943962051 24.3952612125 25.5256193397 25.8089976282
53760 16384 2514.583 4185.494 4304.44 409.253626488 420.884053352 700.556585326 25.5783516555 26.3052533345 43.7847865829
59136 16384 4107.18 4554.245 4563.222 424.649172887 425.486210777 471.800224972 26.5405733054 26.5928881736 29.4875140607
64512 16384 2751.5 4583.451 5219.313 405.020587192 461.20907936 768.282469925 25.3137866995 28.82556746 48.0176543703
70784 8192 1135.148 2549.532 2867.4 404.451787682 454.87762303 1021.65097062 25.2782367301 28.4298514394 63.8531856639
77056 8192 3267.036 3402.435 3427.702 368.318338059 371.053526078 386.431463871 23.0198961287 23.1908453799 24.151966492
84224 8192 2099.464 3093.62 3489.288 395.474955349 446.05543538 657.275388385 24.7171847093 27.8784647112 41.0797117741
92288 8192 2160.939 3662.692 3712.168 407.321703113 412.82384432 699.717387673 25.4576064445 25.80149027 43.7323367295
101248 8192 3634.77 3994.632 4072.81 407.29796676 415.269099131 456.382998649 25.4561229225 25.9543186957 28.5239374156
111104 8192 4064.366 4279.197 4292.794 424.042694804 425.390075755 447.875003383 26.5026684253 26.5868797347 27.9921877114
121856 8192 2665.376 2816.812 4606.484 433.40836612 708.77598647 749.045802168 27.0880228825 44.2984991544 46.8153626355
133504 4096 2634.433 2754.545 2887.691 378.733309069 397.040080304 415.14237333 23.6708318168 24.815005019 25.9463983332
146048 4096 1768.959 3016.715 3187.46 375.353797695 396.598689634 676.344231834 23.4596123559 24.7874181021 42.2715144896
160384 4096 3291.42 3361.528 3600.727 364.889014913 390.853721284 399.178995084 22.8055634321 24.4283575802 24.9486871928
175616 4096 2634.08 3076.175 3473.78 414.144324626 467.673741578 546.166506712 25.8840202891 29.2296088487 34.1354066695
192640 4096 2094.725 3709.424 3819.378 413.18426194 425.431786714 753.371865042 25.8240163713 26.5894866696 47.0857415651
211456 4096 3948.852 3985.546 4189.372 413.486210344 434.632432294 438.671176332 25.8428881465 27.1645270184 27.4169485207
232064 4096 2770.06 4472.832 4556.396 417.230699 425.025641026 686.291375638 26.0769186875 26.5641025641 42.8932109774
254464 4096 4700.028 4976.019 5206.394 400.386349554 418.923056363 443.522695609 25.0241468471 26.1826910227 27.7201684756
279552 2048 1681.742 1691.046 2192.103 522.349995415 677.122320741 680.868404309 32.6468747135 42.3201450463 42.5542752693
307328 2048 1201.632 1407.904 3138.718 401.06039727 894.106052685 1047.58818673 25.0662748294 55.8816282928 65.4742616708
337792 2048 2043.65 2089.092 3564.0 388.21437486 662.295404894 677.022010618 24.2633984287 41.3934628059 42.3138756636
370944 2048 1971.1 3654.566 3778.868 402.074542958 415.750221504 770.831831972 25.1296589349 25.984388844 48.1769894982
407680 2048 2187.127 2661.146 4017.731 415.621971705 627.495552668 763.493514551 25.9763732316 39.2184720417 47.7183446595
448000 2048 3991.207 4265.134 4297.339 427.010296372 430.234548317 459.762673297 26.6881435232 26.8896592698 28.735167081
492800 2048 4539.388 4561.655 4609.864 437.867321032 442.49484014 444.665404235 27.3667075645 27.6559275088 27.7915877647
542080 1024 1982.868 3163.267 3169.48 350.271918422 350.959890518 559.885902642 21.8919949014 21.9349931574 34.9928689151
595840 1024 2036.828 3034.364 3720.379 327.998926991 402.153571556 599.108181938 20.4999329369 25.1345982222 37.4442613711
654976 1024 3201.188 3262.909 3406.224 393.805823692 411.102745434 419.029075456 24.6128639808 25.6939215896 26.189317216
720384 1024 2058.26 3533.572 3569.618 413.306530839 417.522674506 716.793034894 25.8316581774 26.0951671566 44.7995646808
792064 1024 3752.158 3813.322 3841.524 422.266546298 425.389482451 432.323764618 26.3916591436 26.5868426532 27.0202352886
870912 1024 4031.547 4114.84 4223.768 422.283557241 433.462243003 442.417706156 26.3927223276 27.0913901877 27.6511066347
957824 1024 2428.877 2552.164 2750.688 713.139240801 768.611872905 807.625726622 44.5712025501 48.0382420565 50.4766079139
1052800 512 2537.581 2625.675 2645.99 407.434344045 410.586687233 424.840507554 25.4646465028 25.6616679521 26.5525317221
1157632 512 2828.091 2917.188 3124.184 379.431931026 406.35542447 419.157363748 23.7144956891 25.3972140294 26.1973352343
1273216 512 2949.893 3157.852 3235.739 402.929032286 412.867095735 441.973042412 25.1830645179 25.8041934834 27.6233151508
1400448 512 3198.775 3480.061 3537.053 405.438864501 412.078625059 448.314980579 25.3399290313 25.7549140662 28.0196862862
1540224 512 2416.148 3675.209 3796.319 415.452277851 429.142771472 652.770184608 25.9657673657 26.821423217 40.798136538
1693440 512 3881.28 3941.478 4234.703 409.493312754 439.957437286 446.781103141 25.5933320471 27.4973398304 27.9238189463
1862784 512 2548.622 4313.485 4349.755 438.528334584 442.215706326 748.440065259 27.4080209115 27.6384816454 46.7775040787
2048256 512 3044.698 4754.479 4786.132 438.227391973 441.144896002 688.874280471 27.3892119983 27.5715560001 43.0546425294
2252544 256 1396.911 1552.218 2712.072 425.247754484 743.002933866 825.609167656 26.5779846553 46.4376833666 51.6005729785
2477440 256 1278.564 2922.656 3072.84 412.793793364 434.005671554 992.088999847 25.7996120852 27.1253544721 62.0055624904
2724736 256 2877.219 3258.506 3339.971 417.687708067 428.130202001 484.865709562 26.1054817542 26.758137625 30.3041068476
2997120 256 2060.533 2289.239 2291.259 669.730240012 670.32120281 744.722574208 41.8581400008 41.8950751756 46.545160888
3296384 256 3937.674 3972.84 4155.672 406.13133279 424.821691284 428.615626382 25.3832082994 26.5513557052 26.7884766489
3625216 256 2444.856 4233.472 4504.386 412.067392093 438.436959545 759.19014944 25.7542120058 27.4023099716 47.44938434
3987200 256 2663.115 4570.473 4645.533 439.442879859 446.659765849 766.563366584 27.4651799912 27.9162353656 47.9102104115
4385920 128 1584.896 1975.484 2650.012 423.694504025 568.364775417 708.434824746 26.4809065016 35.5227984636 44.2771765466
4824064 128 2782.129 3090.051 3117.74 396.107559963 399.656958413 443.890410545 24.7567224977 24.9785599008 27.7431506591
5306112 128 1858.434 1983.704 2910.483 466.714518518 684.761774942 730.918973717 29.1696574074 42.7976109339 45.6824358573
5836544 128 3504.132 3718.875 4020.778 371.608495669 401.776145743 426.398110573 23.2255309793 25.1110091089 26.6498819108
6419840 128 3643.176 3752.096 3765.654 436.439205514 438.016255448 451.111623485 27.2774503446 27.3760159655 28.1944764678
7061376 128 4227.168 4230.519 4390.88 411.697030208 427.302715341 427.64145073 25.731064388 26.7064197088 26.7275906706
7767424 128 4318.54 4576.779 4791.145 415.028253998 434.467240826 460.447406762 25.9392658749 27.1542025516 28.7779629227
8543360 64 1689.369 1794.774 2552.243 428.466286321 609.296813972 647.312742213 26.7791428951 38.0810508733 40.4570463883
9397248 64 1717.722 1726.664 2951.127 407.589285043 696.631043446 700.257517806 25.4743303152 43.5394402154 43.7660948628
10336256 64 3071.58 3150.835 3311.296 399.55376022 419.901634963 430.736223051 24.9721100137 26.2438521852 26.9210139407
11369344 64 3220.06 3242.698 3332.398 436.705349121 448.785558199 451.940657006 27.2940843201 28.0490973874 28.2462910629
12505472 64 2625.989 3409.103 3815.135 419.565864904 469.537123402 609.560975313 26.2228665565 29.3460702126 38.097560957
13755392 64 2347.586 3948.256 3984.408 441.895050908 445.941239879 750.000287955 27.6184406818 27.8713274924 46.8750179972
15130752 64 2677.952 4380.507 4481.46 432.16636007 442.126049793 723.215448223 27.0103975044 27.6328781121 45.2009655139
16643200 64 4749.424 4796.943 4884.802 436.113807684 444.101503812 448.544834068 27.2571129802 27.7563439882 28.0340521293
18307072 32 2280.05 2838.125 3098.212 378.170573221 412.826287778 513.871453696 23.6356608263 25.8016429861 32.116965856
20137600 32 3004.905 3077.129 3124.621 412.468072128 418.834049531 428.900880394 25.779254508 26.1771280957 26.8063050246
22150912 32 3243.666 3266.145 3409.694 415.772901615 434.046365976 437.054360097 25.985806351 27.1278978735 27.3158975061
24365824 32 3316.559 3548.919 3673.287 424.527878165 439.404995155 470.189957724 26.5329923853 27.4628121972 29.3868723578
26802048 32 3900.882 3920.94 3989.508 429.960554535 437.479551332 439.729033588 26.8725346584 27.3424719583 27.4830645992
29481984 32 2200.468 2528.069 4108.484 459.256255105 746.358970424 857.47530798 28.7035159441 46.6474356515 53.5922067487
32429824 32 2345.301 2525.162 4639.476 447.358437893 821.930924036 884.964759747 27.9599023683 51.3706827522 55.3102974842
35672448 16 2619.741 2685.006 2737.538 416.987211136 425.145543809 435.737096148 26.061700696 26.5715964881 27.2335685093
39239424 16 1960.315 2863.996 2948.619 425.847343451 438.429930768 640.5407131 26.6154589657 27.401870673 40.0337945687
43163008 16 2229.513 3224.547 3238.738 426.467425275 428.344277816 619.514780134 26.6542140797 26.7715173635 38.7196737583
47479040 16 2197.306 3166.085 3623.392 419.311319338 479.876339391 691.450931277 26.2069574586 29.9922712119 43.2156832048
52226944 16 3688.591 3767.847 3940.427 424.132259778 443.558936443 453.089596542 26.5082662361 27.7224335277 28.3180997839
57448832 16 2119.12 2302.149 4274.929 430.033486872 798.541981427 867.512280569 26.8770929295 49.9088738392 54.2195175356
63193088 16 2240.599 2825.658 4388.173 460.824770582 715.648820912 902.517057269 28.8015481614 44.728051307 56.4073160793
69511680 8 1921.613 2662.948 2862.62 388.520613983 417.652496406 578.777766387 24.2825383739 26.1032810254 36.1736103992
76462848 8 1940.328 2489.4 3256.784 375.648359854 491.445958062 630.514824298 23.4780224909 30.7153723789 39.4071765186
84108416 8 2857.656 3091.51 3152.628 426.861226888 435.300114184 470.92255191 26.6788266805 27.2062571365 29.4326594944
92519168 8 3818.516 4859.58 5434.853 272.372902818 304.616178353 387.66544071 17.0233064261 19.0385111471 24.2290900444
101770368 8 4769.512 5881.285 7472.58 217.906785608 276.865665922 341.403038298 13.6191741005 17.3041041201 21.3376898936
111947136 8 4798.634 5149.249 9162.577 195.485852506 347.847652347 373.263344527 12.2178657816 21.7404782717 23.3289590329
123141760 8 6075.437 8334.355 15383.455 128.077090615 236.403196168 324.300648661 8.00481816341 14.7751997605 20.2687905413
135455488 4 7174.366 10095.802 11329.137 95.6510547979 107.336089198 151.043855861 5.97819092487 6.70850557489 9.44024099133
149000320 4 7564.7 15533.134 15559.544 76.6090934284 76.7393469985 157.574333417 4.78806833928 4.79620918741 9.84839583857
163899904 4 9742.391 10352.434 10790.877 121.509978475 126.656130529 134.587005592 7.59437365471 7.91600815808 8.41168784952
180289536 4 17316.681 21911.006 24976.468 57.7470076233 65.8261098555 83.2905732917 3.60918797646 4.11413186597 5.20566083073
198317952 4 17986.032 18685.809 27492.197 57.7088697568 84.9063380665 88.2097627759 3.6068043598 5.30664612916 5.51311017349
218149120 4 23790.041 25035.679 32222.127 54.1613208836 69.7082335973 73.3581316653 3.38508255523 4.35676459983 4.58488322908
239964032 4 29904.542 30070.783 32280.205 59.4702622242 63.8397828218 64.194671699 3.71689138901 3.98998642636 4.01216698119
263959808 4 20578.458 31653.679 36144.845 58.4226731087 66.7119440998 102.615971712 3.65141706929 4.16949650624 6.41349823199
290355072 2 23879.028 26041.516 26922.139 43.1399707133 44.59879709 48.6376701765 2.69624816958 2.78742481813 3.03985438603
319389952 2 18657.916 27555.811 29836.287 42.818994468 46.3626277593 68.4728030719 2.67618715425 2.89766423496 4.27955019199
351328768 2 20700.384 24112.279 31339.757 44.8412880802 58.2821338456 67.8883576266 2.80258050501 3.64263336535 4.24302235166
386460928 2 16988.577 24231.782 37575.154 41.1400499383 63.7940582331 90.9931250863 2.57125312114 3.98712863957 5.6870703179
425106304 2 34857.937 39014.831 41365.179 41.1076479568 43.5840723237 48.7815792426 2.5692279973 2.72400452023 3.04884870266
467616128 2 33956.506 37421.386 44048.936 42.4633301472 49.9838384393 55.0841276779 2.6539581342 3.12398990246 3.44275797987
514377472 2 32786.528 33162.747 37752.582 54.499845547 62.042806285 62.7547353596 3.40624034669 3.87767539281 3.92217095997
565815040 1 11888.983 13979.411 16299.896 69.4256012431 80.9497681984 95.183085046 4.33910007769 5.0593605124 5.94894281538
622396544 1 11814.524 14768.133 30232.399 41.1741419528 84.2891303864 105.361256027 2.57338387205 5.26807064915 6.58507850168
684635392 1 17805.011 20342.868 33322.048 41.0920356396 67.3096234022 76.9036752631 2.56825222747 4.20685146264 4.80647970394
753098752 1 21214.613 35320.867 36392.223 41.3878949906 42.6432766783 70.9981136116 2.58674343692 2.6652047924 4.43738210072
828408448 1 27945.057 32772.996 36307.975 45.6323134518 50.5543312549 59.2883706052 2.85201959074 3.15964570343 3.70552316283
911249024 1 19940.053 27533.014 38535.876 47.2935414262 66.1931907636 91.3988567633 2.95584633914 4.13707442273 5.71242854771
1002373120 1 32248.234 44136.194 47585.111 42.129695568 45.4218195615 62.1660783037 2.633105973 2.83886372259 3.88537989398

META_DATA
ERT_VERSION  1.1.0
CONFIG  {'ERT_WORKING_SET_MIN': ['1'], 'ERT_CFLAGS': ['-O3'], 'ERT_CC': ['gcc'], 'ERT_OPENMP_LDFLAGS': ['-fopenmp'], 'ERT_MEMORY_MAX': ['1073741824'], 'ERT_LDFLAGS': [], 'ERT_LDLIBS': [], 'ERT_SPEC_GBYTES_DRAM': ['300'], 'ERT_RUN': ['export', 'KMP_AFFINITY=scatter;', 'export', 'OMP_NUM_THREADS=ERT_OPENMP_THREADS;', 'ERT_CODE'], 'ERT_FLOPS': ['1,2,4,8,16'], 'ERT_OPENMP_CFLAGS': ['-fopenmp'], 'ERT_SPEC_GFLOPS': ['1000'], 'ERT_MPI': [False], 'ERT_TRIALS_MIN': ['1'], 'ERT_DRIVER': ['driver1'], 'ERT_RESULTS': ['Results.madonna.lbl.gov.02'], 'ERT_OPENMP': ['True'], 'ERT_OPENMP_THREADS': ['1,2,4,8,16,32,48,64,80,96,112,128,144,160'], 'ERT_KERNEL': ['kernel1'], 'ERT_GPU': [False], 'ERT_LD': ['gcc'], 'ERT_NUM_EXPERIMENTS': ['3'], 'ERT_ALIGN': ['32'], 'ERT_GNUPLOT': ['gnuplot']}
OPENMP_THREADS 112
UNAME  ('Linux', 'pmemMachine0', '5.9.13-derrick-pmo', '#120 SMP Tue Sep 28 02:02:07 EDT 2021', 'x86_64', 'x86_64')
TIMESTAMP_DATA  1634099623.58
FLOPS          1
TIMESTAMP_DATA  1634099620.57
TIMESTAMP_DATA  1634099617.41
HOSTNAME  ('pmemMachine0', ['pmemMachine0.local'], ['fe80::f035:4ef3:770d:269e'])
