         896            1         228.827         1792          112
         896            2         177.856         3584          224
         896            4         147.620         7168          448
         896            8         249.366        14336          896
         896           16         170.903        28672         1792
         896           32         192.237        57344         3584
         896           64         255.342       114688         7168
         896          128         209.602       229376        14336
         896          256         234.510       458752        28672
         896          512         214.699       917504        57344
         896         1024         220.804      1835008       114688
         896         2048         238.481      3670016       229376
         896         4096         240.311      7340032       458752
         896         8192         320.713     14680064       917504
         896        16384         412.354     29360128      1835008
         896        32768         584.773     58720256      3670016
         896        65536         681.052    117440512      7340032
         896       131072         830.183    234881024     14680064
         896       262144        3663.061    469762048     29360128
         896       524288        4101.783    939524096     58720256
         896      1048576        8196.388   1879048192    117440512
        1792            1         341.901         3584          224
        1792            2         185.952         7168          448
        1792            4         266.539        14336          896
        1792            8         244.747        28672         1792
        1792           16         267.661        57344         3584
        1792           32         288.288       114688         7168
        1792           64         283.157       229376        14336
        1792          128         255.094       458752        28672
        1792          256         270.188       917504        57344
        1792          512         237.692      1835008       114688
        1792         1024         219.586      3670016       229376
        1792         2048         317.696      7340032       458752
        1792         4096         251.628     14680064       917504
        1792         8192         335.087     29360128      1835008
        1792        16384         398.652     58720256      3670016
        1792        32768         831.554    117440512      7340032
        1792        65536         894.717    234881024     14680064
        1792       131072        1354.765    469762048     29360128
        1792       262144        2744.292    939524096     58720256
        1792       524288        3001.799   1879048192    117440512
        2688            1         240.361         5376          336
        2688            2         306.616        10752          672
        2688            4         267.382        21504         1344
        2688            8         205.220        43008         2688
        2688           16         285.599        86016         5376
        2688           32         209.344       172032        10752
        2688           64         213.675       344064        21504
        2688          128         289.308       688128        43008
        2688          256         261.809      1376256        86016
        2688          512           6.750      2752512       172032
        2688         1024         221.006      5505024       344064
        2688         2048         312.206     11010048       688128
        2688         4096         332.173     22020096      1376256
        2688         8192         364.120     44040192      2752512
        2688        16384         476.714     88080384      5505024
        2688        32768         670.726    176160768     11010048
        2688        65536        1401.545    352321536     22020096
        2688       131072        2273.046    704643072     44040192
        2688       262144        4583.489   1409286144     88080384
        3584            1         260.986         7168          448
        3584            2         335.325        14336          896
        3584            4         268.255        28672         1792
        3584            8         400.603        57344         3584
        3584           16         388.970       114688         7168
        3584           32         374.336       229376        14336
        3584           64         238.325       458752        28672
        3584          128         246.377       917504        57344
        3584          256         301.151      1835008       114688
        3584          512         245.675      3670016       229376
        3584         1024         301.794      7340032       458752
        3584         2048         308.877     14680064       917504
        3584         4096         290.033     29360128      1835008
        3584         8192         485.920     58720256      3670016
        3584        16384         574.549    117440512      7340032
        3584        32768         799.545    234881024     14680064
        3584        65536        1544.542    469762048     29360128
        3584       131072        2327.337    939524096     58720256
        3584       262144        4597.924   1879048192    117440512
        4480            1         312.318         8960          560
        4480            2         295.371        17920         1120
        4480            4           6.702        35840         2240
        4480            8         407.547        71680         4480
        4480           16         381.720       143360         8960
        4480           32         297.861       286720        17920
        4480           64         367.506       573440        35840
        4480          128         289.100      1146880        71680
        4480          256         289.264      2293760       143360
        4480          512         261.915      4587520       286720
        4480         1024         327.894      9175040       573440
        4480         2048         337.543     18350080      1146880
        4480         4096         290.763     36700160      2293760
        4480         8192         405.987     73400320      4587520
        4480        16384         639.238    146800640      9175040
        4480        32768         944.901    293601280     18350080
        4480        65536        1829.716    587202560     36700160
        4480       131072        3388.982   1174405120     73400320
        5376            1         351.187        10752          672
        5376            2         262.487        21504         1344
        5376            4           3.898        43008         2688
        5376            8         347.160        86016         5376
        5376           16         350.964       172032        10752
        5376           32         352.587       344064        21504
        5376           64         297.356       688128        43008
        5376          128         303.227      1376256        86016
        5376          256         284.209      2752512       172032
        5376          512         305.504      5505024       344064
        5376         1024         340.876     11010048       688128
        5376         2048         351.094     22020096      1376256
        5376         4096         316.208     44040192      2752512
        5376         8192         522.238     88080384      5505024
        5376        16384         744.373    176160768     11010048
        5376        32768        1090.932    352321536     22020096
        5376        65536        2145.522    704643072     44040192
        5376       131072        3622.441   1409286144     88080384
        6272            1         350.133        12544          784
        6272            2         376.098        25088         1568
        6272            4           6.993        50176         3136
        6272            8         266.518       100352         6272
        6272           16         324.100       200704        12544
        6272           32         340.167       401408        25088
        6272           64         343.754       802816        50176
        6272          128         356.649      1605632       100352
        6272          256         362.098      3211264       200704
        6272          512         316.042      6422528       401408
        6272         1024         313.914     12845056       802816
        6272         2048         323.700     25690112      1605632
        6272         4096         360.045     51380224      3211264
        6272         8192         450.588    102760448      6422528
        6272        16384         570.175    205520896     12845056
        6272        32768        1651.451    411041792     25690112
        6272        65536        2997.770    822083584     51380224
        6272       131072        5051.139   1644167168    102760448
        7168            1         381.280        14336          896
        7168            2         399.020        28672         1792
        7168            4         378.930        57344         3584
        7168            8         400.446       114688         7168
        7168           16         410.698       229376        14336
        7168           32         371.112       458752        28672
        7168           64         353.676       917504        57344
        7168          128         315.202      1835008       114688
        7168          256         455.952      3670016       229376
        7168          512         396.838      7340032       458752
        7168         1024         346.000     14680064       917504
        7168         2048         389.974     29360128      1835008
        7168         4096         499.240     58720256      3670016
        7168         8192         582.528    117440512      7340032
        7168        16384         732.006    234881024     14680064
        7168        32768        1327.328    469762048     29360128
        7168        65536        2716.459    939524096     58720256
        7168       131072        2878.546   1879048192    117440512
        8064            1         305.956        16128         1008
        8064            2         464.876        32256         2016
        8064            4         442.978        64512         4032
        8064            8         376.533       129024         8064
        8064           16         302.633       258048        16128
        8064           32         352.733       516096        32256
        8064           64         337.176      1032192        64512
        8064          128         333.705      2064384       129024
        8064          256         353.696      4128768       258048
        8064          512         415.327      8257536       516096
        8064         1024         481.113     16515072      1032192
        8064         2048         353.856     33030144      2064384
        8064         4096         418.634     66060288      4128768
        8064         8192         570.009    132120576      8257536
        8064        16384        1049.827    264241152     16515072
        8064        32768        1068.626    528482304     33030144
        8064        65536         891.989   1056964608     66060288
        8064       131072        6658.650   2113929216    132120576
        8960            1         436.408        17920         1120
        8960            2         440.493        35840         2240
        8960            4         355.152        71680         4480
        8960            8         370.280       143360         8960
        8960           16         398.418       286720        17920
        8960           32         332.875       573440        35840
        8960           64         349.959      1146880        71680
        8960          128         395.985      2293760       143360
        8960          256         338.711      4587520       286720
        8960          512         408.659      9175040       573440
        8960         1024         394.988     18350080      1146880
        8960         2048         468.850     36700160      2293760
        8960         4096         471.667     73400320      4587520
        8960         8192         649.052    146800640      9175040
        8960        16384        1109.696    293601280     18350080
        8960        32768        2062.785    587202560     36700160
        8960        65536        3214.387   1174405120     73400320
        9856            1         381.122        19712         1232
        9856            2         428.073        39424         2464
        9856            4         408.229        78848         4928
        9856            8         429.368       157696         9856
        9856           16         424.307       315392        19712
        9856           32         427.936       630784        39424
        9856           64         369.650      1261568        78848
        9856          128         419.040      2523136       157696
        9856          256         513.590      5046272       315392
        9856          512         418.274     10092544       630784
        9856         1024         486.590     20185088      1261568
        9856         2048         461.204     40370176      2523136
        9856         4096         528.210     80740352      5046272
        9856         8192         731.702    161480704     10092544
        9856        16384        1113.915    322961408     20185088
        9856        32768        2378.785    645922816     40370176
        9856        65536        3860.720   1291845632     80740352
       10752            1         359.453        21504         1344
       10752            2         404.062        43008         2688
       10752            4         434.660        86016         5376
       10752            8         396.917       172032        10752
       10752           16         468.093       344064        21504
       10752           32         433.794       688128        43008
       10752           64         472.742      1376256        86016
       10752          128         439.438      2752512       172032
       10752          256         392.568      5505024       344064
       10752          512         412.640     11010048       688128
       10752         1024         483.436     22020096      1376256
       10752         2048         463.760     44040192      2752512
       10752         4096         509.026     88080384      5505024
       10752         8192         618.451    176160768     11010048
       10752        16384         945.945    352321536     22020096
       10752        32768        1827.904    704643072     44040192
       10752        65536        2296.016   1409286144     88080384
       11648            1         388.048        23296         1456
       11648            2           7.560        46592         2912
       11648            4         475.868        93184         5824
       11648            8         399.324       186368        11648
       11648           16         426.580       372736        23296
       11648           32         427.352       745472        46592
       11648           64         443.978      1490944        93184
       11648          128         397.760      2981888       186368
       11648          256         407.331      5963776       372736
       11648          512         427.973     11927552       745472
       11648         1024         403.969     23855104      1490944
       11648         2048         448.691     47710208      2981888
       11648         4096         471.733     95420416      5963776
       11648         8192         733.231    190840832     11927552
       11648        16384        1564.195    381681664     23855104
       11648        32768        1340.898    763363328     47710208
       11648        65536        2383.480   1526726656     95420416
       12544            1         429.454        25088         1568
       12544            2         432.559        50176         3136
       12544            4         433.994       100352         6272
       12544            8         410.820       200704        12544
       12544           16         399.975       401408        25088
       12544           32         371.127       802816        50176
       12544           64           9.186      1605632       100352
       12544          128         456.815      3211264       200704
       12544          256         435.275      6422528       401408
       12544          512         399.493     12845056       802816
       12544         1024         430.982     25690112      1605632
       12544         2048         521.828     51380224      3211264
       12544         4096         554.412    102760448      6422528
       12544         8192         758.788    205520896     12845056
       12544        16384        1621.184    411041792     25690112
       12544        32768        2304.690    822083584     51380224
       12544        65536        4289.136   1644167168    102760448
       13440            1         414.098        26880         1680
       13440            2         400.169        53760         3360
       13440            4         397.280       107520         6720
       13440            8         457.951       215040        13440
       13440           16         438.925       430080        26880
       13440           32         475.847       860160        53760
       13440           64         408.484      1720320       107520
       13440          128         386.025      3440640       215040
       13440          256         432.084      6881280       430080
       13440          512         384.432     13762560       860160
       13440         1024         496.960     27525120      1720320
       13440         2048         490.616     55050240      3440640
       13440         4096         500.190    110100480      6881280
       13440         8192         768.948    220200960     13762560
       13440        16384        1285.982    440401920     27525120
       13440        32768        1767.838    880803840     55050240
       13440        65536        3060.582   1761607680    110100480
       14336            1         445.644        28672         1792
       14336            2           8.120        57344         3584
       14336            4         460.715       114688         7168
       14336            8         459.958       229376        14336
       14336           16         445.608       458752        28672
       14336           32         392.568       917504        57344
       14336           64         433.302      1835008       114688
       14336          128         433.592      3670016       229376
       14336          256         444.148      7340032       458752
       14336          512         490.044     14680064       917504
       14336         1024         447.216     29360128      1835008
       14336         2048         412.132     58720256      3670016
       14336         4096         531.200    117440512      7340032
       14336         8192         807.400    234881024     14680064
       14336        16384        1483.192    469762048     29360128
       14336        32768        1757.154    939524096     58720256
       14336        65536        2792.187   1879048192    117440512
       15232            1         413.178        30464         1904
       15232            2         373.020        60928         3808
       15232            4         359.063       121856         7616
       15232            8         414.974       243712        15232
       15232           16         543.887       487424        30464
       15232           32         392.567       974848        60928
       15232           64         372.000      1949696       121856
       15232          128         458.004      3899392       243712
       15232          256         433.289      7798784       487424
       15232          512         460.095     15597568       974848
       15232         1024         421.473     31195136      1949696
       15232         2048         493.328     62390272      3899392
       15232         4096         607.381    124780544      7798784
       15232         8192         932.168    249561088     15597568
       15232        16384        1820.368    499122176     31195136
       15232        32768        2899.208    998244352     62390272
       15232        65536        5542.995   1996488704    124780544
       16128            1         405.376        32256         2016
       16128            2         357.435        64512         4032
       16128            4         444.755       129024         8064
       16128            8         461.219       258048        16128
       16128           16           8.196       516096        32256
       16128           32         428.535      1032192        64512
       16128           64         438.384      2064384       129024
       16128          128         422.272      4128768       258048
       16128          256         459.230      8257536       516096
       16128          512         459.596     16515072      1032192
       16128         1024         473.309     33030144      2064384
       16128         2048         472.449     66060288      4128768
       16128         4096         650.764    132120576      8257536
       16128         8192        1110.273    264241152     16515072
       16128        16384        1797.235    528482304     33030144
       16128        32768        2719.336   1056964608     66060288
       16128        65536        5180.340   2113929216    132120576
       17024            1         428.688        34048         2128
       17024            2         381.350        68096         4256
       17024            4         427.860       136192         8512
       17024            8         448.933       272384        17024
       17024           16         422.592       544768        34048
       17024           32         366.956      1089536        68096
       17024           64         370.141      2179072       136192
       17024          128         466.461      4358144       272384
       17024          256         403.347      8716288       544768
       17024          512         476.498     17432576      1089536
       17024         1024         401.291     34865152      2179072
       17024         2048         585.483     69730304      4358144
       17024         4096         655.987    139460608      8716288
       17024         8192        1145.984    278921216     17432576
       17024        16384        1656.162    557842432     34865152
       17024        32768        3140.330   1115684864     69730304
       17920            1         403.248        35840         2240
       17920            2         441.378        71680         4480
       17920            4         424.019       143360         8960
       17920            8         492.025       286720        17920
       17920           16         418.900       573440        35840
       17920           32         460.173      1146880        71680
       17920           64         459.983      2293760       143360
       17920          128         482.620      4587520       286720
       17920          256         413.809      9175040       573440
       17920          512         388.071     18350080      1146880
       17920         1024         500.500     36700160      2293760
       17920         2048         463.826     73400320      4587520
       17920         4096         679.415    146800640      9175040
       17920         8192        1007.066    293601280     18350080
       17920        16384        1754.475    587202560     36700160
       17920        32768        3071.752   1174405120     73400320
       19712            1         369.868        39424         2464
       19712            2         383.743        78848         4928
       19712            4         480.017       157696         9856
       19712            8         473.831       315392        19712
       19712           16         390.737       630784        39424
       19712           32          12.387      1261568        78848
       19712           64         478.920      2523136       157696
       19712          128         399.793      5046272       315392
       19712          256         421.115     10092544       630784
       19712          512         413.394     20185088      1261568
       19712         1024         447.724     40370176      2523136
       19712         2048         489.914     80740352      5046272
       19712         4096         593.445    161480704     10092544
       19712         8192        1037.670    322961408     20185088
       19712        16384        2243.432    645922816     40370176
       19712        32768        3251.212   1291845632     80740352
       21504            1         411.807        43008         2688
       21504            2         435.456        86016         5376
       21504            4         408.865       172032        10752
       21504            8         403.420       344064        21504
       21504           16         379.647       688128        43008
       21504           32         392.728      1376256        86016
       21504           64         418.956      2752512       172032
       21504          128         467.613      5505024       344064
       21504          256         518.391     11010048       688128
       21504          512         465.446     22020096      1376256
       21504         1024         434.570     44040192      2752512
       21504         2048         517.805     88080384      5505024
       21504         4096         542.100    176160768     11010048
       21504         8192        1397.144    352321536     22020096
       21504        16384        1853.365    704643072     44040192
       21504        32768        2479.783   1409286144     88080384
       23296            1         423.720        46592         2912
       23296            2         418.813        93184         5824
       23296            4         431.524       186368        11648
       23296            8         373.689       372736        23296
       23296           16         417.889       745472        46592
       23296           32         472.455      1490944        93184
       23296           64         545.853      2981888       186368
       23296          128         472.349      5963776       372736
       23296          256         451.836     11927552       745472
       23296          512         426.652     23855104      1490944
       23296         1024         399.173     47710208      2981888
       23296         2048         553.234     95420416      5963776
       23296         4096         700.402    190840832     11927552
       23296         8192        1201.393    381681664     23855104
       23296        16384        2479.995    763363328     47710208
       23296        32768        3817.458   1526726656     95420416
       25088            1         394.896        50176         3136
       25088            2         489.691       100352         6272
       25088            4         454.624       200704        12544
       25088            8         428.684       401408        25088
       25088           16         433.301       802816        50176
       25088           32         350.488      1605632       100352
       25088           64          11.941      3211264       200704
       25088          128         499.166      6422528       401408
       25088          256         438.786     12845056       802816
       25088          512         470.156     25690112      1605632
       25088         1024         496.303     51380224      3211264
       25088         2048         503.434    102760448      6422528
       25088         4096         796.540    205520896     12845056
       25088         8192        1200.345    411041792     25690112
       25088        16384        2249.255    822083584     51380224
       25088        32768        1794.614   1644167168    102760448
       26880            1         422.853        53760         3360
       26880            2         422.366       107520         6720
       26880            4         386.186       215040        13440
       26880            8         353.080       430080        26880
       26880           16         455.420       860160        53760
       26880           32         471.166      1720320       107520
       26880           64         465.835      3440640       215040
       26880          128         405.293      6881280       430080
       26880          256         475.292     13762560       860160
       26880          512         438.916     27525120      1720320
       26880         1024         479.227     55050240      3440640
       26880         2048         486.547    110100480      6881280
       26880         4096         602.569    220200960     13762560
       26880         8192        1112.620    440401920     27525120
       26880        16384        1672.286    880803840     55050240
       26880        32768        2597.086   1761607680    110100480
       29568            1         464.022        59136         3696
       29568            2         485.146       118272         7392
       29568            4         397.710       236544        14784
       29568            8           8.398       473088        29568
       29568           16         476.789       946176        59136
       29568           32         466.338      1892352       118272
       29568           64         419.960      3784704       236544
       29568          128         441.780      7569408       473088
       29568          256         380.080     15138816       946176
       29568          512         431.428     30277632      1892352
       29568         1024         507.951     60555264      3784704
       29568         2048         548.053    121110528      7569408
       29568         4096         772.858    242221056     15138816
       29568         8192        1175.352    484442112     30277632
       29568        16384        2013.312    968884224     60555264
       29568        32768        4866.284   1937768448    121110528
       32256            1         403.889        64512         4032
       32256            2         472.863       129024         8064
       32256            4         402.285       258048        16128
       32256            8         417.575       516096        32256
       32256           16         414.629      1032192        64512
       32256           32         392.433      2064384       129024
       32256           64         399.468      4128768       258048
       32256          128         402.091      8257536       516096
       32256          256         419.482     16515072      1032192
       32256          512         498.330     33030144      2064384
       32256         1024         436.764     66060288      4128768
       32256         2048         489.567    132120576      8257536
       32256         4096         788.244    264241152     16515072
       32256         8192        1474.336    528482304     33030144
       32256        16384        1768.860   1056964608     66060288
       32256        32768        2770.780   2113929216    132120576
       34944            1         392.151        69888         4368
       34944            2         443.852       139776         8736
       34944            4         466.394       279552        17472
       34944            8          11.975       559104        34944
       34944           16         401.942      1118208        69888
       34944           32         447.594      2236416       139776
       34944           64         436.130      4472832       279552
       34944          128         484.996      8945664       559104
       34944          256         451.698     17891328      1118208
       34944          512         410.580     35782656      2236416
       34944         1024         429.785     71565312      4472832
       34944         2048         597.364    143130624      8945664
       34944         4096        1053.088    286261248     17891328
       34944         8192        1948.369    572522496     35782656
       34944        16384        2898.464   1145044992     71565312
       37632            1         468.395        75264         4704
       37632            2         435.566       150528         9408
       37632            4         410.800       301056        18816
       37632            8         425.928       602112        37632
       37632           16         391.652      1204224        75264
       37632           32         382.924      2408448       150528
       37632           64         435.892      4816896       301056
       37632          128         434.432      9633792       602112
       37632          256         456.963     19267584      1204224
       37632          512         431.432     38535168      2408448
       37632         1024         469.782     77070336      4816896
       37632         2048         562.173    154140672      9633792
       37632         4096        1029.367    308281344     19267584
       37632         8192        1537.469    616562688     38535168
       37632        16384        1646.516   1233125376     77070336
       41216            1         514.353        82432         5152
       41216            2         374.292       164864        10304
       41216            4         389.210       329728        20608
       41216            8         422.838       659456        41216
       41216           16         482.861      1318912        82432
       41216           32         434.348      2637824       164864
       41216           64         422.876      5275648       329728
       41216          128         369.200     10551296       659456
       41216          256         386.633     21102592      1318912
       41216          512         398.828     42205184      2637824
       41216         1024         493.294     84410368      5275648
       41216         2048         725.100    168820736     10551296
       41216         4096         916.613    337641472     21102592
       41216         8192        1624.916    675282944     42205184
       41216        16384        2148.233   1350565888     84410368
       44800            1         370.155        89600         5600
       44800            2         355.316       179200        11200
       44800            4         393.644       358400        22400
       44800            8         404.343       716800        44800
       44800           16         530.004      1433600        89600
       44800           32          10.088      2867200       179200
       44800           64         424.677      5734400       358400
       44800          128         421.658     11468800       716800
       44800          256         487.800     22937600      1433600
       44800          512         469.432     45875200      2867200
       44800         1024         491.371     91750400      5734400
       44800         2048         687.789    183500800     11468800
       44800         4096        1170.384    367001600     22937600
       44800         8192        2326.807    734003200     45875200
       44800        16384        3587.872   1468006400     91750400
       49280            1         471.752        98560         6160
       49280            2         414.116       197120        12320
       49280            4         492.604       394240        24640
       49280            8         493.608       788480        49280
       49280           16         442.000      1576960        98560
       49280           32         464.995      3153920       197120
       49280           64         400.182      6307840       394240
       49280          128         377.071     12615680       788480
       49280          256         470.093     25231360      1576960
       49280          512         561.951     50462720      3153920
       49280         1024         550.108    100925440      6307840
       49280         2048         853.931    201850880     12615680
       49280         4096        1329.851    403701760     25231360
       49280         8192        2059.294    807403520     50462720
       49280        16384        3910.475   1614807040    100925440
       53760            1         432.546       107520         6720
       53760            2         357.348       215040        13440
       53760            4         543.234       430080        26880
       53760            8         405.632       860160        53760
       53760           16         442.627      1720320       107520
       53760           32         466.174      3440640       215040
       53760           64         404.008      6881280       430080
       53760          128         405.433     13762560       860160
       53760          256         494.678     27525120      1720320
       53760          512         491.089     55050240      3440640
       53760         1024         585.801    110100480      6881280
       53760         2048         753.302    220200960     13762560
       53760         4096         991.004    440401920     27525120
       53760         8192        2688.940    880803840     55050240
       53760        16384        4185.494   1761607680    110100480
       59136            1         423.101       118272         7392
       59136            2         453.080       236544        14784
       59136            4         402.144       473088        29568
       59136            8         455.704       946176        59136
       59136           16         490.529      1892352       118272
       59136           32         465.102      3784704       236544
       59136           64         425.629      7569408       473088
       59136          128          10.805     15138816       946176
       59136          256         473.758     30277632      1892352
       59136          512         472.820     60555264      3784704
       59136         1024         602.500    121110528      7569408
       59136         2048         830.532    242221056     15138816
       59136         4096        1476.920    484442112     30277632
       59136         8192        1148.782    968884224     60555264
       59136        16384        4107.180   1937768448    121110528
       64512            1         412.086       129024         8064
       64512            2         410.906       258048        16128
       64512            4         407.684       516096        32256
       64512            8         418.220      1032192        64512
       64512           16         410.351      2064384       129024
       64512           32         382.694      4128768       258048
       64512           64         386.098      8257536       516096
       64512          128         395.007     16515072      1032192
       64512          256         408.330     33030144      2064384
       64512          512         404.829     66060288      4128768
       64512         1024         480.939    132120576      8257536
       64512         2048         827.448    264241152     16515072
       64512         4096        1219.800    528482304     33030144
       64512         8192        1529.243   1056964608     66060288
       64512        16384        4583.451   2113929216    132120576
       70784            1         380.928       141568         8848
       70784            2         459.686       283136        17696
       70784            4         387.330       566272        35392
       70784            8         384.495      1132544        70784
       70784           16         421.860      2265088       141568
       70784           32         460.900      4530176       283136
       70784           64         410.322      9060352       566272
       70784          128         469.952     18120704      1132544
       70784          256         488.876     36241408      2265088
       70784          512         429.812     72482816      4530176
       70784         1024         523.764    144965632      9060352
       70784         2048         787.611    289931264     18120704
       70784         4096        1426.291    579862528     36241408
       70784         8192        2867.400   1159725056     72482816
       77056            1         485.251       154112         9632
       77056            2         482.075       308224        19264
       77056            4         467.119       616448        38528
       77056            8         418.785      1232896        77056
       77056           16         350.984      2465792       154112
       77056           32         356.378      4931584       308224
       77056           64         406.700      9863168       616448
       77056          128          15.506     19726336      1232896
       77056          256         488.306     39452672      2465792
       77056          512         466.710     78905344      4931584
       77056         1024         644.436    157810688      9863168
       77056         2048        1136.315    315621376     19726336
       77056         4096        1903.051    631242752     39452672
       77056         8192        3402.435   1262485504     78905344
       84224            1         402.539       168448        10528
       84224            2         422.914       336896        21056
       84224            4         443.535       673792        42112
       84224            8         400.247      1347584        84224
       84224           16         386.364      2695168       168448
       84224           32         366.320      5390336       336896
       84224           64         454.052     10780672       673792
       84224          128         407.276     21561344      1347584
       84224          256         478.010     43122688      2695168
       84224          512         456.512     86245376      5390336
       84224         1024         569.706    172490752     10780672
       84224         2048         800.900    344981504     21561344
       84224         4096        2062.016    689963008     43122688
       84224         8192        3093.620   1379926016     86245376
       92288            1         396.121       184576        11536
       92288            2         393.047       369152        23072
       92288            4         438.324       738304        46144
       92288            8         489.694      1476608        92288
       92288           16         368.660      2953216       184576
       92288           32         389.790      5906432       369152
       92288           64         404.752     11812864       738304
       92288          128         491.968     23625728      1476608
       92288          256         482.728     47251456      2953216
       92288          512         522.446     94502912      5906432
       92288         1024         627.188    189005824     11812864
       92288         2048        1032.745    378011648     23625728
       92288         4096        1808.234    756023296     47251456
       92288         8192        2160.939   1512046592     94502912
      101248            1         389.457       202496        12656
      101248            2         381.187       404992        25312
      101248            4         481.559       809984        50624
      101248            8         349.176      1619968       101248
      101248           16         387.359      3239936       202496
      101248           32         411.328      6479872       404992
      101248           64         384.015     12959744       809984
      101248          128         488.180     25919488      1619968
      101248          256         430.093     51838976      3239936
      101248          512         537.264    103677952      6479872
      101248         1024         709.612    207355904     12959744
      101248         2048        1107.622    414711808     25919488
      101248         4096        2270.456    829423616     51838976
      101248         8192        3994.632   1658847232    103677952
      111104            1         466.224       222208        13888
      111104            2         400.520       444416        27776
      111104            4         403.838       888832        55552
      111104            8         456.522      1777664       111104
      111104           16         380.864      3555328       222208
      111104           32         436.484      7110656       444416
      111104           64         599.753     14221312       888832
      111104          128         446.376     28442624      1777664
      111104          256         498.771     56885248      3555328
      111104          512         545.982    113770496      7110656
      111104         1024         763.212    227540992     14221312
      111104         2048        1146.658    455081984     28442624
      111104         4096        2484.469    910163968     56885248
      111104         8192        4279.197   1820327936    113770496
      121856            1         439.214       243712        15232
      121856            2         410.960       487424        30464
      121856            4         448.808       974848        60928
      121856            8         481.495      1949696       121856
      121856           16         411.602      3899392       243712
      121856           32         370.689      7798784       487424
      121856           64         479.642     15597568       974848
      121856          128         472.493     31195136      1949696
      121856          256         441.102     62390272      3899392
      121856          512         515.224    124780544      7798784
      121856         1024         809.551    249561088     15597568
      121856         2048         936.121    499122176     31195136
      121856         4096        1405.228    998244352     62390272
      121856         8192        2816.812   1996488704    124780544
      133504            1         390.760       267008        16688
      133504            2         590.633       534016        33376
      133504            4         506.460      1068032        66752
      133504            8         436.728      2136064       133504
      133504           16         427.793      4272128       267008
      133504           32         452.726      8544256       534016
      133504           64         390.832     17088512      1068032
      133504          128         420.988     34177024      2136064
      133504          256         504.602     68354048      4272128
      133504          512         515.121    136708096      8544256
      133504         1024         721.385    273416192     17088512
      133504         2048        1288.512    546832384     34177024
      133504         4096        2754.545   1093664768     68354048
      146048            1         407.416       292096        18256
      146048            2         393.393       584192        36512
      146048            4         442.726      1168384        73024
      146048            8         430.778      2336768       146048
      146048           16         484.010      4673536       292096
      146048           32         379.754      9347072       584192
      146048           64         390.907     18694144      1168384
      146048          128         440.747     37388288      2336768
      146048          256         458.136     74776576      4673536
      146048          512         584.027    149553152      9347072
      146048         1024         949.214    299106304     18694144
      146048         2048        1109.437    598212608     37388288
      146048         4096        1768.959   1196425216     74776576
      160384            1         427.074       320768        20048
      160384            2         436.012       641536        40096
      160384            4         463.493      1283072        80192
      160384            8          12.544      2566144       160384
      160384           16         400.426      5132288       320768
      160384           32         450.020     10264576       641536
      160384           64         491.681     20529152      1283072
      160384          128         497.516     41058304      2566144
      160384          256         517.587     82116608      5132288
      160384          512         601.241    164233216     10264576
      160384         1024         975.808    328466432     20529152
      160384         2048        1786.959    656932864     41058304
      160384         4096        3361.528   1313865728     82116608
      175616            1         398.912       351232        21952
      175616            2         468.024       702464        43904
      175616            4         418.424      1404928        87808
      175616            8         367.212      2809856       175616
      175616           16         445.588      5619712       351232
      175616           32         461.993     11239424       702464
      175616           64         420.872     22478848      1404928
      175616          128         458.509     44957696      2809856
      175616          256         500.397     89915392      5619712
      175616          512         568.153    179830784     11239424
      175616         1024        1239.924    359661568     22478848
      175616         2048        1784.027    719323136     44957696
      175616         4096        2634.080   1438646272     89915392
      192640            1         458.662       385280        24080
      192640            2         370.148       770560        48160
      192640            4         423.168      1541120        96320
      192640            8         389.724      3082240       192640
      192640           16         452.182      6164480       385280
      192640           32         400.687     12328960       770560
      192640           64         553.509     24657920      1541120
      192640          128         475.216     49315840      3082240
      192640          256         545.656     98631680      6164480
      192640          512         707.440    197263360     12328960
      192640         1024        1426.320    394526720     24657920
      192640         2048        2123.588    789053440     49315840
      192640         4096        3819.378   1578106880     98631680
      211456            1         384.984       422912        26432
      211456            2         381.342       845824        52864
      211456            4         404.276      1691648       105728
      211456            8         399.973      3383296       211456
      211456           16         405.372      6766592       422912
      211456           32         491.046     13533184       845824
      211456           64         408.118     27066368      1691648
      211456          128         413.305     54132736      3383296
      211456          256         469.999    108265472      6766592
      211456          512         837.866    216530944     13533184
      211456         1024        1195.195    433061888     27066368
      211456         2048        2343.504    866123776     54132736
      211456         4096        4189.372   1732247552    108265472
      232064            1         425.460       464128        29008
      232064            2         451.328       928256        58016
      232064            4         445.320      1856512       116032
      232064            8         474.210      3713024       232064
      232064           16         471.071      7426048       464128
      232064           32           9.960     14852096       928256
      232064           64         443.277     29704192      1856512
      232064          128         471.197     59408384      3713024
      232064          256         604.187    118816768      7426048
      232064          512         968.101    237633536     14852096
      232064         1024        1216.109    475267072     29704192
      232064         2048        2553.013    950534144     59408384
      232064         4096        2770.060   1901068288    118816768
      254464            1           9.782       508928        31808
      254464            2         434.624      1017856        63616
      254464            4         428.820      2035712       127232
      254464            8         464.130      4071424       254464
      254464           16         451.733      8142848       508928
      254464           32         419.273     16285696      1017856
      254464           64         472.763     32571392      2035712
      254464          128         423.466     65142784      4071424
      254464          256         582.324    130285568      8142848
      254464          512         935.801    260571136     16285696
      254464         1024        1287.660    521142272     32571392
      254464         2048        2665.383   1042284544     65142784
      254464         4096        4976.019   2084569088    130285568
      279552            1         431.603       559104        34944
      279552            2         453.060      1118208        69888
      279552            4         389.574      2236416       139776
      279552            8         415.431      4472832       279552
      279552           16         382.604      8945664       559104
      279552           32         374.260     17891328      1118208
      279552           64         500.755     35782656      2236416
      279552          128         473.425     71565312      4472832
      279552          256         550.722    143130624      8945664
      279552          512         685.160    286261248     17891328
      279552         1024        1387.005    572522496     35782656
      279552         2048        1681.742   1145044992     71565312
      307328            1           6.803       614656        38416
      307328            2         381.828      1229312        76832
      307328            4         415.339      2458624       153664
      307328            8         489.572      4917248       307328
      307328           16         501.356      9834496       614656
      307328           32         416.120     19668992      1229312
      307328           64         500.545     39337984      2458624
      307328          128         487.815     78675968      4917248
      307328          256         688.800    157351936      9834496
      307328          512        1169.981    314703872     19668992
      307328         1024        1387.925    629407744     39337984
      307328         2048        1201.632   1258815488     78675968
      337792            1          11.628       675584        42224
      337792            2         442.516      1351168        84448
      337792            4         395.026      2702336       168896
      337792            8         450.968      5404672       337792
      337792           16         407.406     10809344       675584
      337792           32         470.360     21618688      1351168
      337792           64         466.780     43237376      2702336
      337792          128         552.818     86474752      5404672
      337792          256         618.645    172949504     10809344
      337792          512        1034.169    345899008     21618688
      337792         1024        1646.225    691798016     43237376
      337792         2048        2043.650   1383596032     86474752
      370944            1         411.416       741888        46368
      370944            2         451.466      1483776        92736
      370944            4         374.104      2967552       185472
      370944            8         485.827      5935104       370944
      370944           16         450.687     11870208       741888
      370944           32         430.910     23740416      1483776
      370944           64         446.809     47480832      2967552
      370944          128         474.809     94961664      5935104
      370944          256         656.971    189923328     11870208
      370944          512        1067.793    379846656     23740416
      370944         1024        2344.147    759693312     47480832
      370944         2048        3778.868   1519386624     94961664
      407680            1         426.332       815360        50960
      407680            2         392.370      1630720       101920
      407680            4         387.074      3261440       203840
      407680            8         488.324      6522880       407680
      407680           16         415.856     13045760       815360
      407680           32         467.696     26091520      1630720
      407680           64         466.159     52183040      3261440
      407680          128         508.504    104366080      6522880
      407680          256         684.278    208732160     13045760
      407680          512        1036.904    417464320     26091520
      407680         1024        1476.524    834928640     52183040
      407680         2048        2661.146   1669857280    104366080
      448000            1         400.430       896000        56000
      448000            2         423.202      1792000       112000
      448000            4         448.016      3584000       224000
      448000            8         403.353      7168000       448000
      448000           16         483.324     14336000       896000
      448000           32         446.294     28672000      1792000
      448000           64         483.520     57344000      3584000
      448000          128         512.822    114688000      7168000
      448000          256         729.671    229376000     14336000
      448000          512        1132.627    458752000     28672000
      448000         1024         927.769    917504000     57344000
      448000         2048        3991.207   1835008000    114688000
      492800            1         405.692       985600        61600
      492800            2         586.282      1971200       123200
      492800            4         448.688      3942400       246400
      492800            8         381.018      7884800       492800
      492800           16         424.032     15769600       985600
      492800           32         411.542     31539200      1971200
      492800           64         435.027     63078400      3942400
      492800          128         534.247    126156800      7884800
      492800          256         735.140    252313600     15769600
      492800          512        1653.511    504627200     31539200
      492800         1024        2516.638   1009254400     63078400
      492800         2048        4609.864   2018508800    126156800
      542080            1         464.293      1084160        67760
      542080            2         369.052      2168320       135520
      542080            4         449.007      4336640       271040
      542080            8         424.824      8673280       542080
      542080           16         470.153     17346560      1084160
      542080           32         444.860     34693120      2168320
      542080           64         380.262     69386240      4336640
      542080          128         515.123    138772480      8673280
      542080          256         762.717    277544960     17346560
      542080          512        1324.236    555089920     34693120
      542080         1024        3169.480   1110179840     69386240
      595840            1         431.680      1191680        74480
      595840            2         525.352      2383360       148960
      595840            4         356.320      4766720       297920
      595840            8         604.930      9533440       595840
      595840           16         458.028     19066880      1191680
      595840           32         445.510     38133760      2383360
      595840           64         504.132     76267520      4766720
      595840          128         591.164    152535040      9533440
      595840          256         955.249    305070080     19066880
      595840          512        1856.995    610140160     38133760
      595840         1024        3034.364   1220280320     76267520
      654976            1         504.640      1309952        81872
      654976            2         459.792      2619904       163744
      654976            4         372.120      5239808       327488
      654976            8         399.676     10479616       654976
      654976           16         429.374     20959232      1309952
      654976           32          27.960     41918464      2619904
      654976           64         536.956     83836928      5239808
      654976          128         641.696    167673856     10479616
      654976          256        1079.599    335347712     20959232
      654976          512        2265.328    670695424     41918464
      654976         1024        3262.909   1341390848     83836928
      720384            1         400.540      1440768        90048
      720384            2         417.896      2881536       180096
      720384            4         370.024      5763072       360192
      720384            8         458.804     11526144       720384
      720384           16         461.772     23052288      1440768
      720384           32         454.212     46104576      2881536
      720384           64         589.080     92209152      5763072
      720384          128         735.907    184418304     11526144
      720384          256        1498.748    368836608     23052288
      720384          512        2037.830    737673216     46104576
      720384         1024        3533.572   1475346432     92209152
      792064            1         438.358      1584128        99008
      792064            2         489.628      3168256       198016
      792064            4         458.863      6336512       396032
      792064            8         425.060     12673024       792064
      792064           16         393.005     25346048      1584128
      792064           32          28.879     50692096      3168256
      792064           64         590.712    101384192      6336512
      792064          128         714.954    202768384     12673024
      792064          256        1270.840    405536768     25346048
      792064          512        2481.208    811073536     50692096
      792064         1024        3841.524   1622147072    101384192
      870912            1         475.049      1741824       108864
      870912            2         458.997      3483648       217728
      870912            4         361.111      6967296       435456
      870912            8         446.205     13934592       870912
      870912           16         430.264     27869184      1741824
      870912           32         401.782     55738368      3483648
      870912           64         456.012    111476736      6967296
      870912          128         670.446    222953472     13934592
      870912          256         254.204    445906944     27869184
      870912          512        2460.016    891813888     55738368
      870912         1024        4031.547   1783627776    111476736
      957824            1         453.838      1915648       119728
      957824            2         414.639      3831296       239456
      957824            4         413.344      7662592       478912
      957824            8         425.236     15325184       957824
      957824           16         429.915     30650368      1915648
      957824           32         411.811     61300736      3831296
      957824           64         598.904    122601472      7662592
      957824          128         604.828    245202944     15325184
      957824          256        1263.957    490405888     30650368
      957824          512        1342.492    980811776     61300736
      957824         1024        2750.688   1961623552    122601472
     1052800            1         465.115      2105600       131600
     1052800            2         474.647      4211200       263200
     1052800            4         529.985      8422400       526400
     1052800            8         400.113     16844800      1052800
     1052800           16         430.535     33689600      2105600
     1052800           32         497.140     67379200      4211200
     1052800           64         616.237    134758400      8422400
     1052800          128         767.487    269516800     16844800
     1052800          256        1786.592    539033600     33689600
     1052800          512        2645.990   1078067200     67379200
     1157632            1         446.416      2315264       144704
     1157632            2         430.236      4630528       289408
     1157632            4         444.896      9261056       578816
     1157632            8         423.668     18522112      1157632
     1157632           16         453.435     37044224      2315264
     1157632           32         433.885     74088448      4630528
     1157632           64         565.328    148176896      9261056
     1157632          128         695.209    296353792     18522112
     1157632          256         914.104    592707584     37044224
     1157632          512        3124.184   1185415168     74088448
     1273216            1         430.730      2546432       159152
     1273216            2         431.228      5092864       318304
     1273216            4         370.098     10185728       636608
     1273216            8         421.836     20371456      1273216
     1273216           16         485.524     40742912      2546432
     1273216           32         484.721     81485824      5092864
     1273216           64         528.222    162971648     10185728
     1273216          128         956.506    325943296     20371456
     1273216          256        1561.540    651886592     40742912
     1273216          512        3235.739   1303773184     81485824
     1400448            1         420.472      2800896       175056
     1400448            2         410.544      5601792       350112
     1400448            4         438.048     11203584       700224
     1400448            8         430.237     22407168      1400448
     1400448           16         510.036     44814336      2800896
     1400448           32         460.760     89628672      5601792
     1400448           64         646.649    179257344     11203584
     1400448          128         905.932    358514688     22407168
     1400448          256        1096.367    717029376     44814336
     1400448          512        3537.053   1434058752     89628672
     1540224            1         400.724      3080448       192528
     1540224            2         371.540      6160896       385056
     1540224            4         453.451     12321792       770112
     1540224            8         470.971     24643584      1540224
     1540224           16         530.648     49287168      3080448
     1540224           32         501.720     98574336      6160896
     1540224           64         704.658    197148672     12321792
     1540224          128        1008.576    394297344     24643584
     1540224          256        2211.300    788594688     49287168
     1540224          512        3796.319   1577189376     98574336
     1693440            1         445.780      3386880       211680
     1693440            2         398.207      6773760       423360
     1693440            4         375.505     13547520       846720
     1693440            8         395.120     27095040      1693440
     1693440           16         482.674     54190080      3386880
     1693440           32         528.300    108380160      6773760
     1693440           64         695.098    216760320     13547520
     1693440          128        1151.577    433520640     27095040
     1693440          256        2444.200    867041280     54190080
     1693440          512        3881.280   1734082560    108380160
     1862784            1         509.223      3725568       232848
     1862784            2         400.536      7451136       465696
     1862784            4         432.432     14902272       931392
     1862784            8         392.155     29804544      1862784
     1862784           16         481.100     59609088      3725568
     1862784           32         542.560    119218176      7451136
     1862784           64         653.625    238436352     14902272
     1862784          128        1088.724    476872704     29804544
     1862784          256        2145.058    953745408     59609088
     1862784          512        4349.755   1907490816    119218176
     2048256            1         405.415      4096512       256032
     2048256            2         470.124      8193024       512064
     2048256            4         416.453     16386048      1024128
     2048256            8         526.191     32772096      2048256
     2048256           16         538.464     65544192      4096512
     2048256           32         563.065    131088384      8193024
     2048256           64         882.052    262176768     16386048
     2048256          128        1333.147    524353536     32772096
     2048256          256        2630.948   1048707072     65544192
     2048256          512        4786.132   2097414144    131088384
     2252544            1         416.476      4505088       281568
     2252544            2         402.811      9010176       563136
     2252544            4          16.160     18020352      1126272
     2252544            8         439.404     36040704      2252544
     2252544           16         475.065     72081408      4505088
     2252544           32         579.128    144162816      9010176
     2252544           64         995.936    288325632     18020352
     2252544          128        1622.818    576651264     36040704
     2252544          256        1552.218   1153302528     72081408
     2477440            1          12.480      4954880       309680
     2477440            2         378.776      9909760       619360
     2477440            4         392.456     19819520      1238720
     2477440            8         425.804     39639040      2477440
     2477440           16         634.980     79278080      4954880
     2477440           32         619.616    158556160      9909760
     2477440           64        1002.909    317112320     19819520
     2477440          128        1904.584    634224640     39639040
     2477440          256        3072.840   1268449280     79278080
     2724736            1         412.016      5449472       340592
     2724736            2         422.276     10898944       681184
     2724736            4         418.984     21797888      1362368
     2724736            8         413.760     43595776      2724736
     2724736           16         447.484     87191552      5449472
     2724736           32         517.020    174383104     10898944
     2724736           64         789.464    348766208     21797888
     2724736          128        1904.988    697532416     43595776
     2724736          256        3339.971   1395064832     87191552
     2997120            1         439.260      5994240       374640
     2997120            2         486.067     11988480       749280
     2997120            4         406.192     23976960      1498560
     2997120            8         452.405     47953920      2997120
     2997120           16         447.048     95907840      5994240
     2997120           32         615.844    191815680     11988480
     2997120           64         901.940    383631360     23976960
     2997120          128        1677.774    767262720     47953920
     2997120          256        2291.259   1534525440     95907840
     3296384            1         453.026      6592768       412048
     3296384            2         440.596     13185536       824096
     3296384            4         405.167     26371072      1648192
     3296384            8         422.289     52742144      3296384
     3296384           16          66.772    105484288      6592768
     3296384           32         716.005    210968576     13185536
     3296384           64        1354.268    421937152     26371072
     3296384          128        2698.323    843874304     52742144
     3296384          256        3972.840   1687748608    105484288
     3625216            1         509.263      7250432       453152
     3625216            2         429.074     14500864       906304
     3625216            4         419.888     29001728      1812608
     3625216            8         465.380     58003456      3625216
     3625216           16         465.424    116006912      7250432
     3625216           32         700.996    232013824     14500864
     3625216           64        1368.392    464027648     29001728
     3625216          128        1317.816    928055296     58003456
     3625216          256        4504.386   1856110592    116006912
     3987200            1         473.644      7974400       498400
     3987200            2         463.225     15948800       996800
     3987200            4         427.284     31897600      1993600
     3987200            8         409.996     63795200      3987200
     3987200           16         519.092    127590400      7974400
     3987200           32         767.547    255180800     15948800
     3987200           64        1288.642    510361600     31897600
     3987200          128        2472.069   1020723200     63795200
     3987200          256        4570.473   2041446400    127590400
     4385920            1         439.720      8771840       548240
     4385920            2         474.606     17543680      1096480
     4385920            4         417.580     35087360      2192960
     4385920            8         500.056     70174720      4385920
     4385920           16         551.686    140349440      8771840
     4385920           32         642.845    280698880     17543680
     4385920           64         988.640    561397760     35087360
     4385920          128        1975.484   1122795520     70174720
     4824064            1         403.691      9648128       603008
     4824064            2         419.758     19296256      1206016
     4824064            4          32.920     38592512      2412032
     4824064            8         507.210     77185024      4824064
     4824064           16         752.395    154370048      9648128
     4824064           32         952.464    308740096     19296256
     4824064           64        1793.608    617480192     38592512
     4824064          128        3117.740   1234960384     77185024
     5306112            1         508.118     10612224       663264
     5306112            2         392.782     21224448      1326528
     5306112            4         421.169     42448896      2653056
     5306112            8         451.935     84897792      5306112
     5306112           16         598.116    169795584     10612224
     5306112           32         888.149    339591168     21224448
     5306112           64        1105.506    679182336     42448896
     5306112          128        1983.704   1358364672     84897792
     5836544            1          18.298     11673088       729568
     5836544            2         461.138     23346176      1459136
     5836544            4         487.530     46692352      2918272
     5836544            8         591.984     93384704      5836544
     5836544           16         641.314    186769408     11673088
     5836544           32        1072.333    373538816     23346176
     5836544           64        2246.289    747077632     46692352
     5836544          128        3718.875   1494155264     93384704
     6419840            1         428.506     12839680       802480
     6419840            2         431.016     25679360      1604960
     6419840            4         448.895     51358720      3209920
     6419840            8         520.928    102717440      6419840
     6419840           16         636.040    205434880     12839680
     6419840           32        1177.600    410869760     25679360
     6419840           64        1973.262    821739520     51358720
     6419840          128        3643.176   1643479040    102717440
     7061376            1         414.986     14122752       882672
     7061376            2         437.498     28245504      1765344
     7061376            4         451.951     56491008      3530688
     7061376            8         503.753    112982016      7061376
     7061376           16         640.373    225964032     14122752
     7061376           32        1183.818    451928064     28245504
     7061376           64        2099.360    903856128     56491008
     7061376          128        4390.880   1807712256    112982016
     7767424            1         494.294     15534848       970928
     7767424            2         442.292     31069696      1941856
     7767424            4         428.124     62139392      3883712
     7767424            8         531.826    124278784      7767424
     7767424           16         756.482    248557568     15534848
     7767424           32        1047.251    497115136     31069696
     7767424           64        2249.485    994230272     62139392
     7767424          128        4318.540   1988460544    124278784
     8543360            1         487.864     17086720      1067920
     8543360            2         458.499     34173440      2135840
     8543360            4         465.427     68346880      4271680
     8543360            8         531.789    136693760      8543360
     8543360           16         752.389    273387520     17086720
     8543360           32        1051.632    546775040     34173440
     8543360           64        1689.369   1093550080     68346880
     9397248            1          30.285     18794496      1174656
     9397248            2         531.822     37588992      2349312
     9397248            4         451.120     75177984      4698624
     9397248            8         645.546    150355968      9397248
     9397248           16         797.572    300711936     18794496
     9397248           32        1658.676    601423872     37588992
     9397248           64        2951.127   1202847744     75177984
    10336256            1         478.360     20672512      1292032
    10336256            2         492.194     41345024      2584064
    10336256            4         452.029     82690048      5168128
    10336256            8         605.756    165380096     10336256
    10336256           16         898.211    330760192     20672512
    10336256           32        1601.505    661520384     41345024
    10336256           64        3150.835   1323040768     82690048
    11369344            1         403.142     22738688      1421168
    11369344            2         407.304     45477376      2842336
    11369344            4         477.976     90954752      5684672
    11369344            8         564.234    181909504     11369344
    11369344           16        1018.505    363819008     22738688
    11369344           32        2109.135    727638016     45477376
    11369344           64        3242.698   1455276032     90954752
    12505472            1         492.130     25010944      1563184
    12505472            2         525.492     50021888      3126368
    12505472            4         575.022    100043776      6252736
    12505472            8         601.875    200087552     12505472
    12505472           16         945.574    400175104     25010944
    12505472           32        2034.684    800350208     50021888
    12505472           64        3409.103   1600700416    100043776
    13755392            1         522.260     27510784      1719424
    13755392            2         424.789     55021568      3438848
    13755392            4         480.487    110043136      6877696
    13755392            8         654.049    220086272     13755392
    13755392           16        1082.668    440172544     27510784
    13755392           32        2209.656    880345088     55021568
    13755392           64        3984.408   1760690176    110043136
    15130752            1         402.172     30261504      1891344
    15130752            2         422.815     60523008      3782688
    15130752            4         466.853    121046016      7565376
    15130752            8         635.754    242092032     15130752
    15130752           16        1118.062    484184064     30261504
    15130752           32        1736.629    968368128     60523008
    15130752           64        2677.952   1936736256    121046016
    16643200            1         416.540     33286400      2080400
    16643200            2         433.876     66572800      4160800
    16643200            4         506.640    133145600      8321600
    16643200            8         680.382    266291200     16643200
    16643200           16        1222.954    532582400     33286400
    16643200           32        2332.238   1065164800     66572800
    16643200           64        4884.802   2130329600    133145600
    18307072            1         451.862     36614144      2288384
    18307072            2         471.465     73228288      4576768
    18307072            4         549.924    146456576      9153536
    18307072            8         656.562    292913152     18307072
    18307072           16        1153.476    585826304     36614144
    18307072           32        3098.212   1171652608     73228288
    20137600            1         432.320     40275200      2517200
    20137600            2         525.675     80550400      5034400
    20137600            4         630.680    161100800     10068800
    20137600            8         923.182    322201600     20137600
    20137600           16        1685.645    644403200     40275200
    20137600           32        3077.129   1288806400     80550400
    22150912            1         448.850     44301824      2768864
    22150912            2         505.676     88603648      5537728
    22150912            4         811.050    177207296     11075456
    22150912            8        1010.310    354414592     22150912
    22150912           16        1682.665    708829184     44301824
    22150912           32        3409.694   1417658368     88603648
    24365824            1         482.296     48731648      3045728
    24365824            2         550.344     97463296      6091456
    24365824            4         627.020    194926592     12182912
    24365824            8         749.178    389853184     24365824
    24365824           16        1505.585    779706368     48731648
    24365824           32        3316.559   1559412736     97463296
    26802048            1         432.542     53604096      3350256
    26802048            2         475.469    107208192      6700512
    26802048            4         704.461    214416384     13401024
    26802048            8        1052.206    428832768     26802048
    26802048           16        2208.965    857665536     53604096
    26802048           32        3989.508   1715331072    107208192
    29481984            1         532.658     58963968      3685248
    29481984            2         503.890    117927936      7370496
    29481984            4         657.638    235855872     14740992
    29481984            8        1111.440    471711744     29481984
    29481984           16        2289.461    943423488     58963968
    29481984           32        2528.069   1886846976    117927936
    32429824            1         477.127     64859648      4053728
    32429824            2         512.124    129719296      8107456
    32429824            4         838.855    259438592     16214912
    32429824            8        1028.608    518877184     32429824
    32429824           16        1499.838   1037754368     64859648
    32429824           32        2525.162   2075508736    129719296
    35672448            1         445.435     71344896      4459056
    35672448            2         553.611    142689792      8918112
    35672448            4         933.624    285379584     17836224
    35672448            8        1606.195    570759168     35672448
    35672448           16        2685.006   1141518336     71344896
    39239424            1         484.902     78478848      4904928
    39239424            2         617.900    156957696      9809856
    39239424            4         931.544    313915392     19619712
    39239424            8        1554.941    627830784     39239424
    39239424           16        2863.996   1255661568     78478848
    43163008            1         645.489     86326016      5395376
    43163008            2         673.142    172652032     10790752
    43163008            4         891.975    345304064     21581504
    43163008            8        1720.995    690608128     43163008
    43163008           16        2229.513   1381216256     86326016
    47479040            1         513.083     94958080      5934880
    47479040            2         722.814    189916160     11869760
    47479040            4         887.807    379832320     23739520
    47479040            8        1380.060    759664640     47479040
    47479040           16        3166.085   1519329280     94958080
    52226944            1         614.836    104453888      6528368
    52226944            2         806.241    208907776     13056736
    52226944            4        1028.354    417815552     26113472
    52226944            8        1886.766    835631104     52226944
    52226944           16        3940.427   1671262208    104453888
    57448832            1         703.484    114897664      7181104
    57448832            2         721.786    229795328     14362208
    57448832            4        1122.004    459590656     28724416
    57448832            8        2349.472    919181312     57448832
    57448832           16        4274.929   1838362624    114897664
    63193088            1        1107.550    126386176      7899136
    63193088            2         912.462    252772352     15798272
    63193088            4        1171.818    505544704     31596544
    63193088            8        2310.167   1011089408     63193088
    63193088           16        4388.173   2022178816    126386176
    69511680            1         943.471    139023360      8688960
    69511680            2         929.416    278046720     17377920
    69511680            4         997.725    556093440     34755840
    69511680            8        1921.613   1112186880     69511680
    76462848            1         929.167    152925696      9557856
    76462848            2         843.454    305851392     19115712
    76462848            4        1032.236    611702784     38231424
    76462848            8        2489.400   1223405568     76462848
    84108416            1        1553.721    168216832     10513552
    84108416            2        1438.695    336433664     21027104
    84108416            4        1434.058    672867328     42054208
    84108416            8        3091.510   1345734656     84108416
    92519168            1        1044.260    185038336     11564896
    92519168            2         580.360    370076672     23129792
    92519168            4        3955.552    740153344     46259584
    92519168            8        4859.580   1480306688     92519168
   101770368            1         873.507    203540736     12721296
   101770368            2        4695.036    407081472     25442592
   101770368            4        6714.152    814162944     50885184
   101770368            8        7472.580   1628325888    101770368
   111947136            1        3411.496    223894272     13993392
   111947136            2        6779.963    447788544     27986784
   111947136            4        8644.704    895577088     55973568
   111947136            8        4798.634   1791154176    111947136
   123141760            1        2981.228    246283520     15392720
   123141760            2        7314.683    492567040     30785440
   123141760            4       11950.579    985134080     61570880
   123141760            8       15383.455   1970268160    123141760
   135455488            1        5849.451    270910976     16931936
   135455488            2        8132.484    541821952     33863872
   135455488            4        7174.366   1083643904     67727744
   149000320            1        5693.314    298000640     18625040
   149000320            2        6417.148    596001280     37250080
   149000320            4       15559.544   1192002560     74500160
   163899904            1        8267.155    327799808     20487488
   163899904            2       13952.444    655599616     40974976
   163899904            4        9742.391   1311199232     81949952
   180289536            1        6289.457    360579072     22536192
   180289536            2       17722.929    721158144     45072384
   180289536            4       21911.006   1442316288     90144768
   198317952            1        3839.823    396635904     24789744
   198317952            2       11591.868    793271808     49579488
   198317952            4       27492.197   1586543616     99158976
   218149120            1        8165.990    436298240     27268640
   218149120            2       22257.219    872596480     54537280
   218149120            4       32222.127   1745192960    109074560
   239964032            1        6237.657    479928064     29995504
   239964032            2       22456.210    959856128     59991008
   239964032            4       32280.205   1919712256    119982016
   263959808            1        8315.867    527919616     32994976
   263959808            2       21067.505   1055839232     65989952
   263959808            4       20578.458   2111678464    131979904
   290355072            1        6371.740    580710144     36294384
   290355072            2       26041.516   1161420288     72588768
   319389952            1        7250.132    638779904     39923744
   319389952            2       18657.916   1277559808     79847488
   351328768            1        7956.582    702657536     43916096
   351328768            2       31339.757   1405315072     87832192
   386460928            1       13078.825    772921856     48307616
   386460928            2       37575.154   1545843712     96615232
   425106304            1       21256.200    850212608     53138288
   425106304            2       41365.179   1700425216    106276576
   467616128            1       22866.023    935232256     58452016
   467616128            2       33956.506   1870464512    116904032
   514377472            1       14298.527   1028754944     64297184
   514377472            2       37752.582   2057509888    128594368
   565815040            1       16299.896   1131630080     70726880
   622396544            1       30232.399   1244793088     77799568
   684635392            1       33322.048   1369270784     85579424
   753098752            1       36392.223   1506197504     94137344
   828408448            1       27945.057   1656816896    103551056
   911249024            1       19940.053   1822498048    113906128
  1002373120            1       47585.111   2004746240    125296640

META_DATA
FLOPS          1
OPENMP_THREADS 112
ERT_VERSION  1.1.0
TIMESTAMP_DATA  1634099617.41
HOSTNAME  ('pmemMachine0', ['pmemMachine0.local'], ['fe80::f035:4ef3:770d:269e'])
UNAME  ('Linux', 'pmemMachine0', '5.9.13-derrick-pmo', '#120 SMP Tue Sep 28 02:02:07 EDT 2021', 'x86_64', 'x86_64')
CONFIG  {'ERT_WORKING_SET_MIN': ['1'], 'ERT_CFLAGS': ['-O3'], 'ERT_CC': ['gcc'], 'ERT_OPENMP_LDFLAGS': ['-fopenmp'], 'ERT_MEMORY_MAX': ['1073741824'], 'ERT_LDFLAGS': [], 'ERT_LDLIBS': [], 'ERT_SPEC_GBYTES_DRAM': ['300'], 'ERT_RUN': ['export', 'KMP_AFFINITY=scatter;', 'export', 'OMP_NUM_THREADS=ERT_OPENMP_THREADS;', 'ERT_CODE'], 'ERT_FLOPS': ['1,2,4,8,16'], 'ERT_OPENMP_CFLAGS': ['-fopenmp'], 'ERT_SPEC_GFLOPS': ['1000'], 'ERT_MPI': [False], 'ERT_TRIALS_MIN': ['1'], 'ERT_DRIVER': ['driver1'], 'ERT_RESULTS': ['Results.madonna.lbl.gov.02'], 'ERT_OPENMP': ['True'], 'ERT_OPENMP_THREADS': ['1,2,4,8,16,32,48,64,80,96,112,128,144,160'], 'ERT_KERNEL': ['kernel1'], 'ERT_GPU': [False], 'ERT_LD': ['gcc'], 'ERT_NUM_EXPERIMENTS': ['3'], 'ERT_ALIGN': ['32'], 'ERT_GNUPLOT': ['gnuplot']}
