         896            1         272.591         1792          112
         896            2         189.647         3584          224
         896            4         326.043         7168          448
         896            8         180.520        14336          896
         896           16         313.568        28672         1792
         896           32         258.396        57344         3584
         896           64         298.458       114688         7168
         896          128         235.423       229376        14336
         896          256         295.493       458752        28672
         896          512         274.525       917504        57344
         896         1024         257.720      1835008       114688
         896         2048         274.189      3670016       229376
         896         4096         253.999      7340032       458752
         896         8192         297.080     14680064       917504
         896        16384         390.478     29360128      1835008
         896        32768         577.416     58720256      3670016
         896        65536        1055.072    117440512      7340032
         896       131072        1793.520    234881024     14680064
         896       262144        3331.090    469762048     29360128
         896       524288        6155.749    939524096     58720256
         896      1048576       10212.220   1879048192    117440512
        1792            1         299.044         3584          224
        1792            2         289.999         7168          448
        1792            4         312.103        14336          896
        1792            8         368.618        28672         1792
        1792           16         365.373        57344         3584
        1792           32         309.749       114688         7168
        1792           64         313.047       229376        14336
        1792          128         326.038       458752        28672
        1792          256         250.645       917504        57344
        1792          512         355.553      1835008       114688
        1792         1024         327.983      3670016       229376
        1792         2048         345.941      7340032       458752
        1792         4096         306.681     14680064       917504
        1792         8192         408.729     29360128      1835008
        1792        16384         578.760     58720256      3670016
        1792        32768         693.528    117440512      7340032
        1792        65536        1263.127    234881024     14680064
        1792       131072        1629.551    469762048     29360128
        1792       262144        1250.677    939524096     58720256
        1792       524288        4894.888   1879048192    117440512
        2688            1         317.891         5376          336
        2688            2         284.527        10752          672
        2688            4         286.202        21504         1344
        2688            8         275.348        43008         2688
        2688           16         259.231        86016         5376
        2688           32         342.934       172032        10752
        2688           64         293.236       344064        21504
        2688          128         228.262       688128        43008
        2688          256         300.604      1376256        86016
        2688          512         312.671      2752512       172032
        2688         1024         334.388      5505024       344064
        2688         2048         380.736     11010048       688128
        2688         4096         354.500     22020096      1376256
        2688         8192         321.251     44040192      2752512
        2688        16384         401.418     88080384      5505024
        2688        32768        1259.208    176160768     11010048
        2688        65536        1632.875    352321536     22020096
        2688       131072        2982.510    704643072     44040192
        2688       262144        3085.627   1409286144     88080384
        3584            1         397.633         7168          448
        3584            2         324.294        14336          896
        3584            4         275.979        28672         1792
        3584            8         362.253        57344         3584
        3584           16         361.613       114688         7168
        3584           32         318.333       229376        14336
        3584           64         303.176       458752        28672
        3584          128         293.810       917504        57344
        3584          256         309.003      1835008       114688
        3584          512         336.717      3670016       229376
        3584         1024         381.710      7340032       458752
        3584         2048         297.321     14680064       917504
        3584         4096         378.988     29360128      1835008
        3584         8192         434.224     58720256      3670016
        3584        16384         590.316    117440512      7340032
        3584        32768        1325.681    234881024     14680064
        3584        65536        2290.296    469762048     29360128
        3584       131072        1756.853    939524096     58720256
        3584       262144        3732.114   1879048192    117440512
        4480            1         302.343         8960          560
        4480            2         408.885        17920         1120
        4480            4         387.827        35840         2240
        4480            8         329.784        71680         4480
        4480           16         347.123       143360         8960
        4480           32         373.689       286720        17920
        4480           64         302.855       573440        35840
        4480          128         347.125      1146880        71680
        4480          256         295.535      2293760       143360
        4480          512         370.193      4587520       286720
        4480         1024         332.680      9175040       573440
        4480         2048         427.170     18350080      1146880
        4480         4096         318.516     36700160      2293760
        4480         8192         410.182     73400320      4587520
        4480        16384         655.719    146800640      9175040
        4480        32768         964.153    293601280     18350080
        4480        65536        1411.924    587202560     36700160
        4480       131072        2564.278   1174405120     73400320
        5376            1         353.572        10752          672
        5376            2         374.495        21504         1344
        5376            4         353.330        43008         2688
        5376            8         332.078        86016         5376
        5376           16         403.434       172032        10752
        5376           32         437.576       344064        21504
        5376           64           8.207       688128        43008
        5376          128         365.139      1376256        86016
        5376          256         328.318      2752512       172032
        5376          512         329.276      5505024       344064
        5376         1024         370.580     11010048       688128
        5376         2048         359.227     22020096      1376256
        5376         4096         372.311     44040192      2752512
        5376         8192         557.772     88080384      5505024
        5376        16384         618.695    176160768     11010048
        5376        32768        1296.727    352321536     22020096
        5376        65536        2337.681    704643072     44040192
        5376       131072        4623.794   1409286144     88080384
        6272            1         352.780        12544          784
        6272            2         327.407        25088         1568
        6272            4         459.976        50176         3136
        6272            8         397.898       100352         6272
        6272           16         359.432       200704        12544
        6272           32         360.350       401408        25088
        6272           64         382.216       802816        50176
        6272          128         431.572      1605632       100352
        6272          256         386.227      3211264       200704
        6272          512         334.531      6422528       401408
        6272         1024         461.416     12845056       802816
        6272         2048         476.962     25690112      1605632
        6272         4096         497.592     51380224      3211264
        6272         8192         542.429    102760448      6422528
        6272        16384         870.280    205520896     12845056
        6272        32768        1522.272    411041792     25690112
        6272        65536        3036.234    822083584     51380224
        6272       131072        5542.331   1644167168    102760448
        7168            1         384.151        14336          896
        7168            2         376.141        28672         1792
        7168            4         378.840        57344         3584
        7168            8         410.402       114688         7168
        7168           16         332.749       229376        14336
        7168           32         386.622       458752        28672
        7168           64         377.247       917504        57344
        7168          128         417.841      1835008       114688
        7168          256         345.393      3670016       229376
        7168          512         442.604      7340032       458752
        7168         1024         403.756     14680064       917504
        7168         2048         385.345     29360128      1835008
        7168         4096         425.543     58720256      3670016
        7168         8192         468.814    117440512      7340032
        7168        16384         831.376    234881024     14680064
        7168        32768        1500.868    469762048     29360128
        7168        65536         929.747    939524096     58720256
        7168       131072        4997.090   1879048192    117440512
        8064            1         375.220        16128         1008
        8064            2         425.820        32256         2016
        8064            4         460.134        64512         4032
        8064            8         365.125       129024         8064
        8064           16         391.245       258048        16128
        8064           32         392.653       516096        32256
        8064           64         449.025      1032192        64512
        8064          128         424.554      2064384       129024
        8064          256         486.736      4128768       258048
        8064          512         463.054      8257536       516096
        8064         1024         431.354     16515072      1032192
        8064         2048         469.038     33030144      2064384
        8064         4096         491.011     66060288      4128768
        8064         8192         574.695    132120576      8257536
        8064        16384         819.265    264241152     16515072
        8064        32768        1641.280    528482304     33030144
        8064        65536        2044.740   1056964608     66060288
        8064       131072        4029.573   2113929216    132120576
        8960            1         470.874        17920         1120
        8960            2         401.660        35840         2240
        8960            4         371.247        71680         4480
        8960            8         386.671       143360         8960
        8960           16         379.236       286720        17920
        8960           32         414.051       573440        35840
        8960           64         369.824      1146880        71680
        8960          128         438.165      2293760       143360
        8960          256         580.198      4587520       286720
        8960          512         399.505      9175040       573440
        8960         1024         483.340     18350080      1146880
        8960         2048         516.299     36700160      2293760
        8960         4096         463.944     73400320      4587520
        8960         8192         553.736    146800640      9175040
        8960        16384        1034.310    293601280     18350080
        8960        32768        2028.006    587202560     36700160
        8960        65536        3301.776   1174405120     73400320
        9856            1         443.133        19712         1232
        9856            2         410.611        39424         2464
        9856            4         405.158        78848         4928
        9856            8         358.620       157696         9856
        9856           16         421.985       315392        19712
        9856           32         455.512       630784        39424
        9856           64         438.940      1261568        78848
        9856          128         410.471      2523136       157696
        9856          256         368.032      5046272       315392
        9856          512         431.264     10092544       630784
        9856         1024         402.434     20185088      1261568
        9856         2048         500.735     40370176      2523136
        9856         4096         505.452     80740352      5046272
        9856         8192         755.098    161480704     10092544
        9856        16384        1224.155    322961408     20185088
        9856        32768        1428.293    645922816     40370176
        9856        65536        2167.992   1291845632     80740352
       10752            1         371.154        21504         1344
       10752            2         426.901        43008         2688
       10752            4         467.883        86016         5376
       10752            8         440.466       172032        10752
       10752           16         444.336       344064        21504
       10752           32           7.958       688128        43008
       10752           64         484.276      1376256        86016
       10752          128         472.494      2752512       172032
       10752          256         416.608      5505024       344064
       10752          512         432.299     11010048       688128
       10752         1024         391.981     22020096      1376256
       10752         2048         401.112     44040192      2752512
       10752         4096         537.805     88080384      5505024
       10752         8192         800.120    176160768     11010048
       10752        16384        1138.315    352321536     22020096
       10752        32768        2043.998    704643072     44040192
       10752        65536        3847.472   1409286144     88080384
       11648            1         476.260        23296         1456
       11648            2         407.376        46592         2912
       11648            4         457.436        93184         5824
       11648            8         380.417       186368        11648
       11648           16         409.180       372736        23296
       11648           32         482.880       745472        46592
       11648           64         498.954      1490944        93184
       11648          128         408.654      2981888       186368
       11648          256         627.729      5963776       372736
       11648          512         483.409     11927552       745472
       11648         1024         445.765     23855104      1490944
       11648         2048         664.949     47710208      2981888
       11648         4096         631.844     95420416      5963776
       11648         8192         843.986    190840832     11927552
       11648        16384        1104.272    381681664     23855104
       11648        32768        1986.608    763363328     47710208
       11648        65536        2424.680   1526726656     95420416
       12544            1         437.006        25088         1568
       12544            2         422.335        50176         3136
       12544            4         418.800       100352         6272
       12544            8         384.466       200704        12544
       12544           16           8.020       401408        25088
       12544           32         418.375       802816        50176
       12544           64         440.367      1605632       100352
       12544          128         360.785      3211264       200704
       12544          256         443.734      6422528       401408
       12544          512         434.140     12845056       802816
       12544         1024         543.835     25690112      1605632
       12544         2048         550.324     51380224      3211264
       12544         4096         580.995    102760448      6422528
       12544         8192         780.552    205520896     12845056
       12544        16384        1398.914    411041792     25690112
       12544        32768        2653.009    822083584     51380224
       12544        65536        4167.573   1644167168    102760448
       13440            1         438.044        26880         1680
       13440            2         374.138        53760         3360
       13440            4         400.056       107520         6720
       13440            8         424.465       215040        13440
       13440           16         409.442       430080        26880
       13440           32         444.534       860160        53760
       13440           64         357.644      1720320       107520
       13440          128         474.422      3440640       215040
       13440          256         450.758      6881280       430080
       13440          512         436.300     13762560       860160
       13440         1024         531.540     27525120      1720320
       13440         2048         487.507     55050240      3440640
       13440         4096         539.580    110100480      6881280
       13440         8192        1015.714    220200960     13762560
       13440        16384        1398.574    440401920     27525120
       13440        32768        2987.339    880803840     55050240
       13440        65536        5024.076   1761607680    110100480
       14336            1         437.336        28672         1792
       14336            2         490.850        57344         3584
       14336            4         485.767       114688         7168
       14336            8         430.068       229376        14336
       14336           16         359.780       458752        28672
       14336           32         370.116       917504        57344
       14336           64         407.127      1835008       114688
       14336          128         587.120      3670016       229376
       14336          256         421.374      7340032       458752
       14336          512         410.083     14680064       917504
       14336         1024         495.920     29360128      1835008
       14336         2048         470.956     58720256      3670016
       14336         4096         572.418    117440512      7340032
       14336         8192         760.648    234881024     14680064
       14336        16384        1439.719    469762048     29360128
       14336        32768        3101.764    939524096     58720256
       14336        65536        4738.905   1879048192    117440512
       15232            1         400.295        30464         1904
       15232            2         403.969        60928         3808
       15232            4         479.604       121856         7616
       15232            8         410.780       243712        15232
       15232           16         449.838       487424        30464
       15232           32         490.700       974848        60928
       15232           64         420.148      1949696       121856
       15232          128         384.560      3899392       243712
       15232          256         418.425      7798784       487424
       15232          512         477.504     15597568       974848
       15232         1024         447.718     31195136      1949696
       15232         2048         451.804     62390272      3899392
       15232         4096         540.676    124780544      7798784
       15232         8192         834.364    249561088     15597568
       15232        16384        1989.120    499122176     31195136
       15232        32768        2811.263    998244352     62390272
       15232        65536        5488.527   1996488704    124780544
       16128            1         419.089        32256         2016
       16128            2         400.124        64512         4032
       16128            4         440.060       129024         8064
       16128            8         446.969       258048        16128
       16128           16         466.114       516096        32256
       16128           32         353.470      1032192        64512
       16128           64         381.596      2064384       129024
       16128          128         408.880      4128768       258048
       16128          256         467.712      8257536       516096
       16128          512         428.576     16515072      1032192
       16128         1024         454.484     33030144      2064384
       16128         2048         432.780     66060288      4128768
       16128         4096         545.887    132120576      8257536
       16128         8192         806.191    264241152     16515072
       16128        16384        1497.345    528482304     33030144
       16128        32768        3365.726   1056964608     66060288
       16128        65536        5063.962   2113929216    132120576
       17024            1         417.646        34048         2128
       17024            2         377.679        68096         4256
       17024            4         355.652       136192         8512
       17024            8         405.189       272384        17024
       17024           16         419.040       544768        34048
       17024           32         434.260      1089536        68096
       17024           64         402.596      2179072       136192
       17024          128         485.542      4358144       272384
       17024          256         468.529      8716288       544768
       17024          512          23.408     17432576      1089536
       17024         1024         454.531     34865152      2179072
       17024         2048         496.121     69730304      4358144
       17024         4096         623.004    139460608      8716288
       17024         8192         987.439    278921216     17432576
       17024        16384        1679.090    557842432     34865152
       17024        32768        3045.514   1115684864     69730304
       17920            1         408.480        35840         2240
       17920            2         399.980        71680         4480
       17920            4         470.768       143360         8960
       17920            8         458.356       286720        17920
       17920           16         407.296       573440        35840
       17920           32         429.087      1146880        71680
       17920           64         499.399      2293760       143360
       17920          128         410.175      4587520       286720
       17920          256         377.222      9175040       573440
       17920          512         362.055     18350080      1146880
       17920         1024         393.346     36700160      2293760
       17920         2048         484.040     73400320      4587520
       17920         4096         583.475    146800640      9175040
       17920         8192         884.825    293601280     18350080
       17920        16384        1447.480    587202560     36700160
       17920        32768        1848.308   1174405120     73400320
       19712            1         345.120        39424         2464
       19712            2         393.207        78848         4928
       19712            4         426.629       157696         9856
       19712            8         549.824       315392        19712
       19712           16         364.156       630784        39424
       19712           32         375.040      1261568        78848
       19712           64         479.420      2523136       157696
       19712          128         399.080      5046272       315392
       19712          256         446.655     10092544       630784
       19712          512         474.220     20185088      1261568
       19712         1024         458.136     40370176      2523136
       19712         2048         463.016     80740352      5046272
       19712         4096         618.525    161480704     10092544
       19712         8192        1038.612    322961408     20185088
       19712        16384        1829.223    645922816     40370176
       19712        32768        3247.756   1291845632     80740352
       21504            1         379.936        43008         2688
       21504            2         347.174        86016         5376
       21504            4         393.689       172032        10752
       21504            8         432.396       344064        21504
       21504           16         503.677       688128        43008
       21504           32         407.660      1376256        86016
       21504           64         360.440      2752512       172032
       21504          128         388.825      5505024       344064
       21504          256         407.752     11010048       688128
       21504          512         462.815     22020096      1376256
       21504         1024         465.216     44040192      2752512
       21504         2048         474.296     88080384      5505024
       21504         4096         610.848    176160768     11010048
       21504         8192         849.604    352321536     22020096
       21504        16384        1588.020    704643072     44040192
       21504        32768        2201.955   1409286144     88080384
       23296            1           4.076        46592         2912
       23296            2         399.567        93184         5824
       23296            4         466.442       186368        11648
       23296            8         484.744       372736        23296
       23296           16         417.173       745472        46592
       23296           32         449.724      1490944        93184
       23296           64         473.195      2981888       186368
       23296          128         420.008      5963776       372736
       23296          256         414.616     11927552       745472
       23296          512         466.164     23855104      1490944
       23296         1024         422.120     47710208      2981888
       23296         2048         477.237     95420416      5963776
       23296         4096         630.271    190840832     11927552
       23296         8192        1029.928    381681664     23855104
       23296        16384        2125.331    763363328     47710208
       23296        32768        3841.640   1526726656     95420416
       25088            1         437.720        50176         3136
       25088            2         484.064       100352         6272
       25088            4         371.484       200704        12544
       25088            8         361.843       401408        25088
       25088           16         366.086       802816        50176
       25088           32           5.376      1605632       100352
       25088           64         465.920      3211264       200704
       25088          128         447.852      6422528       401408
       25088          256         414.654     12845056       802816
       25088          512         412.967     25690112      1605632
       25088         1024         429.646     51380224      3211264
       25088         2048         497.962    102760448      6422528
       25088         4096         997.869    205520896     12845056
       25088         8192        1247.164    411041792     25690112
       25088        16384        2577.400    822083584     51380224
       25088        32768        4407.780   1644167168    102760448
       26880            1         407.860        53760         3360
       26880            2         366.527       107520         6720
       26880            4         404.462       215040        13440
       26880            8         403.402       430080        26880
       26880           16         471.724       860160        53760
       26880           32         381.684      1720320       107520
       26880           64         440.864      3440640       215040
       26880          128         386.572      6881280       430080
       26880          256         515.214     13762560       860160
       26880          512         497.044     27525120      1720320
       26880         1024         448.269     55050240      3440640
       26880         2048         609.446    110100480      6881280
       26880         4096         895.772    220200960     13762560
       26880         8192        1291.444    440401920     27525120
       26880        16384        1240.890    880803840     55050240
       26880        32768        4477.196   1761607680    110100480
       29568            1         457.367        59136         3696
       29568            2         412.847       118272         7392
       29568            4         378.998       236544        14784
       29568            8         468.501       473088        29568
       29568           16         448.835       946176        59136
       29568           32         412.782      1892352       118272
       29568           64         477.851      3784704       236544
       29568          128         408.029      7569408       473088
       29568          256         445.336     15138816       946176
       29568          512         412.581     30277632      1892352
       29568         1024         416.099     60555264      3784704
       29568         2048         498.213    121110528      7569408
       29568         4096         603.756    242221056     15138816
       29568         8192        1789.168    484442112     30277632
       29568        16384        2671.016    968884224     60555264
       29568        32768        4750.645   1937768448    121110528
       32256            1         431.147        64512         4032
       32256            2         374.849       129024         8064
       32256            4         415.755       258048        16128
       32256            8         426.147       516096        32256
       32256           16         475.164      1032192        64512
       32256           32         384.467      2064384       129024
       32256           64         369.385      4128768       258048
       32256          128         389.808      8257536       516096
       32256          256         478.535     16515072      1032192
       32256          512         443.292     33030144      2064384
       32256         1024         510.568     66060288      4128768
       32256         2048         631.458    132120576      8257536
       32256         4096         939.344    264241152     16515072
       32256         8192        1280.249    528482304     33030144
       32256        16384        2362.020   1056964608     66060288
       32256        32768        2927.374   2113929216    132120576
       34944            1          13.886        69888         4368
       34944            2         439.472       139776         8736
       34944            4         510.972       279552        17472
       34944            8         459.236       559104        34944
       34944           16         439.006      1118208        69888
       34944           32         467.942      2236416       139776
       34944           64         464.099      4472832       279552
       34944          128         379.230      8945664       559104
       34944          256         392.703     17891328      1118208
       34944          512         415.728     35782656      2236416
       34944         1024         534.727     71565312      4472832
       34944         2048         599.200    143130624      8945664
       34944         4096         716.676    286261248     17891328
       34944         8192        1185.780    572522496     35782656
       34944        16384        1870.696   1145044992     71565312
       37632            1         402.236        75264         4704
       37632            2         436.892       150528         9408
       37632            4         400.944       301056        18816
       37632            8         396.916       602112        37632
       37632           16         500.544      1204224        75264
       37632           32         504.544      2408448       150528
       37632           64          15.688      4816896       301056
       37632          128         430.714      9633792       602112
       37632          256         473.681     19267584      1204224
       37632          512         428.368     38535168      2408448
       37632         1024         500.447     77070336      4816896
       37632         2048         637.002    154140672      9633792
       37632         4096         899.787    308281344     19267584
       37632         8192        2064.124    616562688     38535168
       37632        16384        2982.125   1233125376     77070336
       41216            1         417.800        82432         5152
       41216            2         500.040       164864        10304
       41216            4         420.773       329728        20608
       41216            8         435.360       659456        41216
       41216           16         366.345      1318912        82432
       41216           32         447.864      2637824       164864
       41216           64         398.280      5275648       329728
       41216          128         416.699     10551296       659456
       41216          256         394.071     21102592      1318912
       41216          512         444.962     42205184      2637824
       41216         1024         405.235     84410368      5275648
       41216         2048         560.555    168820736     10551296
       41216         4096         856.219    337641472     21102592
       41216         8192        1347.376    675282944     42205184
       41216        16384        3178.648   1350565888     84410368
       44800            1         433.974        89600         5600
       44800            2         423.688       179200        11200
       44800            4         443.654       358400        22400
       44800            8         484.028       716800        44800
       44800           16         412.288      1433600        89600
       44800           32           5.501      2867200       179200
       44800           64         457.608      5734400       358400
       44800          128         426.425     11468800       716800
       44800          256         409.965     22937600      1433600
       44800          512         452.951     45875200      2867200
       44800         1024         487.167     91750400      5734400
       44800         2048         705.808    183500800     11468800
       44800         4096        1278.500    367001600     22937600
       44800         8192        2239.646    734003200     45875200
       44800        16384        3521.728   1468006400     91750400
       49280            1         444.656        98560         6160
       49280            2         410.636       197120        12320
       49280            4         466.040       394240        24640
       49280            8         426.993       788480        49280
       49280           16         410.893      1576960        98560
       49280           32         386.462      3153920       197120
       49280           64         449.955      6307840       394240
       49280          128         444.140     12615680       788480
       49280          256         417.187     25231360      1576960
       49280          512         456.396     50462720      3153920
       49280         1024         530.147    100925440      6307840
       49280         2048         860.576    201850880     12615680
       49280         4096        1338.761    403701760     25231360
       49280         8192        2236.884    807403520     50462720
       49280        16384        4137.092   1614807040    100925440
       53760            1         413.336       107520         6720
       53760            2         382.289       215040        13440
       53760            4         438.294       430080        26880
       53760            8         374.704       860160        53760
       53760           16         459.591      1720320       107520
       53760           32         364.720      3440640       215040
       53760           64         481.008      6881280       430080
       53760          128         497.704     13762560       860160
       53760          256         440.984     27525120      1720320
       53760          512         486.006     55050240      3440640
       53760         1024         429.167    110100480      6881280
       53760         2048         693.452    220200960     13762560
       53760         4096        1244.872    440401920     27525120
       53760         8192        2622.026    880803840     55050240
       53760        16384        4304.440   1761607680    110100480
       59136            1         421.084       118272         7392
       59136            2         439.202       236544        14784
       59136            4         448.618       473088        29568
       59136            8         355.180       946176        59136
       59136           16         385.339      1892352       118272
       59136           32         400.524      3784704       236544
       59136           64         421.122      7569408       473088
       59136          128         458.622     15138816       946176
       59136          256         407.900     30277632      1892352
       59136          512         416.688     60555264      3784704
       59136         1024         511.660    121110528      7569408
       59136         2048         779.298    242221056     15138816
       59136         4096        1351.060    484442112     30277632
       59136         8192        3306.157    968884224     60555264
       59136        16384        4554.245   1937768448    121110528
       64512            1         415.254       129024         8064
       64512            2         426.067       258048        16128
       64512            4         407.240       516096        32256
       64512            8         495.257      1032192        64512
       64512           16         401.872      2064384       129024
       64512           32         373.060      4128768       258048
       64512           64         378.584      8257536       516096
       64512          128         425.300     16515072      1032192
       64512          256         458.296     33030144      2064384
       64512          512         554.366     66060288      4128768
       64512         1024         539.654    132120576      8257536
       64512         2048         946.711    264241152     16515072
       64512         4096        1767.545    528482304     33030144
       64512         8192        2614.348   1056964608     66060288
       64512        16384        5219.313   2113929216    132120576
       70784            1         371.336       141568         8848
       70784            2         388.346       283136        17696
       70784            4         423.608       566272        35392
       70784            8         453.177      1132544        70784
       70784           16         452.726      2265088       141568
       70784           32         467.096      4530176       283136
       70784           64         347.006      9060352       566272
       70784          128         397.192     18120704      1132544
       70784          256         429.944     36241408      2265088
       70784          512         455.884     72482816      4530176
       70784         1024         530.896    144965632      9060352
       70784         2048         948.040    289931264     18120704
       70784         4096        1339.049    579862528     36241408
       70784         8192        2549.532   1159725056     72482816
       77056            1         406.140       154112         9632
       77056            2         352.312       308224        19264
       77056            4         403.152       616448        38528
       77056            8         424.644      1232896        77056
       77056           16         402.510      2465792       154112
       77056           32         442.295      4931584       308224
       77056           64         363.191      9863168       616448
       77056          128         427.152     19726336      1232896
       77056          256         460.903     39452672      2465792
       77056          512         470.860     78905344      4931584
       77056         1024         572.796    157810688      9863168
       77056         2048        1203.854    315621376     19726336
       77056         4096        2403.868    631242752     39452672
       77056         8192        3427.702   1262485504     78905344
       84224            1         411.927       168448        10528
       84224            2         366.478       336896        21056
       84224            4         364.707       673792        42112
       84224            8         380.688      1347584        84224
       84224           16         467.305      2695168       168448
       84224           32           6.922      5390336       336896
       84224           64         436.420     10780672       673792
       84224          128         436.036     21561344      1347584
       84224          256         470.094     43122688      2695168
       84224          512         550.620     86245376      5390336
       84224         1024         666.036    172490752     10780672
       84224         2048         923.720    344981504     21561344
       84224         4096        2233.668    689963008     43122688
       84224         8192        3489.288   1379926016     86245376
       92288            1         472.218       184576        11536
       92288            2         422.272       369152        23072
       92288            4         432.016       738304        46144
       92288            8         421.124      1476608        92288
       92288           16         376.211      2953216       184576
       92288           32         404.251      5906432       369152
       92288           64         395.522     11812864       738304
       92288          128         452.891     23625728      1476608
       92288          256         393.340     47251456      2953216
       92288          512         459.735     94502912      5906432
       92288         1024         521.699    189005824     11812864
       92288         2048        1079.573    378011648     23625728
       92288         4096        1977.455    756023296     47251456
       92288         8192        3712.168   1512046592     94502912
      101248            1         443.692       202496        12656
      101248            2         433.830       404992        25312
      101248            4         364.907       809984        50624
      101248            8         433.673      1619968       101248
      101248           16         407.844      3239936       202496
      101248           32         428.718      6479872       404992
      101248           64         407.827     12959744       809984
      101248          128         425.402     25919488      1619968
      101248          256         508.320     51838976      3239936
      101248          512         491.947    103677952      6479872
      101248         1024         668.487    207355904     12959744
      101248         2048        1041.602    414711808     25919488
      101248         4096        2647.434    829423616     51838976
      101248         8192        4072.810   1658847232    103677952
      111104            1         463.820       222208        13888
      111104            2         412.069       444416        27776
      111104            4         407.090       888832        55552
      111104            8         348.669      1777664       111104
      111104           16         456.591      3555328       222208
      111104           32         423.105      7110656       444416
      111104           64         398.360     14221312       888832
      111104          128         359.627     28442624      1777664
      111104          256         419.229     56885248      3555328
      111104          512         482.373    113770496      7110656
      111104         1024         634.314    227540992     14221312
      111104         2048        1164.868    455081984     28442624
      111104         4096        2403.706    910163968     56885248
      111104         8192        4292.794   1820327936    113770496
      121856            1         513.018       243712        15232
      121856            2         411.607       487424        30464
      121856            4         370.940       974848        60928
      121856            8           8.714      1949696       121856
      121856           16         483.069      3899392       243712
      121856           32         402.711      7798784       487424
      121856           64         458.320     15597568       974848
      121856          128         477.123     31195136      1949696
      121856          256         404.963     62390272      3899392
      121856          512         501.952    124780544      7798784
      121856         1024         728.432    249561088     15597568
      121856         2048        1740.370    499122176     31195136
      121856         4096        2457.868    998244352     62390272
      121856         8192        4606.484   1996488704    124780544
      133504            1         429.871       267008        16688
      133504            2         422.095       534016        33376
      133504            4         435.644      1068032        66752
      133504            8         355.965      2136064       133504
      133504           16         504.613      4272128       267008
      133504           32         432.045      8544256       534016
      133504           64         400.852     17088512      1068032
      133504          128         381.404     34177024      2136064
      133504          256         399.641     68354048      4272128
      133504          512         540.554    136708096      8544256
      133504         1024         666.143    273416192     17088512
      133504         2048        1183.416    546832384     34177024
      133504         4096        2634.433   1093664768     68354048
      146048            1         402.028       292096        18256
      146048            2         455.824       584192        36512
      146048            4         478.661      1168384        73024
      146048            8         411.852      2336768       146048
      146048           16         468.220      4673536       292096
      146048           32          15.812      9347072       584192
      146048           64         414.978     18694144      1168384
      146048          128         379.210     37388288      2336768
      146048          256         472.158     74776576      4673536
      146048          512         633.660    149553152      9347072
      146048         1024        1091.142    299106304     18694144
      146048         2048        1698.268    598212608     37388288
      146048         4096        3016.715   1196425216     74776576
      160384            1         450.167       320768        20048
      160384            2         393.511       641536        40096
      160384            4         445.600      1283072        80192
      160384            8         413.651      2566144       160384
      160384           16         426.065      5132288       320768
      160384           32         423.675     10264576       641536
      160384           64         379.172     20529152      1283072
      160384          128         437.764     41058304      2566144
      160384          256         618.827     82116608      5132288
      160384          512         684.307    164233216     10264576
      160384         1024         942.743    328466432     20529152
      160384         2048        2188.200    656932864     41058304
      160384         4096        3600.727   1313865728     82116608
      175616            1         437.011       351232        21952
      175616            2         457.791       702464        43904
      175616            4         429.824      1404928        87808
      175616            8         364.240      2809856       175616
      175616           16         449.873      5619712       351232
      175616           32         413.246     11239424       702464
      175616           64         425.424     22478848      1404928
      175616          128         455.236     44957696      2809856
      175616          256         457.912     89915392      5619712
      175616          512         594.938    179830784     11239424
      175616         1024         839.688    359661568     22478848
      175616         2048        1678.624    719323136     44957696
      175616         4096        3076.175   1438646272     89915392
      192640            1         433.277       385280        24080
      192640            2         400.993       770560        48160
      192640            4         425.842      1541120        96320
      192640            8         454.140      3082240       192640
      192640           16         427.666      6164480       385280
      192640           32         428.902     12328960       770560
      192640           64         480.900     24657920      1541120
      192640          128         418.316     49315840      3082240
      192640          256         504.634     98631680      6164480
      192640          512         595.878    197263360     12328960
      192640         1024        1067.232    394526720     24657920
      192640         2048        1848.560    789053440     49315840
      192640         4096        2094.725   1578106880     98631680
      211456            1         499.365       422912        26432
      211456            2         391.851       845824        52864
      211456            4         460.689      1691648       105728
      211456            8         542.358      3383296       211456
      211456           16         439.678      6766592       422912
      211456           32         474.351     13533184       845824
      211456           64         438.267     27066368      1691648
      211456          128         439.756     54132736      3383296
      211456          256         537.230    108265472      6766592
      211456          512         686.552    216530944     13533184
      211456         1024        1499.040    433061888     27066368
      211456         2048        2326.442    866123776     54132736
      211456         4096        3948.852   1732247552    108265472
      232064            1         350.545       464128        29008
      232064            2         433.260       928256        58016
      232064            4         387.856      1856512       116032
      232064            8         469.282      3713024       232064
      232064           16         439.042      7426048       464128
      232064           32         429.697     14852096       928256
      232064           64         474.215     29704192      1856512
      232064          128         401.509     59408384      3713024
      232064          256         475.120    118816768      7426048
      232064          512         615.130    237633536     14852096
      232064         1024         765.008    475267072     29704192
      232064         2048        2591.367    950534144     59408384
      232064         4096        4556.396   1901068288    118816768
      254464            1         406.589       508928        31808
      254464            2         446.941      1017856        63616
      254464            4         393.191      2035712       127232
      254464            8         471.378      4071424       254464
      254464           16         416.100      8142848       508928
      254464           32         464.624     16285696      1017856
      254464           64         459.220     32571392      2035712
      254464          128         469.080     65142784      4071424
      254464          256         541.620    130285568      8142848
      254464          512         757.924    260571136     16285696
      254464         1024        1263.619    521142272     32571392
      254464         2048        2701.632   1042284544     65142784
      254464         4096        5206.394   2084569088    130285568
      279552            1         383.838       559104        34944
      279552            2         445.964      1118208        69888
      279552            4         411.899      2236416       139776
      279552            8         399.310      4472832       279552
      279552           16         423.520      8945664       559104
      279552           32         517.861     17891328      1118208
      279552           64         450.160     35782656      2236416
      279552          128         517.358     71565312      4472832
      279552          256         603.344    143130624      8945664
      279552          512         863.695    286261248     17891328
      279552         1024        1273.844    572522496     35782656
      279552         2048        2192.103   1145044992     71565312
      307328            1         570.929       614656        38416
      307328            2         389.377      1229312        76832
      307328            4         390.420      2458624       153664
      307328            8         379.200      4917248       307328
      307328           16         451.032      9834496       614656
      307328           32         481.004     19668992      1229312
      307328           64         452.552     39337984      2458624
      307328          128         529.105     78675968      4917248
      307328          256         653.708    157351936      9834496
      307328          512         636.320    314703872     19668992
      307328         1024        2051.039    629407744     39337984
      307328         2048        3138.718   1258815488     78675968
      337792            1         447.478       675584        42224
      337792            2         457.491      1351168        84448
      337792            4         431.732      2702336       168896
      337792            8         394.974      5404672       337792
      337792           16         427.035     10809344       675584
      337792           32         487.095     21618688      1351168
      337792           64         435.304     43237376      2702336
      337792          128         483.824     86474752      5404672
      337792          256         611.536    172949504     10809344
      337792          512         906.924    345899008     21618688
      337792         1024        1665.824    691798016     43237376
      337792         2048        3564.000   1383596032     86474752
      370944            1         398.848       741888        46368
      370944            2         375.109      1483776        92736
      370944            4         400.285      2967552       185472
      370944            8         491.983      5935104       370944
      370944           16         469.353     11870208       741888
      370944           32         462.120     23740416      1483776
      370944           64         423.972     47480832      2967552
      370944          128         484.184     94961664      5935104
      370944          256         537.182    189923328     11870208
      370944          512        1178.380    379846656     23740416
      370944         1024        1875.852    759693312     47480832
      370944         2048        1971.100   1519386624     94961664
      407680            1         479.635       815360        50960
      407680            2         386.744      1630720       101920
      407680            4         464.551      3261440       203840
      407680            8         457.833      6522880       407680
      407680           16         427.883     13045760       815360
      407680           32         533.929     26091520      1630720
      407680           64         553.002     52183040      3261440
      407680          128         531.325    104366080      6522880
      407680          256         849.424    208732160     13045760
      407680          512        1360.973    417464320     26091520
      407680         1024        2114.624    834928640     52183040
      407680         2048        4017.731   1669857280    104366080
      448000            1         368.689       896000        56000
      448000            2         375.018      1792000       112000
      448000            4         395.889      3584000       224000
      448000            8         452.538      7168000       448000
      448000           16         415.294     14336000       896000
      448000           32         389.305     28672000      1792000
      448000           64         421.651     57344000      3584000
      448000          128         452.506    114688000      7168000
      448000          256         664.092    229376000     14336000
      448000          512        1250.660    458752000     28672000
      448000         1024        2357.912    917504000     57344000
      448000         2048        4297.339   1835008000    114688000
      492800            1         503.188       985600        61600
      492800            2         431.480      1971200       123200
      492800            4         438.582      3942400       246400
      492800            8         357.560      7884800       492800
      492800           16         560.607     15769600       985600
      492800           32         491.198     31539200      1971200
      492800           64         476.509     63078400      3942400
      492800          128         526.300    126156800      7884800
      492800          256         781.412    252313600     15769600
      492800          512        1571.640    504627200     31539200
      492800         1024        3159.732   1009254400     63078400
      492800         2048        4561.655   2018508800    126156800
      542080            1         432.542      1084160        67760
      542080            2         452.360      2168320       135520
      542080            4         438.524      4336640       271040
      542080            8         407.902      8673280       542080
      542080           16         479.892     17346560      1084160
      542080           32         460.466     34693120      2168320
      542080           64         497.210     69386240      4336640
      542080          128         531.838    138772480      8673280
      542080          256         804.465    277544960     17346560
      542080          512        1473.834    555089920     34693120
      542080         1024        1982.868   1110179840     69386240
      595840            1         478.704      1191680        74480
      595840            2         374.085      2383360       148960
      595840            4         570.609      4766720       297920
      595840            8         491.635      9533440       595840
      595840           16         438.655     19066880      1191680
      595840           32         435.062     38133760      2383360
      595840           64         539.659     76267520      4766720
      595840          128         612.896    152535040      9533440
      595840          256         852.460    305070080     19066880
      595840          512        1492.458    610140160     38133760
      595840         1024        3720.379   1220280320     76267520
      654976            1         433.224      1309952        81872
      654976            2         379.587      2619904       163744
      654976            4         450.031      5239808       327488
      654976            8         389.953     10479616       654976
      654976           16         468.891     20959232      1309952
      654976           32         466.808     41918464      2619904
      654976           64         543.858     83836928      5239808
      654976          128         611.600    167673856     10479616
      654976          256         896.182    335347712     20959232
      654976          512        2303.658    670695424     41918464
      654976         1024        3201.188   1341390848     83836928
      720384            1         374.628      1440768        90048
      720384            2         428.997      2881536       180096
      720384            4         477.820      5763072       360192
      720384            8         394.612     11526144       720384
      720384           16         451.292     23052288      1440768
      720384           32         503.742     46104576      2881536
      720384           64         480.698     92209152      5763072
      720384          128         590.458    184418304     11526144
      720384          256         752.922    368836608     23052288
      720384          512        2004.620    737673216     46104576
      720384         1024        2058.260   1475346432     92209152
      792064            1         446.672      1584128        99008
      792064            2         441.732      3168256       198016
      792064            4         386.675      6336512       396032
      792064            8          10.578     12673024       792064
      792064           16         435.476     25346048      1584128
      792064           32         454.172     50692096      3168256
      792064           64         534.067    101384192      6336512
      792064          128         705.132    202768384     12673024
      792064          256        1180.553    405536768     25346048
      792064          512        2164.469    811073536     50692096
      792064         1024        3813.322   1622147072    101384192
      870912            1         370.963      1741824       108864
      870912            2         398.471      3483648       217728
      870912            4         491.624      6967296       435456
      870912            8         420.685     13934592       870912
      870912           16         472.917     27869184      1741824
      870912           32         450.372     55738368      3483648
      870912           64         477.303    111476736      6967296
      870912          128         833.146    222953472     13934592
      870912          256        1324.768    445906944     27869184
      870912          512        2289.607    891813888     55738368
      870912         1024        4114.840   1783627776    111476736
      957824            1         464.314      1915648       119728
      957824            2         412.180      3831296       239456
      957824            4         439.542      7662592       478912
      957824            8         437.360     15325184       957824
      957824           16         403.046     30650368      1915648
      957824           32         434.982     61300736      3831296
      957824           64         521.365    122601472      7662592
      957824          128         688.385    245202944     15325184
      957824          256        1645.033    490405888     30650368
      957824          512        1408.589    980811776     61300736
      957824         1024        2428.877   1961623552    122601472
     1052800            1         485.223      2105600       131600
     1052800            2         468.653      4211200       263200
     1052800            4         540.668      8422400       526400
     1052800            8         450.125     16844800      1052800
     1052800           16         445.860     33689600      2105600
     1052800           32         492.250     67379200      4211200
     1052800           64         588.456    134758400      8422400
     1052800          128         852.789    269516800     16844800
     1052800          256        1628.520    539033600     33689600
     1052800          512        2625.675   1078067200     67379200
     1157632            1         400.073      2315264       144704
     1157632            2         399.227      4630528       289408
     1157632            4         435.365      9261056       578816
     1157632            8         487.576     18522112      1157632
     1157632           16         513.624     37044224      2315264
     1157632           32         475.692     74088448      4630528
     1157632           64         555.896    148176896      9261056
     1157632          128         789.488    296353792     18522112
     1157632          256        1511.071    592707584     37044224
     1157632          512        2828.091   1185415168     74088448
     1273216            1         365.027      2546432       159152
     1273216            2         382.333      5092864       318304
     1273216            4         469.896     10185728       636608
     1273216            8         395.505     20371456      1273216
     1273216           16         505.846     40742912      2546432
     1273216           32         508.528     81485824      5092864
     1273216           64         724.211    162971648     10185728
     1273216          128        1172.624    325943296     20371456
     1273216          256        2004.547    651886592     40742912
     1273216          512        3157.852   1303773184     81485824
     1400448            1         377.752      2800896       175056
     1400448            2         374.364      5601792       350112
     1400448            4         464.480     11203584       700224
     1400448            8         412.335     22407168      1400448
     1400448           16         507.260     44814336      2800896
     1400448           32         519.124     89628672      5601792
     1400448           64         631.832    179257344     11203584
     1400448          128        1103.255    358514688     22407168
     1400448          256        1909.254    717029376     44814336
     1400448          512        3198.775   1434058752     89628672
     1540224            1         393.376      3080448       192528
     1540224            2         402.288      6160896       385056
     1540224            4         422.575     12321792       770112
     1540224            8         476.146     24643584      1540224
     1540224           16         518.628     49287168      3080448
     1540224           32         497.813     98574336      6160896
     1540224           64         570.007    197148672     12321792
     1540224          128         931.054    394297344     24643584
     1540224          256        1943.100    788594688     49287168
     1540224          512        2416.148   1577189376     98574336
     1693440            1         486.148      3386880       211680
     1693440            2         389.532      6773760       423360
     1693440            4         457.866     13547520       846720
     1693440            8         411.579     27095040      1693440
     1693440           16         413.506     54190080      3386880
     1693440           32         617.711    108380160      6773760
     1693440           64         809.813    216760320     13547520
     1693440          128        1438.824    433520640     27095040
     1693440          256        2070.524    867041280     54190080
     1693440          512        4234.703   1734082560    108380160
     1862784            1         411.690      3725568       232848
     1862784            2         416.867      7451136       465696
     1862784            4         446.140     14902272       931392
     1862784            8         409.732     29804544      1862784
     1862784           16         532.451     59609088      3725568
     1862784           32         513.128    119218176      7451136
     1862784           64         697.873    238436352     14902272
     1862784          128        1026.504    476872704     29804544
     1862784          256        1498.076    953745408     59609088
     1862784          512        2548.622   1907490816    119218176
     2048256            1         370.635      4096512       256032
     2048256            2         392.811      8193024       512064
     2048256            4         416.714     16386048      1024128
     2048256            8         604.966     32772096      2048256
     2048256           16         520.636     65544192      4096512
     2048256           32         577.459    131088384      8193024
     2048256           64         962.114    262176768     16386048
     2048256          128        1565.688    524353536     32772096
     2048256          256        3040.841   1048707072     65544192
     2048256          512        4754.479   2097414144    131088384
     2252544            1         471.508      4505088       281568
     2252544            2         454.036      9010176       563136
     2252544            4         400.624     18020352      1126272
     2252544            8         476.780     36040704      2252544
     2252544           16         467.437     72081408      4505088
     2252544           32         690.160    144162816      9010176
     2252544           64         908.752    288325632     18020352
     2252544          128        1779.584    576651264     36040704
     2252544          256        2712.072   1153302528     72081408
     2477440            1         445.356      4954880       309680
     2477440            2         403.586      9909760       619360
     2477440            4         443.416     19819520      1238720
     2477440            8         428.731     39639040      2477440
     2477440           16         418.201     79278080      4954880
     2477440           32         518.678    158556160      9909760
     2477440           64         731.994    317112320     19819520
     2477440          128        1373.415    634224640     39639040
     2477440          256        1278.564   1268449280     79278080
     2724736            1         364.600      5449472       340592
     2724736            2         396.461     10898944       681184
     2724736            4          19.000     21797888      1362368
     2724736            8         457.302     43595776      2724736
     2724736           16         527.765     87191552      5449472
     2724736           32         658.073    174383104     10898944
     2724736           64        1299.638    348766208     21797888
     2724736          128        2008.938    697532416     43595776
     2724736          256        3258.506   1395064832     87191552
     2997120            1         483.524      5994240       374640
     2997120            2         377.874     11988480       749280
     2997120            4         385.476     23976960      1498560
     2997120            8         396.318     47953920      2997120
     2997120           16         641.123     95907840      5994240
     2997120           32         709.092    191815680     11988480
     2997120           64        1453.184    383631360     23976960
     2997120          128        1950.039    767262720     47953920
     2997120          256        2289.239   1534525440     95907840
     3296384            1         393.235      6592768       412048
     3296384            2         392.375     13185536       824096
     3296384            4         449.436     26371072      1648192
     3296384            8         508.615     52742144      3296384
     3296384           16         492.664    105484288      6592768
     3296384           32         589.322    210968576     13185536
     3296384           64        1423.576    421937152     26371072
     3296384          128        1281.191    843874304     52742144
     3296384          256        3937.674   1687748608    105484288
     3625216            1         424.560      7250432       453152
     3625216            2         433.064     14500864       906304
     3625216            4         406.256     29001728      1812608
     3625216            8         509.958     58003456      3625216
     3625216           16         587.692    116006912      7250432
     3625216           32         705.587    232013824     14500864
     3625216           64        1353.960    464027648     29001728
     3625216          128        2465.327    928055296     58003456
     3625216          256        4233.472   1856110592    116006912
     3987200            1         426.258      7974400       498400
     3987200            2         432.054     15948800       996800
     3987200            4          29.676     31897600      1993600
     3987200            8         458.226     63795200      3987200
     3987200           16         557.996    127590400      7974400
     3987200           32         834.572    255180800     15948800
     3987200           64        1324.594    510361600     31897600
     3987200          128        2661.120   1020723200     63795200
     3987200          256        4645.533   2041446400    127590400
     4385920            1         416.980      8771840       548240
     4385920            2         471.618     17543680      1096480
     4385920            4         442.140     35087360      2192960
     4385920            8         442.585     70174720      4385920
     4385920           16         519.724    140349440      8771840
     4385920           32         893.160    280698880     17543680
     4385920           64        1595.456    561397760     35087360
     4385920          128        2650.012   1122795520     70174720
     4824064            1         423.714      9648128       603008
     4824064            2         436.774     19296256      1206016
     4824064            4         525.397     38592512      2412032
     4824064            8         491.291     77185024      4824064
     4824064           16         612.280    154370048      9648128
     4824064           32        1145.287    308740096     19296256
     4824064           64        1874.095    617480192     38592512
     4824064          128        3090.051   1234960384     77185024
     5306112            1         462.041     10612224       663264
     5306112            2         484.730     21224448      1326528
     5306112            4         510.495     42448896      2653056
     5306112            8         527.879     84897792      5306112
     5306112           16         659.370    169795584     10612224
     5306112           32         762.667    339591168     21224448
     5306112           64        1221.024    679182336     42448896
     5306112          128        1858.434   1358364672     84897792
     5836544            1         487.122     11673088       729568
     5836544            2         439.613     23346176      1459136
     5836544            4         496.619     46692352      2918272
     5836544            8         502.424     93384704      5836544
     5836544           16         518.997    186769408     11673088
     5836544           32        1346.559    373538816     23346176
     5836544           64        2047.258    747077632     46692352
     5836544          128        3504.132   1494155264     93384704
     6419840            1         369.203     12839680       802480
     6419840            2         445.911     25679360      1604960
     6419840            4         452.502     51358720      3209920
     6419840            8         502.068    102717440      6419840
     6419840           16         711.666    205434880     12839680
     6419840           32        1008.051    410869760     25679360
     6419840           64        2489.946    821739520     51358720
     6419840          128        3752.096   1643479040    102717440
     7061376            1         455.870     14122752       882672
     7061376            2         480.333     28245504      1765344
     7061376            4         435.756     56491008      3530688
     7061376            8         488.485    112982016      7061376
     7061376           16         804.602    225964032     14122752
     7061376           32        1178.738    451928064     28245504
     7061376           64        2020.311    903856128     56491008
     7061376          128        4230.519   1807712256    112982016
     7767424            1         441.973     15534848       970928
     7767424            2         441.172     31069696      1941856
     7767424            4         525.091     62139392      3883712
     7767424            8         631.028    124278784      7767424
     7767424           16         893.052    248557568     15534848
     7767424           32        1178.814    497115136     31069696
     7767424           64        1352.344    994230272     62139392
     7767424          128        4791.145   1988460544    124278784
     8543360            1         454.276     17086720      1067920
     8543360            2         379.560     34173440      2135840
     8543360            4         518.824     68346880      4271680
     8543360            8         530.676    136693760      8543360
     8543360           16         690.587    273387520     17086720
     8543360           32         903.680    546775040     34173440
     8543360           64        2552.243   1093550080     68346880
     9397248            1         373.247     18794496      1174656
     9397248            2         377.427     37588992      2349312
     9397248            4         423.349     75177984      4698624
     9397248            8         591.416    150355968      9397248
     9397248           16         694.529    300711936     18794496
     9397248           32        1651.396    601423872     37588992
     9397248           64        1717.722   1202847744     75177984
    10336256            1         438.080     20672512      1292032
    10336256            2         386.624     41345024      2584064
    10336256            4         631.944     82690048      5168128
    10336256            8         639.259    165380096     10336256
    10336256           16        1116.594    330760192     20672512
    10336256           32        1630.840    661520384     41345024
    10336256           64        3311.296   1323040768     82690048
    11369344            1         430.089     22738688      1421168
    11369344            2         472.191     45477376      2842336
    11369344            4         482.404     90954752      5684672
    11369344            8         592.236    181909504     11369344
    11369344           16         946.745    363819008     22738688
    11369344           32        1915.218    727638016     45477376
    11369344           64        3332.398   1455276032     90954752
    12505472            1         411.970     25010944      1563184
    12505472            2         472.923     50021888      3126368
    12505472            4         524.724    100043776      6252736
    12505472            8         682.075    200087552     12505472
    12505472           16        1047.251    400175104     25010944
    12505472           32        1808.760    800350208     50021888
    12505472           64        3815.135   1600700416    100043776
    13755392            1         449.344     27510784      1719424
    13755392            2         502.420     55021568      3438848
    13755392            4         518.788    110043136      6877696
    13755392            8         623.866    220086272     13755392
    13755392           16        1118.593    440172544     27510784
    13755392           32        1236.811    880345088     55021568
    13755392           64        2347.586   1760690176    110043136
    15130752            1         485.063     30261504      1891344
    15130752            2         416.090     60523008      3782688
    15130752            4         442.969    121046016      7565376
    15130752            8         614.268    242092032     15130752
    15130752           16        1477.508    484184064     30261504
    15130752           32        2368.673    968368128     60523008
    15130752           64        4380.507   1936736256    121046016
    16643200            1         456.485     33286400      2080400
    16643200            2         550.738     66572800      4160800
    16643200            4         665.595    133145600      8321600
    16643200            8         867.400    266291200     16643200
    16643200           16        1320.884    532582400     33286400
    16643200           32        2398.720   1065164800     66572800
    16643200           64        4796.943   2130329600    133145600
    18307072            1         456.445     36614144      2288384
    18307072            2         500.982     73228288      4576768
    18307072            4         568.300    146456576      9153536
    18307072            8         635.433    292913152     18307072
    18307072           16         743.971    585826304     36614144
    18307072           32        2280.050   1171652608     73228288
    20137600            1         501.799     40275200      2517200
    20137600            2         539.348     80550400      5034400
    20137600            4         596.316    161100800     10068800
    20137600            8         978.688    322201600     20137600
    20137600           16        1794.867    644403200     40275200
    20137600           32        3004.905   1288806400     80550400
    22150912            1         457.489     44301824      2768864
    22150912            2         541.066     88603648      5537728
    22150912            4         606.949    177207296     11075456
    22150912            8         840.196    354414592     22150912
    22150912           16        1644.920    708829184     44301824
    22150912           32        3243.666   1417658368     88603648
    24365824            1         523.948     48731648      3045728
    24365824            2         487.507     97463296      6091456
    24365824            4         689.472    194926592     12182912
    24365824            8        1152.914    389853184     24365824
    24365824           16        1922.402    779706368     48731648
    24365824           32        3548.919   1559412736     97463296
    26802048            1         498.281     53604096      3350256
    26802048            2         516.600    107208192      6700512
    26802048            4         927.098    214416384     13401024
    26802048            8         851.588    428832768     26802048
    26802048           16        1926.252    857665536     53604096
    26802048           32        3920.940   1715331072    107208192
    29481984            1         432.487     58963968      3685248
    29481984            2        1069.896    117927936      7370496
    29481984            4        1030.609    235855872     14740992
    29481984            8        1212.026    471711744     29481984
    29481984           16        2168.627    943423488     58963968
    29481984           32        2200.468   1886846976    117927936
    32429824            1         617.924     64859648      4053728
    32429824            2         606.195    129719296      8107456
    32429824            4         948.062    259438592     16214912
    32429824            8        1366.880    518877184     32429824
    32429824           16        2507.616   1037754368     64859648
    32429824           32        2345.301   2075508736    129719296
    35672448            1         625.732     71344896      4459056
    35672448            2         630.136    142689792      8918112
    35672448            4         884.544    285379584     17836224
    35672448            8        1584.196    570759168     35672448
    35672448           16        2619.741   1141518336     71344896
    39239424            1         633.235     78478848      4904928
    39239424            2         708.878    156957696      9809856
    39239424            4         870.198    313915392     19619712
    39239424            8        1655.412    627830784     39239424
    39239424           16        2948.619   1255661568     78478848
    43163008            1         524.088     86326016      5395376
    43163008            2         695.624    172652032     10790752
    43163008            4         987.170    345304064     21581504
    43163008            8        1858.069    690608128     43163008
    43163008           16        3238.738   1381216256     86326016
    47479040            1         563.388     94958080      5934880
    47479040            2         672.300    189916160     11869760
    47479040            4         733.449    379832320     23739520
    47479040            8        1564.555    759664640     47479040
    47479040           16        2197.306   1519329280     94958080
    52226944            1         590.113    104453888      6528368
    52226944            2         640.101    208907776     13056736
    52226944            4         880.384    417815552     26113472
    52226944            8        1867.667    835631104     52226944
    52226944           16        3767.847   1671262208    104453888
    57448832            1         682.761    114897664      7181104
    57448832            2        1154.158    229795328     14362208
    57448832            4         941.620    459590656     28724416
    57448832            8        1684.202    919181312     57448832
    57448832           16        2119.120   1838362624    114897664
    63193088            1         706.616    126386176      7899136
    63193088            2         924.013    252772352     15798272
    63193088            4         793.855    505544704     31596544
    63193088            8        1410.872   1011089408     63193088
    63193088           16        2825.658   2022178816    126386176
    69511680            1         739.724    139023360      8688960
    69511680            2         439.605    278046720     17377920
    69511680            4        1607.155    556093440     34755840
    69511680            8        2862.620   1112186880     69511680
    76462848            1        1009.200    152925696      9557856
    76462848            2         984.030    305851392     19115712
    76462848            4        1234.510    611702784     38231424
    76462848            8        1940.328   1223405568     76462848
    84108416            1        1325.639    168216832     10513552
    84108416            2        1555.595    336433664     21027104
    84108416            4        1690.649    672867328     42054208
    84108416            8        3152.628   1345734656     84108416
    92519168            1        2549.129    185038336     11564896
    92519168            2        3307.408    370076672     23129792
    92519168            4        3716.845    740153344     46259584
    92519168            8        5434.853   1480306688     92519168
   101770368            1        3490.953    203540736     12721296
   101770368            2        5573.787    407081472     25442592
   101770368            4        6419.413    814162944     50885184
   101770368            8        4769.512   1628325888    101770368
   111947136            1        3795.622    223894272     13993392
   111947136            2        5245.326    447788544     27986784
   111947136            4        6599.469    895577088     55973568
   111947136            8        9162.577   1791154176    111947136
   123141760            1        1081.359    246283520     15392720
   123141760            2        3249.629    492567040     30785440
   123141760            4        6420.598    985134080     61570880
   123141760            8        8334.355   1970268160    123141760
   135455488            1        5524.668    270910976     16931936
   135455488            2        6004.062    541821952     33863872
   135455488            4       10095.802   1083643904     67727744
   149000320            1        2773.624    298000640     18625040
   149000320            2        4752.507    596001280     37250080
   149000320            4        7564.700   1192002560     74500160
   163899904            1        2494.751    327799808     20487488
   163899904            2        8375.739    655599616     40974976
   163899904            4       10790.877   1311199232     81949952
   180289536            1        5168.048    360579072     22536192
   180289536            2       17632.371    721158144     45072384
   180289536            4       24976.468   1442316288     90144768
   198317952            1        7020.205    396635904     24789744
   198317952            2       12716.464    793271808     49579488
   198317952            4       18685.809   1586543616     99158976
   218149120            1        5901.205    436298240     27268640
   218149120            2       21254.399    872596480     54537280
   218149120            4       25035.679   1745192960    109074560
   239964032            1        6744.649    479928064     29995504
   239964032            2       21034.878    959856128     59991008
   239964032            4       29904.542   1919712256    119982016
   263959808            1        7079.315    527919616     32994976
   263959808            2       25629.972   1055839232     65989952
   263959808            4       36144.845   2111678464    131979904
   290355072            1       13301.453    580710144     36294384
   290355072            2       26922.139   1161420288     72588768
   319389952            1       14641.835    638779904     39923744
   319389952            2       29836.287   1277559808     79847488
   351328768            1        9757.573    702657536     43916096
   351328768            2       20700.384   1405315072     87832192
   386460928            1       10538.616    772921856     48307616
   386460928            2       24231.782   1545843712     96615232
   425106304            1       12586.770    850212608     53138288
   425106304            2       39014.831   1700425216    106276576
   467616128            1       12385.483    935232256     58452016
   467616128            2       44048.936   1870464512    116904032
   514377472            1       24330.891   1028754944     64297184
   514377472            2       33162.747   2057509888    128594368
   565815040            1       11888.983   1131630080     70726880
   622396544            1       14768.133   1244793088     77799568
   684635392            1       17805.011   1369270784     85579424
   753098752            1       35320.867   1506197504     94137344
   828408448            1       36307.975   1656816896    103551056
   911249024            1       38535.876   1822498048    113906128
  1002373120            1       44136.194   2004746240    125296640

META_DATA
FLOPS          1
OPENMP_THREADS 112
ERT_VERSION  1.1.0
TIMESTAMP_DATA  1634099623.58
HOSTNAME  ('pmemMachine0', ['pmemMachine0.local'], ['fe80::f035:4ef3:770d:269e'])
UNAME  ('Linux', 'pmemMachine0', '5.9.13-derrick-pmo', '#120 SMP Tue Sep 28 02:02:07 EDT 2021', 'x86_64', 'x86_64')
CONFIG  {'ERT_WORKING_SET_MIN': ['1'], 'ERT_CFLAGS': ['-O3'], 'ERT_CC': ['gcc'], 'ERT_OPENMP_LDFLAGS': ['-fopenmp'], 'ERT_MEMORY_MAX': ['1073741824'], 'ERT_LDFLAGS': [], 'ERT_LDLIBS': [], 'ERT_SPEC_GBYTES_DRAM': ['300'], 'ERT_RUN': ['export', 'KMP_AFFINITY=scatter;', 'export', 'OMP_NUM_THREADS=ERT_OPENMP_THREADS;', 'ERT_CODE'], 'ERT_FLOPS': ['1,2,4,8,16'], 'ERT_OPENMP_CFLAGS': ['-fopenmp'], 'ERT_SPEC_GFLOPS': ['1000'], 'ERT_MPI': [False], 'ERT_TRIALS_MIN': ['1'], 'ERT_DRIVER': ['driver1'], 'ERT_RESULTS': ['Results.madonna.lbl.gov.02'], 'ERT_OPENMP': ['True'], 'ERT_OPENMP_THREADS': ['1,2,4,8,16,32,48,64,80,96,112,128,144,160'], 'ERT_KERNEL': ['kernel1'], 'ERT_GPU': [False], 'ERT_LD': ['gcc'], 'ERT_NUM_EXPERIMENTS': ['3'], 'ERT_ALIGN': ['32'], 'ERT_GNUPLOT': ['gnuplot']}
