         896            1         200.367         1792          112
         896            2           3.296         3584          224
         896            4         187.604         7168          448
         896            8         173.687        14336          896
         896           16         226.738        28672         1792
         896           32         241.827        57344         3584
         896           64         224.352       114688         7168
         896          128         249.302       229376        14336
         896          256         241.983       458752        28672
         896          512         266.824       917504        57344
         896         1024         296.138      1835008       114688
         896         2048         294.574      3670016       229376
         896         4096         294.704      7340032       458752
         896         8192         318.640     14680064       917504
         896        16384         413.174     29360128      1835008
         896        32768         742.304     58720256      3670016
         896        65536        1051.496    117440512      7340032
         896       131072        1609.700    234881024     14680064
         896       262144        3065.829    469762048     29360128
         896       524288        3769.999    939524096     58720256
         896      1048576        4615.447   1879048192    117440512
        1792            1         293.524         3584          224
        1792            2         384.340         7168          448
        1792            4         228.003        14336          896
        1792            8         222.222        28672         1792
        1792           16         344.171        57344         3584
        1792           32         373.988       114688         7168
        1792           64         221.408       229376        14336
        1792          128         254.390       458752        28672
        1792          256         260.765       917504        57344
        1792          512         312.005      1835008       114688
        1792         1024         269.031      3670016       229376
        1792         2048         261.606      7340032       458752
        1792         4096         256.069     14680064       917504
        1792         8192         345.535     29360128      1835008
        1792        16384         413.245     58720256      3670016
        1792        32768         677.338    117440512      7340032
        1792        65536         920.057    234881024     14680064
        1792       131072        2224.287    469762048     29360128
        1792       262144        3925.061    939524096     58720256
        1792       524288        5946.223   1879048192    117440512
        2688            1         331.610         5376          336
        2688            2         282.544        10752          672
        2688            4         287.060        21504         1344
        2688            8         238.801        43008         2688
        2688           16         251.201        86016         5376
        2688           32         224.954       172032        10752
        2688           64         211.912       344064        21504
        2688          128         345.228       688128        43008
        2688          256         276.141      1376256        86016
        2688          512         343.014      2752512       172032
        2688         1024         282.145      5505024       344064
        2688         2048         291.082     11010048       688128
        2688         4096         336.512     22020096      1376256
        2688         8192         353.980     44040192      2752512
        2688        16384         436.302     88080384      5505024
        2688        32768         513.547    176160768     11010048
        2688        65536        1556.306    352321536     22020096
        2688       131072        2516.132    704643072     44040192
        2688       262144        4144.569   1409286144     88080384
        3584            1         311.742         7168          448
        3584            2         334.421        14336          896
        3584            4         253.132        28672         1792
        3584            8         336.692        57344         3584
        3584           16         283.429       114688         7168
        3584           32         457.951       229376        14336
        3584           64         277.650       458752        28672
        3584          128         371.923       917504        57344
        3584          256         364.443      1835008       114688
        3584          512         295.706      3670016       229376
        3584         1024         341.294      7340032       458752
        3584         2048         336.756     14680064       917504
        3584         4096         345.900     29360128      1835008
        3584         8192         354.147     58720256      3670016
        3584        16384         623.340    117440512      7340032
        3584        32768         978.953    234881024     14680064
        3584        65536        1766.674    469762048     29360128
        3584       131072        3299.168    939524096     58720256
        3584       262144        4660.997   1879048192    117440512
        4480            1         340.407         8960          560
        4480            2         337.439        17920         1120
        4480            4         321.120        35840         2240
        4480            8         303.849        71680         4480
        4480           16         314.658       143360         8960
        4480           32         365.218       286720        17920
        4480           64         306.207       573440        35840
        4480          128         264.080      1146880        71680
        4480          256         313.002      2293760       143360
        4480          512         330.892      4587520       286720
        4480         1024         279.146      9175040       573440
        4480         2048         386.231     18350080      1146880
        4480         4096         344.124     36700160      2293760
        4480         8192         418.213     73400320      4587520
        4480        16384         668.180    146800640      9175040
        4480        32768        1139.646    293601280     18350080
        4480        65536        2401.653    587202560     36700160
        4480       131072        3229.880   1174405120     73400320
        5376            1         339.177        10752          672
        5376            2         285.632        21504         1344
        5376            4         355.624        43008         2688
        5376            8         320.019        86016         5376
        5376           16         321.378       172032        10752
        5376           32         366.471       344064        21504
        5376           64         311.708       688128        43008
        5376          128         299.269      1376256        86016
        5376          256         365.454      2752512       172032
        5376          512           6.582      5505024       344064
        5376         1024         334.620     11010048       688128
        5376         2048         396.927     22020096      1376256
        5376         4096         370.643     44040192      2752512
        5376         8192         511.782     88080384      5505024
        5376        16384         695.085    176160768     11010048
        5376        32768        1127.649    352321536     22020096
        5376        65536        2289.185    704643072     44040192
        5376       131072        3878.687   1409286144     88080384
        6272            1           8.915        12544          784
        6272            2         326.958        25088         1568
        6272            4         323.928        50176         3136
        6272            8         305.815       100352         6272
        6272           16         369.746       200704        12544
        6272           32         406.631       401408        25088
        6272           64         335.274       802816        50176
        6272          128         286.908      1605632       100352
        6272          256         291.052      3211264       200704
        6272          512         326.360      6422528       401408
        6272         1024         304.910     12845056       802816
        6272         2048         393.063     25690112      1605632
        6272         4096         405.736     51380224      3211264
        6272         8192         478.680    102760448      6422528
        6272        16384         550.354    205520896     12845056
        6272        32768        1397.476    411041792     25690112
        6272        65536        2607.542    822083584     51380224
        6272       131072        5202.694   1644167168    102760448
        7168            1         334.863        14336          896
        7168            2         346.192        28672         1792
        7168            4         352.044        57344         3584
        7168            8         365.716       114688         7168
        7168           16         307.114       229376        14336
        7168           32           6.534       458752        28672
        7168           64         386.050       917504        57344
        7168          128         344.470      1835008       114688
        7168          256         299.772      3670016       229376
        7168          512         421.672      7340032       458752
        7168         1024         442.260     14680064       917504
        7168         2048         350.908     29360128      1835008
        7168         4096         467.949     58720256      3670016
        7168         8192         594.858    117440512      7340032
        7168        16384         969.184    234881024     14680064
        7168        32768        1436.884    469762048     29360128
        7168        65536        2881.316    939524096     58720256
        7168       131072        5397.976   1879048192    117440512
        8064            1         359.520        16128         1008
        8064            2         384.151        32256         2016
        8064            4         317.424        64512         4032
        8064            8         316.064       129024         8064
        8064           16         346.193       258048        16128
        8064           32         311.655       516096        32256
        8064           64         368.901      1032192        64512
        8064          128         415.384      2064384       129024
        8064          256         440.573      4128768       258048
        8064          512         337.160      8257536       516096
        8064         1024         389.278     16515072      1032192
        8064         2048         394.626     33030144      2064384
        8064         4096         458.344     66060288      4128768
        8064         8192         718.964    132120576      8257536
        8064        16384        1052.564    264241152     16515072
        8064        32768        2214.403    528482304     33030144
        8064        65536        3411.443   1056964608     66060288
        8064       131072        6583.812   2113929216    132120576
        8960            1         357.628        17920         1120
        8960            2         351.200        35840         2240
        8960            4         414.064        71680         4480
        8960            8         337.166       143360         8960
        8960           16         402.997       286720        17920
        8960           32         431.921       573440        35840
        8960           64         342.772      1146880        71680
        8960          128         414.118      2293760       143360
        8960          256          11.074      4587520       286720
        8960          512         438.250      9175040       573440
        8960         1024         417.290     18350080      1146880
        8960         2048         400.335     36700160      2293760
        8960         4096         452.091     73400320      4587520
        8960         8192         663.295    146800640      9175040
        8960        16384         946.379    293601280     18350080
        8960        32768        1948.085    587202560     36700160
        8960        65536        3403.184   1174405120     73400320
        9856            1         324.110        19712         1232
        9856            2           6.532        39424         2464
        9856            4         350.248        78848         4928
        9856            8         323.666       157696         9856
        9856           16         382.178       315392        19712
        9856           32         417.646       630784        39424
        9856           64         435.360      1261568        78848
        9856          128         421.732      2523136       157696
        9856          256         362.980      5046272       315392
        9856          512         461.920     10092544       630784
        9856         1024         419.091     20185088      1261568
        9856         2048         401.504     40370176      2523136
        9856         4096         443.527     80740352      5046272
        9856         8192         610.556    161480704     10092544
        9856        16384        1298.848    322961408     20185088
        9856        32768        2242.752    645922816     40370176
        9856        65536        3954.139   1291845632     80740352
       10752            1         467.532        21504         1344
       10752            2         459.200        43008         2688
       10752            4         469.330        86016         5376
       10752            8         383.416       172032        10752
       10752           16         449.026       344064        21504
       10752           32         438.051       688128        43008
       10752           64           9.802      1376256        86016
       10752          128         377.127      2752512       172032
       10752          256         496.376      5505024       344064
       10752          512         462.296     11010048       688128
       10752         1024         464.665     22020096      1376256
       10752         2048         458.355     44040192      2752512
       10752         4096         474.433     88080384      5505024
       10752         8192         701.976    176160768     11010048
       10752        16384        1478.061    352321536     22020096
       10752        32768        2403.003    704643072     44040192
       10752        65536        3668.480   1409286144     88080384
       11648            1         471.662        23296         1456
       11648            2         367.916        46592         2912
       11648            4         437.218        93184         5824
       11648            8         444.537       186368        11648
       11648           16         418.295       372736        23296
       11648           32         552.324       745472        46592
       11648           64         411.119      1490944        93184
       11648          128         448.309      2981888       186368
       11648          256         418.211      5963776       372736
       11648          512         453.911     11927552       745472
       11648         1024         456.690     23855104      1490944
       11648         2048         507.104     47710208      2981888
       11648         4096         511.098     95420416      5963776
       11648         8192         864.624    190840832     11927552
       11648        16384        1402.311    381681664     23855104
       11648        32768        2348.476    763363328     47710208
       11648        65536        4444.015   1526726656     95420416
       12544            1         367.558        25088         1568
       12544            2         381.956        50176         3136
       12544            4         420.140       100352         6272
       12544            8         454.427       200704        12544
       12544           16         433.654       401408        25088
       12544           32         406.794       802816        50176
       12544           64         360.852      1605632       100352
       12544          128         422.140      3211264       200704
       12544          256         459.373      6422528       401408
       12544          512          18.760     12845056       802816
       12544         1024         459.336     25690112      1605632
       12544         2048         415.588     51380224      3211264
       12544         4096         520.420    102760448      6422528
       12544         8192         741.710    205520896     12845056
       12544        16384        1395.088    411041792     25690112
       12544        32768        2706.562    822083584     51380224
       12544        65536        4247.705   1644167168    102760448
       13440            1         507.512        26880         1680
       13440            2         441.220        53760         3360
       13440            4         451.370       107520         6720
       13440            8         395.428       215040        13440
       13440           16         473.175       430080        26880
       13440           32         419.744       860160        53760
       13440           64         421.038      1720320       107520
       13440          128         429.786      3440640       215040
       13440          256         454.428      6881280       430080
       13440          512         463.220     13762560       860160
       13440         1024         444.029     27525120      1720320
       13440         2048         422.955     55050240      3440640
       13440         4096         618.205    110100480      6881280
       13440         8192         949.971    220200960     13762560
       13440        16384        1617.616    440401920     27525120
       13440        32768        3357.620    880803840     55050240
       13440        65536        4918.962   1761607680    110100480
       14336            1         427.224        28672         1792
       14336            2         382.985        57344         3584
       14336            4         423.454       114688         7168
       14336            8         421.740       229376        14336
       14336           16         567.140       458752        28672
       14336           32         373.251       917504        57344
       14336           64         469.135      1835008       114688
       14336          128         412.420      3670016       229376
       14336          256         482.819      7340032       458752
       14336          512         460.246     14680064       917504
       14336         1024         479.704     29360128      1835008
       14336         2048         460.280     58720256      3670016
       14336         4096         497.075    117440512      7340032
       14336         8192         790.562    234881024     14680064
       14336        16384        1997.779    469762048     29360128
       14336        32768        2541.800    939524096     58720256
       14336        65536        4736.000   1879048192    117440512
       15232            1         412.100        30464         1904
       15232            2           6.271        60928         3808
       15232            4         419.367       121856         7616
       15232            8         485.554       243712        15232
       15232           16         410.360       487424        30464
       15232           32         430.069       974848        60928
       15232           64         455.327      1949696       121856
       15232          128         402.825      3899392       243712
       15232          256         367.828      7798784       487424
       15232          512         419.536     15597568       974848
       15232         1024         409.016     31195136      1949696
       15232         2048         790.022     62390272      3899392
       15232         4096         556.509    124780544      7798784
       15232         8192         858.132    249561088     15597568
       15232        16384        1031.853    499122176     31195136
       15232        32768        3120.480    998244352     62390272
       15232        65536        2641.326   1996488704    124780544
       16128            1         484.307        32256         2016
       16128            2         458.128        64512         4032
       16128            4         424.228       129024         8064
       16128            8         413.916       258048        16128
       16128           16         345.483       516096        32256
       16128           32         423.438      1032192        64512
       16128           64         378.688      2064384       129024
       16128          128         426.009      4128768       258048
       16128          256         420.249      8257536       516096
       16128          512         459.884     16515072      1032192
       16128         1024         449.442     33030144      2064384
       16128         2048         489.335     66060288      4128768
       16128         4096         498.840    132120576      8257536
       16128         8192         838.029    264241152     16515072
       16128        16384        1439.876    528482304     33030144
       16128        32768        3349.995   1056964608     66060288
       16128        65536        5190.904   2113929216    132120576
       17024            1         428.614        34048         2128
       17024            2         466.089        68096         4256
       17024            4         466.816       136192         8512
       17024            8         447.795       272384        17024
       17024           16         365.935       544768        34048
       17024           32         378.089      1089536        68096
       17024           64         442.259      2179072       136192
       17024          128         387.785      4358144       272384
       17024          256         454.300      8716288       544768
       17024          512         502.086     17432576      1089536
       17024         1024         380.628     34865152      2179072
       17024         2048         600.300     69730304      4358144
       17024         4096         631.506    139460608      8716288
       17024         8192        1018.328    278921216     17432576
       17024        16384        1927.253    557842432     34865152
       17024        32768        3636.900   1115684864     69730304
       17920            1         466.320        35840         2240
       17920            2           9.360        71680         4480
       17920            4         452.900       143360         8960
       17920            8         393.509       286720        17920
       17920           16         393.980       573440        35840
       17920           32         346.736      1146880        71680
       17920           64         388.796      2293760       143360
       17920          128         382.816      4587520       286720
       17920          256         457.404      9175040       573440
       17920          512         499.948     18350080      1146880
       17920         1024         492.816     36700160      2293760
       17920         2048         481.824     73400320      4587520
       17920         4096         557.508    146800640      9175040
       17920         8192        1121.420    293601280     18350080
       17920        16384        1627.285    587202560     36700160
       17920        32768        2952.420   1174405120     73400320
       19712            1         381.362        39424         2464
       19712            2         395.115        78848         4928
       19712            4         475.215       157696         9856
       19712            8         457.136       315392        19712
       19712           16         413.667       630784        39424
       19712           32         469.822      1261568        78848
       19712           64         383.656      2523136       157696
       19712          128         434.490      5046272       315392
       19712          256         412.676     10092544       630784
       19712          512         377.802     20185088      1261568
       19712         1024         426.900     40370176      2523136
       19712         2048         500.860     80740352      5046272
       19712         4096         623.860    161480704     10092544
       19712         8192         881.878    322961408     20185088
       19712        16384         950.475    645922816     40370176
       19712        32768        3049.324   1291845632     80740352
       21504            1         421.189        43008         2688
       21504            2         481.545        86016         5376
       21504            4         461.722       172032        10752
       21504            8         422.035       344064        21504
       21504           16         400.834       688128        43008
       21504           32         396.916      1376256        86016
       21504           64         595.880      2752512       172032
       21504          128         474.716      5505024       344064
       21504          256         461.852     11010048       688128
       21504          512         374.106     22020096      1376256
       21504         1024         438.896     44040192      2752512
       21504         2048         473.220     88080384      5505024
       21504         4096         659.032    176160768     11010048
       21504         8192        1159.783    352321536     22020096
       21504        16384        2188.146    704643072     44040192
       21504        32768        3591.695   1409286144     88080384
       23296            1         375.340        46592         2912
       23296            2         409.090        93184         5824
       23296            4         410.460       186368        11648
       23296            8         508.904       372736        23296
       23296           16         363.602       745472        46592
       23296           32         507.518      1490944        93184
       23296           64         442.564      2981888       186368
       23296          128         454.624      5963776       372736
       23296          256         412.798     11927552       745472
       23296          512         426.206     23855104      1490944
       23296         1024         436.221     47710208      2981888
       23296         2048         450.454     95420416      5963776
       23296         4096         592.887    190840832     11927552
       23296         8192        1434.500    381681664     23855104
       23296        16384        2256.460    763363328     47710208
       23296        32768        2402.564   1526726656     95420416
       25088            1         434.168        50176         3136
       25088            2           9.166       100352         6272
       25088            4         390.145       200704        12544
       25088            8         389.424       401408        25088
       25088           16         365.904       802816        50176
       25088           32         386.348      1605632       100352
       25088           64         391.104      3211264       200704
       25088          128         414.876      6422528       401408
       25088          256         411.467     12845056       802816
       25088          512         441.519     25690112      1605632
       25088         1024         466.871     51380224      3211264
       25088         2048         517.451    102760448      6422528
       25088         4096         881.829    205520896     12845056
       25088         8192        1129.980    411041792     25690112
       25088        16384        1711.445    822083584     51380224
       25088        32768        4228.567   1644167168    102760448
       26880            1         448.038        53760         3360
       26880            2         409.366       107520         6720
       26880            4         411.215       215040        13440
       26880            8         395.860       430080        26880
       26880           16         385.699       860160        53760
       26880           32         400.909      1720320       107520
       26880           64         406.000      3440640       215040
       26880          128         455.913      6881280       430080
       26880          256         482.420     13762560       860160
       26880          512         397.756     27525120      1720320
       26880         1024         400.404     55050240      3440640
       26880         2048         466.840    110100480      6881280
       26880         4096         618.615    220200960     13762560
       26880         8192        1121.299    440401920     27525120
       26880        16384        2361.830    880803840     55050240
       26880        32768        4278.107   1761607680    110100480
       29568            1         422.060        59136         3696
       29568            2         404.913       118272         7392
       29568            4         397.899       236544        14784
       29568            8         376.700       473088        29568
       29568           16         441.823       946176        59136
       29568           32         374.582      1892352       118272
       29568           64         510.673      3784704       236544
       29568          128         432.888      7569408       473088
       29568          256         433.272     15138816       946176
       29568          512         448.950     30277632      1892352
       29568         1024         510.433     60555264      3784704
       29568         2048         528.898    121110528      7569408
       29568         4096         770.664    242221056     15138816
       29568         8192        1654.212    484442112     30277632
       29568        16384        2874.904    968884224     60555264
       29568        32768        4889.255   1937768448    121110528
       32256            1         435.427        64512         4032
       32256            2         446.117       129024         8064
       32256            4         445.288       258048        16128
       32256            8         421.362       516096        32256
       32256           16         368.128      1032192        64512
       32256           32         391.088      2064384       129024
       32256           64         481.288      4128768       258048
       32256          128         434.998      8257536       516096
       32256          256         407.836     16515072      1032192
       32256          512         384.464     33030144      2064384
       32256         1024         405.387     66060288      4128768
       32256         2048         526.291    132120576      8257536
       32256         4096         841.965    264241152     16515072
       32256         8192        1534.064    528482304     33030144
       32256        16384        2013.567   1056964608     66060288
       32256        32768        3071.056   2113929216    132120576
       34944            1         407.358        69888         4368
       34944            2         476.510       139776         8736
       34944            4         470.952       279552        17472
       34944            8         369.764       559104        34944
       34944           16         474.263      1118208        69888
       34944           32         418.835      2236416       139776
       34944           64         427.136      4472832       279552
       34944          128         490.409      8945664       559104
       34944          256         402.901     17891328      1118208
       34944          512         399.345     35782656      2236416
       34944         1024         441.144     71565312      4472832
       34944         2048         544.205    143130624      8945664
       34944         4096         909.528    286261248     17891328
       34944         8192        1730.300    572522496     35782656
       34944        16384        2928.788   1145044992     71565312
       37632            1         393.448        75264         4704
       37632            2         438.317       150528         9408
       37632            4         439.704       301056        18816
       37632            8         378.084       602112        37632
       37632           16         386.567      1204224        75264
       37632           32           7.621      2408448       150528
       37632           64         482.403      4816896       301056
       37632          128         394.618      9633792       602112
       37632          256         399.329     19267584      1204224
       37632          512         402.752     38535168      2408448
       37632         1024         475.935     77070336      4816896
       37632         2048         606.993    154140672      9633792
       37632         4096         859.480    308281344     19267584
       37632         8192        1761.890    616562688     38535168
       37632        16384        3272.419   1233125376     77070336
       41216            1         425.760        82432         5152
       41216            2         388.270       164864        10304
       41216            4         394.480       329728        20608
       41216            8           6.928       659456        41216
       41216           16         372.002      1318912        82432
       41216           32         420.344      2637824       164864
       41216           64         421.940      5275648       329728
       41216          128         445.774     10551296       659456
       41216          256         414.069     21102592      1318912
       41216          512         457.465     42205184      2637824
       41216         1024         445.684     84410368      5275648
       41216         2048         619.271    168820736     10551296
       41216         4096         986.678    337641472     21102592
       41216         8192        1865.521    675282944     42205184
       41216        16384        1937.556   1350565888     84410368
       44800            1         371.652        89600         5600
       44800            2         425.012       179200        11200
       44800            4         415.235       358400        22400
       44800            8         567.295       716800        44800
       44800           16         495.391      1433600        89600
       44800           32         474.540      2867200       179200
       44800           64         470.215      5734400       358400
       44800          128         442.668     11468800       716800
       44800          256         411.560     22937600      1433600
       44800          512         433.016     45875200      2867200
       44800         1024         493.975     91750400      5734400
       44800         2048         646.946    183500800     11468800
       44800         4096         984.867    367001600     22937600
       44800         8192        2050.940    734003200     45875200
       44800        16384        3532.070   1468006400     91750400
       49280            1         493.191        98560         6160
       49280            2         438.894       197120        12320
       49280            4         447.384       394240        24640
       49280            8         460.155       788480        49280
       49280           16         492.867      1576960        98560
       49280           32         418.360      3153920       197120
       49280           64         433.107      6307840       394240
       49280          128         497.604     12615680       788480
       49280          256         446.193     25231360      1576960
       49280          512         503.114     50462720      3153920
       49280         1024         523.269    100925440      6307840
       49280         2048         749.844    201850880     12615680
       49280         4096        1215.640    403701760     25231360
       49280         8192        2592.413    807403520     50462720
       49280        16384        3953.888   1614807040    100925440
       53760            1         494.648       107520         6720
       53760            2         459.458       215040        13440
       53760            4         343.911       430080        26880
       53760            8           8.609       860160        53760
       53760           16         434.880      1720320       107520
       53760           32         405.764      3440640       215040
       53760           64         417.984      6881280       430080
       53760          128         415.684     13762560       860160
       53760          256         444.981     27525120      1720320
       53760          512         489.258     55050240      3440640
       53760         1024         546.660    110100480      6881280
       53760         2048         766.068    220200960     13762560
       53760         4096        1482.592    440401920     27525120
       53760         8192        1532.626    880803840     55050240
       53760        16384        2514.583   1761607680    110100480
       59136            1         420.049       118272         7392
       59136            2         551.487       236544        14784
       59136            4         409.912       473088        29568
       59136            8         397.365       946176        59136
       59136           16         480.488      1892352       118272
       59136           32         391.223      3784704       236544
       59136           64         413.956      7569408       473088
       59136          128         421.842     15138816       946176
       59136          256         539.812     30277632      1892352
       59136          512         529.028     60555264      3784704
       59136         1024         580.910    121110528      7569408
       59136         2048         731.217    242221056     15138816
       59136         4096        1149.972    484442112     30277632
       59136         8192        2548.936    968884224     60555264
       59136        16384        4563.222   1937768448    121110528
       64512            1         384.960       129024         8064
       64512            2         384.464       258048        16128
       64512            4         361.786       516096        32256
       64512            8         422.955      1032192        64512
       64512           16         466.116      2064384       129024
       64512           32         396.419      4128768       258048
       64512           64         452.212      8257536       516096
       64512          128         392.978     16515072      1032192
       64512          256         418.509     33030144      2064384
       64512          512         413.890     66060288      4128768
       64512         1024         595.765    132120576      8257536
       64512         2048         981.348    264241152     16515072
       64512         4096        1254.827    528482304     33030144
       64512         8192        2564.585   1056964608     66060288
       64512        16384        2751.500   2113929216    132120576
       70784            1         407.660       141568         8848
       70784            2         639.692       283136        17696
       70784            4         465.440       566272        35392
       70784            8         423.858      1132544        70784
       70784           16         417.184      2265088       141568
       70784           32         403.508      4530176       283136
       70784           64         407.163      9060352       566272
       70784          128         446.308     18120704      1132544
       70784          256         466.116     36241408      2265088
       70784          512         481.935     72482816      4530176
       70784         1024         583.518    144965632      9060352
       70784         2048         667.422    289931264     18120704
       70784         4096        1350.068    579862528     36241408
       70784         8192        1135.148   1159725056     72482816
       77056            1         416.356       154112         9632
       77056            2         527.348       308224        19264
       77056            4         459.248       616448        38528
       77056            8         473.764      1232896        77056
       77056           16         404.016      2465792       154112
       77056           32         481.090      4931584       308224
       77056           64         437.279      9863168       616448
       77056          128         418.794     19726336      1232896
       77056          256         479.505     39452672      2465792
       77056          512         469.808     78905344      4931584
       77056         1024         580.253    157810688      9863168
       77056         2048         981.887    315621376     19726336
       77056         4096        1662.846    631242752     39452672
       77056         8192        3267.036   1262485504     78905344
       84224            1         353.939       168448        10528
       84224            2         371.868       336896        21056
       84224            4         420.177       673792        42112
       84224            8         391.768      1347584        84224
       84224           16         414.830      2695168       168448
       84224           32         347.998      5390336       336896
       84224           64         357.877     10780672       673792
       84224          128         442.261     21561344      1347584
       84224          256         466.715     43122688      2695168
       84224          512         442.744     86245376      5390336
       84224         1024         542.502    172490752     10780672
       84224         2048         821.151    344981504     21561344
       84224         4096        2024.379    689963008     43122688
       84224         8192        2099.464   1379926016     86245376
       92288            1         439.228       184576        11536
       92288            2         418.828       369152        23072
       92288            4          11.020       738304        46144
       92288            8         418.400      1476608        92288
       92288           16         452.520      2953216       184576
       92288           32         408.889      5906432       369152
       92288           64         385.623     11812864       738304
       92288          128         496.483     23625728      1476608
       92288          256         501.797     47251456      2953216
       92288          512         540.000     94502912      5906432
       92288         1024         675.549    189005824     11812864
       92288         2048        1157.771    378011648     23625728
       92288         4096        2559.067    756023296     47251456
       92288         8192        3662.692   1512046592     94502912
      101248            1         410.224       202496        12656
      101248            2         425.558       404992        25312
      101248            4         435.336       809984        50624
      101248            8         446.540      1619968       101248
      101248           16         436.595      3239936       202496
      101248           32         411.040      6479872       404992
      101248           64         458.785     12959744       809984
      101248          128         477.969     25919488      1619968
      101248          256         385.531     51838976      3239936
      101248          512         474.140    103677952      6479872
      101248         1024         619.060    207355904     12959744
      101248         2048         838.344    414711808     25919488
      101248         4096        1344.588    829423616     51838976
      101248         8192        3634.770   1658847232    103677952
      111104            1         511.608       222208        13888
      111104            2         431.752       444416        27776
      111104            4         347.523       888832        55552
      111104            8         425.472      1777664       111104
      111104           16         433.672      3555328       222208
      111104           32         543.834      7110656       444416
      111104           64         393.580     14221312       888832
      111104          128         497.386     28442624      1777664
      111104          256         494.385     56885248      3555328
      111104          512         515.564    113770496      7110656
      111104         1024         688.019    227540992     14221312
      111104         2048        1552.948    455081984     28442624
      111104         4096        2195.001    910163968     56885248
      111104         8192        4064.366   1820327936    113770496
      121856            1         388.815       243712        15232
      121856            2         413.647       487424        30464
      121856            4         369.804       974848        60928
      121856            8         373.176      1949696       121856
      121856           16         440.568      3899392       243712
      121856           32         480.976      7798784       487424
      121856           64         393.500     15597568       974848
      121856          128         591.504     31195136      1949696
      121856          256         531.242     62390272      3899392
      121856          512         567.660    124780544      7798784
      121856         1024         970.935    249561088     15597568
      121856         2048        1431.110    499122176     31195136
      121856         4096        2103.652    998244352     62390272
      121856         8192        2665.376   1996488704    124780544
      133504            1         383.975       267008        16688
      133504            2         353.601       534016        33376
      133504            4         595.464      1068032        66752
      133504            8         424.100      2136064       133504
      133504           16         578.380      4272128       267008
      133504           32         398.497      8544256       534016
      133504           64         421.575     17088512      1068032
      133504          128         420.446     34177024      2136064
      133504          256         464.138     68354048      4272128
      133504          512         580.960    136708096      8544256
      133504         1024        1186.413    273416192     17088512
      133504         2048        1721.044    546832384     34177024
      133504         4096        2887.691   1093664768     68354048
      146048            1         419.442       292096        18256
      146048            2         485.956       584192        36512
      146048            4         487.241      1168384        73024
      146048            8         446.589      2336768       146048
      146048           16         406.865      4673536       292096
      146048           32         565.615      9347072       584192
      146048           64         506.689     18694144      1168384
      146048          128         552.153     37388288      2336768
      146048          256         506.814     74776576      4673536
      146048          512         594.904    149553152      9347072
      146048         1024        1061.216    299106304     18694144
      146048         2048        1963.486    598212608     37388288
      146048         4096        3187.460   1196425216     74776576
      160384            1         432.659       320768        20048
      160384            2         448.848       641536        40096
      160384            4         440.242      1283072        80192
      160384            8         413.257      2566144       160384
      160384           16         376.654      5132288       320768
      160384           32         389.458     10264576       641536
      160384           64         430.215     20529152      1283072
      160384          128         449.867     41058304      2566144
      160384          256         534.540     82116608      5132288
      160384          512         621.508    164233216     10264576
      160384         1024         914.652    328466432     20529152
      160384         2048        2004.160    656932864     41058304
      160384         4096        3291.420   1313865728     82116608
      175616            1         425.851       351232        21952
      175616            2         469.935       702464        43904
      175616            4         445.402      1404928        87808
      175616            8         545.785      2809856       175616
      175616           16         427.340      5619712       351232
      175616           32         458.320     11239424       702464
      175616           64         443.464     22478848      1404928
      175616          128         469.060     44957696      2809856
      175616          256         512.011     89915392      5619712
      175616          512         624.841    179830784     11239424
      175616         1024        1160.421    359661568     22478848
      175616         2048        1894.284    719323136     44957696
      175616         4096        3473.780   1438646272     89915392
      192640            1         369.713       385280        24080
      192640            2         386.145       770560        48160
      192640            4         476.003      1541120        96320
      192640            8         497.374      3082240       192640
      192640           16         425.644      6164480       385280
      192640           32         570.920     12328960       770560
      192640           64         448.776     24657920      1541120
      192640          128         462.266     49315840      3082240
      192640          256         558.748     98631680      6164480
      192640          512         728.960    197263360     12328960
      192640         1024        1385.429    394526720     24657920
      192640         2048        2297.530    789053440     49315840
      192640         4096        3709.424   1578106880     98631680
      211456            1         529.820       422912        26432
      211456            2         400.240       845824        52864
      211456            4         495.500      1691648       105728
      211456            8         406.000      3383296       211456
      211456           16         472.977      6766592       422912
      211456           32         413.528     13533184       845824
      211456           64         485.162     27066368      1691648
      211456          128         451.744     54132736      3383296
      211456          256         549.549    108265472      6766592
      211456          512         761.428    216530944     13533184
      211456         1024        1159.780    433061888     27066368
      211456         2048        2245.552    866123776     54132736
      211456         4096        3985.546   1732247552    108265472
      232064            1         399.651       464128        29008
      232064            2         359.640       928256        58016
      232064            4         567.398      1856512       116032
      232064            8         429.239      3713024       232064
      232064           16         372.280      7426048       464128
      232064           32         431.889     14852096       928256
      232064           64         465.385     29704192      1856512
      232064          128         480.004     59408384      3713024
      232064          256         524.485    118816768      7426048
      232064          512         760.483    237633536     14852096
      232064         1024        1401.796    475267072     29704192
      232064         2048        2390.830    950534144     59408384
      232064         4096        4472.832   1901068288    118816768
      254464            1         430.340       508928        31808
      254464            2         365.004      1017856        63616
      254464            4         426.055      2035712       127232
      254464            8         454.502      4071424       254464
      254464           16         396.902      8142848       508928
      254464           32         475.767     16285696      1017856
      254464           64         467.445     32571392      2035712
      254464          128         439.327     65142784      4071424
      254464          256         505.004    130285568      8142848
      254464          512         650.951    260571136     16285696
      254464         1024         680.468    521142272     32571392
      254464         2048        2461.080   1042284544     65142784
      254464         4096        4700.028   2084569088    130285568
      279552            1         500.460       559104        34944
      279552            2         478.899      1118208        69888
      279552            4         417.329      2236416       139776
      279552            8         344.668      4472832       279552
      279552           16         425.644      8945664       559104
      279552           32         380.220     17891328      1118208
      279552           64         571.584     35782656      2236416
      279552          128         508.968     71565312      4472832
      279552          256         685.466    143130624      8945664
      279552          512        1155.220    286261248     17891328
      279552         1024        1221.958    572522496     35782656
      279552         2048        1691.046   1145044992     71565312
      307328            1         407.012       614656        38416
      307328            2         436.271      1229312        76832
      307328            4         435.849      2458624       153664
      307328            8         436.707      4917248       307328
      307328           16         485.681      9834496       614656
      307328           32         435.676     19668992      1229312
      307328           64         402.196     39337984      2458624
      307328          128         405.803     78675968      4917248
      307328          256         511.947    157351936      9834496
      307328          512         892.470    314703872     19668992
      307328         1024        1137.898    629407744     39337984
      307328         2048        1407.904   1258815488     78675968
      337792            1         557.564       675584        42224
      337792            2         456.868      1351168        84448
      337792            4         400.356      2702336       168896
      337792            8         398.062      5404672       337792
      337792           16         398.285     10809344       675584
      337792           32         486.696     21618688      1351168
      337792           64         439.715     43237376      2702336
      337792          128         560.836     86474752      5404672
      337792          256         674.407    172949504     10809344
      337792          512         699.705    345899008     21618688
      337792         1024        1715.330    691798016     43237376
      337792         2048        2089.092   1383596032     86474752
      370944            1           9.802       741888        46368
      370944            2         372.170      1483776        92736
      370944            4         388.234      2967552       185472
      370944            8         435.933      5935104       370944
      370944           16         478.307     11870208       741888
      370944           32         413.944     23740416      1483776
      370944           64         467.421     47480832      2967552
      370944          128         558.216     94961664      5935104
      370944          256         598.471    189923328     11870208
      370944          512        1337.925    379846656     23740416
      370944         1024        1580.625    759693312     47480832
      370944         2048        3654.566   1519386624     94961664
      407680            1         408.098       815360        50960
      407680            2         398.111      1630720       101920
      407680            4         461.191      3261440       203840
      407680            8         452.004      6522880       407680
      407680           16         415.971     13045760       815360
      407680           32         489.125     26091520      1630720
      407680           64         469.102     52183040      3261440
      407680          128         493.974    104366080      6522880
      407680          256         599.360    208732160     13045760
      407680          512        1091.192    417464320     26091520
      407680         1024        2302.354    834928640     52183040
      407680         2048        2187.127   1669857280    104366080
      448000            1         414.770       896000        56000
      448000            2         495.292      1792000       112000
      448000            4          11.559      3584000       224000
      448000            8         391.439      7168000       448000
      448000           16         430.947     14336000       896000
      448000           32         428.580     28672000      1792000
      448000           64         490.589     57344000      3584000
      448000          128         540.024    114688000      7168000
      448000          256         873.935    229376000     14336000
      448000          512        1263.244    458752000     28672000
      448000         1024        2516.286    917504000     57344000
      448000         2048        4265.134   1835008000    114688000
      492800            1         369.414       985600        61600
      492800            2         459.141      1971200       123200
      492800            4         443.840      3942400       246400
      492800            8         384.580      7884800       492800
      492800           16         484.076     15769600       985600
      492800           32         433.544     31539200      1971200
      492800           64         488.012     63078400      3942400
      492800          128         554.256    126156800      7884800
      492800          256         647.199    252313600     15769600
      492800          512        1162.238    504627200     31539200
      492800         1024        2195.720   1009254400     63078400
      492800         2048        4539.388   2018508800    126156800
      542080            1         384.376      1084160        67760
      542080            2         482.692      2168320       135520
      542080            4         422.385      4336640       271040
      542080            8         469.128      8673280       542080
      542080           16          17.889     17346560      1084160
      542080           32         534.049     34693120      2168320
      542080           64         519.026     69386240      4336640
      542080          128         606.375    138772480      8673280
      542080          256         978.751    277544960     17346560
      542080          512        1392.392    555089920     34693120
      542080         1024        3163.267   1110179840     69386240
      595840            1         484.297      1191680        74480
      595840            2         359.685      2383360       148960
      595840            4         373.031      4766720       297920
      595840            8         388.321      9533440       595840
      595840           16         456.796     19066880      1191680
      595840           32         502.156     38133760      2383360
      595840           64         479.596     76267520      4766720
      595840          128         628.399    152535040      9533440
      595840          256         958.746    305070080     19066880
      595840          512        1393.754    610140160     38133760
      595840         1024        2036.828   1220280320     76267520
      654976            1         462.370      1309952        81872
      654976            2         369.604      2619904       163744
      654976            4         459.940      5239808       327488
      654976            8         436.635     10479616       654976
      654976           16         507.810     20959232      1309952
      654976           32         607.557     41918464      2619904
      654976           64         546.272     83836928      5239808
      654976          128         603.256    167673856     10479616
      654976          256         915.363    335347712     20959232
      654976          512        2045.048    670695424     41918464
      654976         1024        3406.224   1341390848     83836928
      720384            1         402.984      1440768        90048
      720384            2         396.432      2881536       180096
      720384            4         435.184      5763072       360192
      720384            8         431.856     11526144       720384
      720384           16         478.552     23052288      1440768
      720384           32         487.340     46104576      2881536
      720384           64         489.084     92209152      5763072
      720384          128         592.426    184418304     11526144
      720384          256        1068.547    368836608     23052288
      720384          512        1862.371    737673216     46104576
      720384         1024        3569.618   1475346432     92209152
      792064            1         375.012      1584128        99008
      792064            2         381.742      3168256       198016
      792064            4         431.054      6336512       396032
      792064            8         367.368     12673024       792064
      792064           16         423.580     25346048      1584128
      792064           32         498.949     50692096      3168256
      792064           64         495.491    101384192      6336512
      792064          128         598.355    202768384     12673024
      792064          256        1329.746    405536768     25346048
      792064          512        2229.433    811073536     50692096
      792064         1024        3752.158   1622147072    101384192
      870912            1         370.160      1741824       108864
      870912            2         428.907      3483648       217728
      870912            4         441.492      6967296       435456
      870912            8         385.982     13934592       870912
      870912           16         460.444     27869184      1741824
      870912           32         429.076     55738368      3483648
      870912           64         501.261    111476736      6967296
      870912          128         885.796    222953472     13934592
      870912          256        1542.166    445906944     27869184
      870912          512        2156.712    891813888     55738368
      870912         1024        4223.768   1783627776    111476736
      957824            1         467.620      1915648       119728
      957824            2         399.440      3831296       239456
      957824            4         395.084      7662592       478912
      957824            8         584.574     15325184       957824
      957824           16         454.395     30650368      1915648
      957824           32         528.642     61300736      3831296
      957824           64         604.288    122601472      7662592
      957824          128         953.372    245202944     15325184
      957824          256         934.628    490405888     30650368
      957824          512        2343.724    980811776     61300736
      957824         1024        2552.164   1961623552    122601472
     1052800            1         548.488      2105600       131600
     1052800            2         443.108      4211200       263200
     1052800            4         432.884      8422400       526400
     1052800            8         434.250     16844800      1052800
     1052800           16         410.800     33689600      2105600
     1052800           32         514.416     67379200      4211200
     1052800           64         538.053    134758400      8422400
     1052800          128         881.204    269516800     16844800
     1052800          256        1583.493    539033600     33689600
     1052800          512        2537.581   1078067200     67379200
     1157632            1         446.313      2315264       144704
     1157632            2         443.124      4630528       289408
     1157632            4         415.387      9261056       578816
     1157632            8         462.664     18522112      1157632
     1157632           16         455.046     37044224      2315264
     1157632           32         482.362     74088448      4630528
     1157632           64         548.510    148176896      9261056
     1157632          128        1103.958    296353792     18522112
     1157632          256        1983.195    592707584     37044224
     1157632          512        2917.188   1185415168     74088448
     1273216            1         414.007      2546432       159152
     1273216            2         385.429      5092864       318304
     1273216            4         385.556     10185728       636608
     1273216            8         389.295     20371456      1273216
     1273216           16         442.885     40742912      2546432
     1273216           32         427.272     81485824      5092864
     1273216           64         551.305    162971648     10185728
     1273216          128         772.917    325943296     20371456
     1273216          256        1690.460    651886592     40742912
     1273216          512        2949.893   1303773184     81485824
     1400448            1         399.166      2800896       175056
     1400448            2         417.456      5601792       350112
     1400448            4         439.322     11203584       700224
     1400448            8         375.836     22407168      1400448
     1400448           16         371.480     44814336      2800896
     1400448           32         422.887     89628672      5601792
     1400448           64         743.140    179257344     11203584
     1400448          128        1019.342    358514688     22407168
     1400448          256        2258.868    717029376     44814336
     1400448          512        3480.061   1434058752     89628672
     1540224            1         418.180      3080448       192528
     1540224            2         453.575      6160896       385056
     1540224            4         468.692     12321792       770112
     1540224            8         392.300     24643584      1540224
     1540224           16         406.876     49287168      3080448
     1540224           32         477.861     98574336      6160896
     1540224           64         644.075    197148672     12321792
     1540224          128         216.423    394297344     24643584
     1540224          256        2128.700    788594688     49287168
     1540224          512        3675.209   1577189376     98574336
     1693440            1         432.224      3386880       211680
     1693440            2         471.140      6773760       423360
     1693440            4         471.876     13547520       846720
     1693440            8         484.658     27095040      1693440
     1693440           16         425.248     54190080      3386880
     1693440           32         465.214    108380160      6773760
     1693440           64         535.596    216760320     13547520
     1693440          128        1342.646    433520640     27095040
     1693440          256        1759.800    867041280     54190080
     1693440          512        3941.478   1734082560    108380160
     1862784            1         478.280      3725568       232848
     1862784            2         466.253      7451136       465696
     1862784            4         382.356     14902272       931392
     1862784            8         374.291     29804544      1862784
     1862784           16         452.794     59609088      3725568
     1862784           32         487.652    119218176      7451136
     1862784           64         705.292    238436352     14902272
     1862784          128        1660.619    476872704     29804544
     1862784          256        2460.740    953745408     59609088
     1862784          512        4313.485   1907490816    119218176
     2048256            1         385.894      4096512       256032
     2048256            2         353.007      8193024       512064
     2048256            4         379.190     16386048      1024128
     2048256            8         452.660     32772096      2048256
     2048256           16         489.792     65544192      4096512
     2048256           32         547.236    131088384      8193024
     2048256           64         643.320    262176768     16386048
     2048256          128         887.902    524353536     32772096
     2048256          256        1962.978   1048707072     65544192
     2048256          512        3044.698   2097414144    131088384
     2252544            1         432.860      4505088       281568
     2252544            2         384.960      9010176       563136
     2252544            4         457.688     18020352      1126272
     2252544            8         484.699     36040704      2252544
     2252544           16         484.900     72081408      4505088
     2252544           32         588.306    144162816      9010176
     2252544           64         895.168    288325632     18020352
     2252544          128        1250.400    576651264     36040704
     2252544          256        1396.911   1153302528     72081408
     2477440            1         366.652      4954880       309680
     2477440            2           9.285      9909760       619360
     2477440            4         410.489     19819520      1238720
     2477440            8         411.176     39639040      2477440
     2477440           16         445.105     79278080      4954880
     2477440           32         607.680    158556160      9909760
     2477440           64         898.865    317112320     19819520
     2477440          128        2070.168    634224640     39639040
     2477440          256        2922.656   1268449280     79278080
     2724736            1         407.359      5449472       340592
     2724736            2         426.967     10898944       681184
     2724736            4         409.608     21797888      1362368
     2724736            8         442.907     43595776      2724736
     2724736           16         542.748     87191552      5449472
     2724736           32         860.586    174383104     10898944
     2724736           64         717.741    348766208     21797888
     2724736          128         768.460    697532416     43595776
     2724736          256        2877.219   1395064832     87191552
     2997120            1         442.864      5994240       374640
     2997120            2         411.052     11988480       749280
     2997120            4         451.446     23976960      1498560
     2997120            8         404.480     47953920      2997120
     2997120           16         500.320     95907840      5994240
     2997120           32         596.584    191815680     11988480
     2997120           64         868.444    383631360     23976960
     2997120          128        1178.626    767262720     47953920
     2997120          256        2060.533   1534525440     95907840
     3296384            1         444.469      6592768       412048
     3296384            2         381.724     13185536       824096
     3296384            4          19.600     26371072      1648192
     3296384            8         546.531     52742144      3296384
     3296384           16         562.800    105484288      6592768
     3296384           32         850.947    210968576     13185536
     3296384           64        1397.824    421937152     26371072
     3296384          128        2567.824    843874304     52742144
     3296384          256        4155.672   1687748608    105484288
     3625216            1         406.652      7250432       453152
     3625216            2         420.756     14500864       906304
     3625216            4         419.094     29001728      1812608
     3625216            8         479.829     58003456      3625216
     3625216           16         541.775    116006912      7250432
     3625216           32         724.909    232013824     14500864
     3625216           64        1303.408    464027648     29001728
     3625216          128        2204.245    928055296     58003456
     3625216          256        2444.856   1856110592    116006912
     3987200            1          10.700      7974400       498400
     3987200            2         382.342     15948800       996800
     3987200            4         439.073     31897600      1993600
     3987200            8         456.074     63795200      3987200
     3987200           16         565.127    127590400      7974400
     3987200           32         780.172    255180800     15948800
     3987200           64        2005.122    510361600     31897600
     3987200          128        1465.260   1020723200     63795200
     3987200          256        2663.115   2041446400    127590400
     4385920            1         450.143      8771840       548240
     4385920            2         472.269     17543680      1096480
     4385920            4         482.264     35087360      2192960
     4385920            8         431.207     70174720      4385920
     4385920           16         481.160    140349440      8771840
     4385920           32         631.580    280698880     17543680
     4385920           64        1055.105    561397760     35087360
     4385920          128        1584.896   1122795520     70174720
     4824064            1          15.128      9648128       603008
     4824064            2         521.228     19296256      1206016
     4824064            4         485.628     38592512      2412032
     4824064            8         559.193     77185024      4824064
     4824064           16         608.810    154370048      9648128
     4824064           32        1030.918    308740096     19296256
     4824064           64        1706.056    617480192     38592512
     4824064          128        2782.129   1234960384     77185024
     5306112            1         460.837     10612224       663264
     5306112            2         484.582     21224448      1326528
     5306112            4         383.494     42448896      2653056
     5306112            8         441.330     84897792      5306112
     5306112           16         659.688    169795584     10612224
     5306112           32        1053.230    339591168     21224448
     5306112           64        1817.380    679182336     42448896
     5306112          128        2910.483   1358364672     84897792
     5836544            1         388.324     11673088       729568
     5836544            2         448.291     23346176      1459136
     5836544            4         442.005     46692352      2918272
     5836544            8         549.864     93384704      5836544
     5836544           16         827.820    186769408     11673088
     5836544           32        1222.785    373538816     23346176
     5836544           64        2058.212    747077632     46692352
     5836544          128        4020.778   1494155264     93384704
     6419840            1         466.936     12839680       802480
     6419840            2         391.436     25679360      1604960
     6419840            4         410.440     51358720      3209920
     6419840            8         521.515    102717440      6419840
     6419840           16         706.016    205434880     12839680
     6419840           32        1076.738    410869760     25679360
     6419840           64        2176.584    821739520     51358720
     6419840          128        3765.654   1643479040    102717440
     7061376            1         422.630     14122752       882672
     7061376            2         430.564     28245504      1765344
     7061376            4         441.988     56491008      3530688
     7061376            8         514.976    112982016      7061376
     7061376           16         714.780    225964032     14122752
     7061376           32        1130.436    451928064     28245504
     7061376           64        1971.552    903856128     56491008
     7061376          128        4227.168   1807712256    112982016
     7767424            1         463.374     15534848       970928
     7767424            2         378.268     31069696      1941856
     7767424            4         470.118     62139392      3883712
     7767424            8         496.810    124278784      7767424
     7767424           16         856.621    248557568     15534848
     7767424           32        1524.280    497115136     31069696
     7767424           64        2421.582    994230272     62139392
     7767424          128        4576.779   1988460544    124278784
     8543360            1         450.820     17086720      1067920
     8543360            2         441.987     34173440      2135840
     8543360            4         470.988     68346880      4271680
     8543360            8         642.469    136693760      8543360
     8543360           16         864.209    273387520     17086720
     8543360           32        1623.179    546775040     34173440
     8543360           64        1794.774   1093550080     68346880
     9397248            1         448.783     18794496      1174656
     9397248            2         374.968     37588992      2349312
     9397248            4         421.414     75177984      4698624
     9397248            8         498.327    150355968      9397248
     9397248           16         734.620    300711936     18794496
     9397248           32        1582.735    601423872     37588992
     9397248           64        1726.664   1202847744     75177984
    10336256            1         472.788     20672512      1292032
    10336256            2         444.484     41345024      2584064
    10336256            4         470.226     82690048      5168128
    10336256            8         691.319    165380096     10336256
    10336256           16        1004.430    330760192     20672512
    10336256           32        1794.322    661520384     41345024
    10336256           64        3071.580   1323040768     82690048
    11369344            1         475.120     22738688      1421168
    11369344            2         406.995     45477376      2842336
    11369344            4         470.181     90954752      5684672
    11369344            8         532.466    181909504     11369344
    11369344           16         888.154    363819008     22738688
    11369344           32        2083.236    727638016     45477376
    11369344           64        3220.060   1455276032     90954752
    12505472            1         440.590     25010944      1563184
    12505472            2         463.128     50021888      3126368
    12505472            4         561.065    100043776      6252736
    12505472            8         606.795    200087552     12505472
    12505472           16         992.982    400175104     25010944
    12505472           32        1484.995    800350208     50021888
    12505472           64        2625.989   1600700416    100043776
    13755392            1          27.486     27510784      1719424
    13755392            2         471.064     55021568      3438848
    13755392            4         561.372    110043136      6877696
    13755392            8         741.640    220086272     13755392
    13755392           16        1205.667    440172544     27510784
    13755392           32        2036.916    880345088     55021568
    13755392           64        3948.256   1760690176    110043136
    15130752            1         445.400     30261504      1891344
    15130752            2         481.660     60523008      3782688
    15130752            4         548.944    121046016      7565376
    15130752            8         772.526    242092032     15130752
    15130752           16        1228.254    484184064     30261504
    15130752           32        2385.896    968368128     60523008
    15130752           64        4481.460   1936736256    121046016
    16643200            1         487.576     33286400      2080400
    16643200            2         494.962     66572800      4160800
    16643200            4         637.383    133145600      8321600
    16643200            8         858.416    266291200     16643200
    16643200           16        1360.393    532582400     33286400
    16643200           32        2745.455   1065164800     66572800
    16643200           64        4749.424   2130329600    133145600
    18307072            1         483.246     36614144      2288384
    18307072            2         457.667     73228288      4576768
    18307072            4         503.469    146456576      9153536
    18307072            8         948.035    292913152     18307072
    18307072           16        1370.798    585826304     36614144
    18307072           32        2838.125   1171652608     73228288
    20137600            1         471.875     40275200      2517200
    20137600            2         509.723     80550400      5034400
    20137600            4         680.055    161100800     10068800
    20137600            8         914.960    322201600     20137600
    20137600           16        1907.899    644403200     40275200
    20137600           32        3124.621   1288806400     80550400
    22150912            1         497.541     44301824      2768864
    22150912            2         508.600     88603648      5537728
    22150912            4         702.048    177207296     11075456
    22150912            8        1000.241    354414592     22150912
    22150912           16         998.851    708829184     44301824
    22150912           32        3266.145   1417658368     88603648
    24365824            1         503.240     48731648      3045728
    24365824            2         543.395     97463296      6091456
    24365824            4         772.288    194926592     12182912
    24365824            8         963.036    389853184     24365824
    24365824           16        1781.411    779706368     48731648
    24365824           32        3673.287   1559412736     97463296
    26802048            1         501.938     53604096      3350256
    26802048            2         568.858    107208192      6700512
    26802048            4         699.418    214416384     13401024
    26802048            8        1072.300    428832768     26802048
    26802048           16        1889.348    857665536     53604096
    26802048           32        3900.882   1715331072    107208192
    29481984            1         492.258     58963968      3685248
    29481984            2         490.578    117927936      7370496
    29481984            4         799.711    235855872     14740992
    29481984            8        1038.767    471711744     29481984
    29481984           16        2241.389    943423488     58963968
    29481984           32        4108.484   1886846976    117927936
    32429824            1         548.590     64859648      4053728
    32429824            2         562.542    129719296      8107456
    32429824            4         803.778    259438592     16214912
    32429824            8        1321.822    518877184     32429824
    32429824           16        2529.606   1037754368     64859648
    32429824           32        4639.476   2075508736    129719296
    35672448            1         490.930     71344896      4459056
    35672448            2         610.396    142689792      8918112
    35672448            4         975.961    285379584     17836224
    35672448            8        1693.278    570759168     35672448
    35672448           16        2737.538   1141518336     71344896
    39239424            1         549.311     78478848      4904928
    39239424            2         617.651    156957696      9809856
    39239424            4         808.964    313915392     19619712
    39239424            8        1104.233    627830784     39239424
    39239424           16        1960.315   1255661568     78478848
    43163008            1         664.990     86326016      5395376
    43163008            2         713.048    172652032     10790752
    43163008            4        1298.357    345304064     21581504
    43163008            8        1581.306    690608128     43163008
    43163008           16        3224.547   1381216256     86326016
    47479040            1         616.331     94958080      5934880
    47479040            2         808.380    189916160     11869760
    47479040            4        1147.391    379832320     23739520
    47479040            8        1880.205    759664640     47479040
    47479040           16        3623.392   1519329280     94958080
    52226944            1         637.288    104453888      6528368
    52226944            2         820.108    208907776     13056736
    52226944            4        1437.068    417815552     26113472
    52226944            8        2017.044    835631104     52226944
    52226944           16        3688.591   1671262208    104453888
    57448832            1         573.467    114897664      7181104
    57448832            2         775.051    229795328     14362208
    57448832            4        1304.378    459590656     28724416
    57448832            8        2017.673    919181312     57448832
    57448832           16        2302.149   1838362624    114897664
    63193088            1         621.761    126386176      7899136
    63193088            2         692.542    252772352     15798272
    63193088            4         921.738    505544704     31596544
    63193088            8        1468.100   1011089408     63193088
    63193088           16        2240.599   2022178816    126386176
    69511680            1         538.612    139023360      8688960
    69511680            2         589.942    278046720     17377920
    69511680            4        1393.567    556093440     34755840
    69511680            8        2662.948   1112186880     69511680
    76462848            1        1297.816    152925696      9557856
    76462848            2         983.640    305851392     19115712
    76462848            4        1606.838    611702784     38231424
    76462848            8        3256.784   1223405568     76462848
    84108416            1         979.460    168216832     10513552
    84108416            2         901.564    336433664     21027104
    84108416            4        1335.600    672867328     42054208
    84108416            8        2857.656   1345734656     84108416
    92519168            1        1538.790    185038336     11564896
    92519168            2        1810.951    370076672     23129792
    92519168            4        2125.951    740153344     46259584
    92519168            8        3818.516   1480306688     92519168
   101770368            1        1881.516    203540736     12721296
   101770368            2        2005.578    407081472     25442592
   101770368            4        2702.939    814162944     50885184
   101770368            8        5881.285   1628325888    101770368
   111947136            1        2760.273    223894272     13993392
   111947136            2        4908.123    447788544     27986784
   111947136            4        1772.765    895577088     55973568
   111947136            8        5149.249   1791154176    111947136
   123141760            1        1235.056    246283520     15392720
   123141760            2        1659.878    492567040     30785440
   123141760            4        2242.514    985134080     61570880
   123141760            8        6075.437   1970268160    123141760
   135455488            1        3602.324    270910976     16931936
   135455488            2        8881.675    541821952     33863872
   135455488            4       11329.137   1083643904     67727744
   149000320            1        5677.064    298000640     18625040
   149000320            2       10694.337    596001280     37250080
   149000320            4       15533.134   1192002560     74500160
   163899904            1        5928.364    327799808     20487488
   163899904            2       12397.211    655599616     40974976
   163899904            4       10352.434   1311199232     81949952
   180289536            1        6902.511    360579072     22536192
   180289536            2       12957.980    721158144     45072384
   180289536            4       17316.681   1442316288     90144768
   198317952            1        3154.815    396635904     24789744
   198317952            2        6918.535    793271808     49579488
   198317952            4       17986.032   1586543616     99158976
   218149120            1        4607.536    436298240     27268640
   218149120            2        8939.547    872596480     54537280
   218149120            4       23790.041   1745192960    109074560
   239964032            1        9523.581    479928064     29995504
   239964032            2       19468.640    959856128     59991008
   239964032            4       30070.783   1919712256    119982016
   263959808            1       10530.683    527919616     32994976
   263959808            2       20593.095   1055839232     65989952
   263959808            4       31653.679   2111678464    131979904
   290355072            1       12090.731    580710144     36294384
   290355072            2       23879.028   1161420288     72588768
   319389952            1       14026.123    638779904     39923744
   319389952            2       27555.811   1277559808     79847488
   351328768            1       12800.482    702657536     43916096
   351328768            2       24112.279   1405315072     87832192
   386460928            1       11528.067    772921856     48307616
   386460928            2       16988.577   1545843712     96615232
   425106304            1        9212.291    850212608     53138288
   425106304            2       34857.937   1700425216    106276576
   467616128            1       20313.527    935232256     58452016
   467616128            2       37421.386   1870464512    116904032
   514377472            1       10000.009   1028754944     64297184
   514377472            2       32786.528   2057509888    128594368
   565815040            1       13979.411   1131630080     70726880
   622396544            1       11814.524   1244793088     77799568
   684635392            1       20342.868   1369270784     85579424
   753098752            1       21214.613   1506197504     94137344
   828408448            1       32772.996   1656816896    103551056
   911249024            1       27533.014   1822498048    113906128
  1002373120            1       32248.234   2004746240    125296640

META_DATA
FLOPS          1
OPENMP_THREADS 112
ERT_VERSION  1.1.0
TIMESTAMP_DATA  1634099620.57
HOSTNAME  ('pmemMachine0', ['pmemMachine0.local'], ['fe80::f035:4ef3:770d:269e'])
UNAME  ('Linux', 'pmemMachine0', '5.9.13-derrick-pmo', '#120 SMP Tue Sep 28 02:02:07 EDT 2021', 'x86_64', 'x86_64')
CONFIG  {'ERT_WORKING_SET_MIN': ['1'], 'ERT_CFLAGS': ['-O3'], 'ERT_CC': ['gcc'], 'ERT_OPENMP_LDFLAGS': ['-fopenmp'], 'ERT_MEMORY_MAX': ['1073741824'], 'ERT_LDFLAGS': [], 'ERT_LDLIBS': [], 'ERT_SPEC_GBYTES_DRAM': ['300'], 'ERT_RUN': ['export', 'KMP_AFFINITY=scatter;', 'export', 'OMP_NUM_THREADS=ERT_OPENMP_THREADS;', 'ERT_CODE'], 'ERT_FLOPS': ['1,2,4,8,16'], 'ERT_OPENMP_CFLAGS': ['-fopenmp'], 'ERT_SPEC_GFLOPS': ['1000'], 'ERT_MPI': [False], 'ERT_TRIALS_MIN': ['1'], 'ERT_DRIVER': ['driver1'], 'ERT_RESULTS': ['Results.madonna.lbl.gov.02'], 'ERT_OPENMP': ['True'], 'ERT_OPENMP_THREADS': ['1,2,4,8,16,32,48,64,80,96,112,128,144,160'], 'ERT_KERNEL': ['kernel1'], 'ERT_GPU': [False], 'ERT_LD': ['gcc'], 'ERT_NUM_EXPERIMENTS': ['3'], 'ERT_ALIGN': ['32'], 'ERT_GNUPLOT': ['gnuplot']}
